0.00000000  42.279528
0.00002000  42.551278
0.00004000  42.80263
0.00006000  43.034983
0.00008000  43.250696
0.00010000  43.464793
0.00012000  43.72124
0.00014000  44.066638
0.00016000  44.533465
0.00018000  45.160695
0.00020000  45.992999
0.00022000  47.136833
0.00024000  48.912213
0.00026000  51.744429
0.00028000  56.237998
0.00030000  63.383244
0.00032000  74.872947
0.00034000  93.619708
0.00036000  124.531433
0.00038000  174.212427
0.00040000  247.546771
0.00042000  351.225029
0.00044000  506.803663
0.00046000  780.308375
0.00048000  1368.54442
0.00050000  2759.599717
0.00052000  5570.235668
0.00054000  9962.180606
0.00056000  14544.855589
0.00058000  16767.876611
0.00060000  14678.273361
0.00062000  9679.161681
0.00064000  5134.746457
0.00066000  2475.692419
0.00068000  1229.358558
0.00070000  658.931925
0.00072000  379.963578
0.00074000  232.912211
0.00076000  150.146777
0.00078000  101.287009
0.00080000  71.668743
0.00082000  53.358539
0.00084000  41.772036
0.00086000  34.231671
0.00088000  29.179762
0.00090000  25.702613
0.00092000  23.252035
0.00094000  21.490551
0.00096000  20.204034
0.00098000  19.251969
0.00100000  18.54
0.00102000  18.00348
0.00104000  17.597038
0.00106000  17.287893
0.00108000  17.052605
0.00110000  16.873151
0.00112000  16.736396
0.00114000  16.632378
0.00116000  16.553761
0.00118000  16.49473
0.00120000  16.450991
0.00122000  16.419255
0.00124000  16.396849
0.00126000  16.38159
0.00128000  16.37199
0.00130000  16.366571
0.00132000  16.364314
0.00134000  16.364201
0.00136000  16.365443
0.00138000  16.367474
0.00140000  16.369506
0.00142000  16.371651
0.00144000  16.373684
0.00146000  16.375604
0.00148000  16.377298
0.00150000  16.378653
0.00152000  16.37967
0.00154000  16.380461
0.00156000  16.380912
0.00158000  16.381138
0.00160000  16.381251
0.00162000  16.381025
0.00164000  16.380686
0.00166000  16.380235
0.00168000  16.37967
0.00170000  16.378992
0.00172000  16.378314
0.00174000  16.377524
0.00176000  16.37662
0.00178000  16.375717
0.00180000  16.3747
0.00182000  16.373797
0.00184000  16.37278
0.00186000  16.371651
0.00188000  16.370635
0.00190000  16.369506
0.00192000  16.368377
0.00194000  16.367249
0.00196000  16.36612
0.00198000  16.364878
0.00200000  16.363637
0.00202000  16.362508
0.00204000  16.361267
0.00206000  16.359913
0.00208000  16.358672
0.00210000  16.357431
0.00212000  16.356077
0.00214000  16.354837
0.00216000  16.353483
0.00218000  16.35213
0.00220000  16.350777
0.00222000  16.349424
0.00224000  16.347958
0.00226000  16.346605
0.00228000  16.345139
0.00230000  16.343787
0.00232000  16.342322
0.00234000  16.340856
0.00236000  16.339392
0.00238000  16.337927
0.00240000  16.336462
0.00242000  16.334997
0.00244000  16.333533
0.00246000  16.331956
0.00248000  16.330492
0.00250000  16.328915
0.00252000  16.327339
0.00254000  16.325762
0.00256000  16.324299
0.00258000  16.322723
0.00260000  16.321147
0.00262000  16.319458
0.00264000  16.317883
0.00266000  16.316307
0.00268000  16.314732
0.00270000  16.313044
0.00272000  16.311469
0.00274000  16.309782
0.00276000  16.308095
0.00278000  16.30652
0.00280000  16.304834
0.00282000  16.303147
0.00284000  16.301461
0.00286000  16.299774
0.00288000  16.298088
0.00290000  16.296402
0.00292000  16.294717
0.00294000  16.293031
0.00296000  16.291346
0.00298000  16.28966
0.00300000  16.287863
0.00302000  16.318441429411767
0.00304000  16.34901985882353
0.00306000  16.379598288235297
0.00308000  16.41017671764706
0.00310000  16.440755147058827
0.00312000  16.471333576470588
0.00314000  16.501912005882353
0.00316000  16.532490435294118
0.00318000  16.563068864705883
0.00320000  16.59364729411765
0.00322000  16.624225723529413
0.00324000  16.65480415294118
0.00326000  16.685382582352943
0.00328000  16.71596101176471
0.00330000  16.746539441176473
0.00332000  16.77711787058824
0.00334000  16.8076963
0.00336000  16.838274729411765
0.00338000  16.86885315882353
0.00340000  16.899431588235295
0.00342000  16.93001001764706
0.00344000  16.960588447058825
0.00346000  16.99116687647059
0.00348000  17.021745305882355
0.00350000  17.05232373529412
0.00352000  17.082902164705885
0.00354000  17.11348059411765
0.00356000  17.14405902352941
0.00358000  17.174637452941177
0.00360000  17.20521588235294
0.00362000  17.235794311764707
0.00364000  17.266372741176472
0.00366000  17.296951170588237
0.00368000  17.327529600000002
0.00370000  17.358108029411767
0.00372000  17.388686458823532
0.00374000  17.419264888235297
0.00376000  17.44984331764706
0.00378000  17.480421747058823
0.00380000  17.51100017647059
0.00382000  17.541578605882354
0.00384000  17.57215703529412
0.00386000  17.602735464705884
0.00388000  17.63331389411765
0.00390000  17.663892323529414
0.00392000  17.69447075294118
0.00394000  17.725049182352944
0.00396000  17.75562761176471
0.00398000  17.78620604117647
0.00400000  17.816784470588235
0.00402000  17.8473629
0.00404000  17.877941329411765
0.00406000  17.90851975882353
0.00408000  17.939098188235295
0.00410000  17.96967661764706
0.00412000  18.000255047058825
0.00414000  18.03083347647059
0.00416000  18.061411905882355
0.00418000  18.09199033529412
0.00420000  18.122568764705882
0.00422000  18.153147194117647
0.00424000  18.183725623529412
0.00426000  18.214304052941177
0.00428000  18.244882482352942
0.00430000  18.275460911764707
0.00432000  18.306039341176472
0.00434000  18.336617770588237
0.00436000  18.367196200000002
0.00438000  18.397774629411767
0.00440000  18.428353058823532
0.00442000  18.458931488235294
0.00444000  18.48950991764706
0.00446000  18.520088347058824
0.00448000  18.55066677647059
0.00450000  18.581245205882354
0.00452000  18.61182363529412
0.00454000  18.642402064705884
0.00456000  18.67298049411765
0.00458000  18.703558923529414
0.00460000  18.73413735294118
0.00462000  18.764715782352944
0.00464000  18.795294211764705
0.00466000  18.82587264117647
0.00468000  18.856451070588236
0.00470000  18.8870295
0.00472000  18.917607929411766
0.00474000  18.94818635882353
0.00476000  18.978764788235296
0.00478000  19.00934321764706
0.00480000  19.039921647058826
0.00482000  19.07050007647059
0.00484000  19.101078505882356
0.00486000  19.131656935294117
0.00488000  19.162235364705882
0.00490000  19.192813794117647
0.00492000  19.223392223529412
0.00494000  19.253970652941177
0.00496000  19.284549082352942
0.00498000  19.315127511764707
0.00500000  19.345705941176472
0.00502000  19.376284370588237
0.00504000  19.406862800000003
0.00506000  19.437441229411768
0.00508000  19.46801965882353
0.00510000  19.498598088235294
0.00512000  19.52917651764706
0.00514000  19.559754947058824
0.00516000  19.59033337647059
0.00518000  19.620911805882354
0.00520000  19.65149023529412
0.00522000  19.682068664705884
0.00524000  19.71264709411765
0.00526000  19.743225523529414
0.00528000  19.77380395294118
0.00530000  19.80438238235294
0.00532000  19.834960811764706
0.00534000  19.86553924117647
0.00536000  19.896117670588236
0.00538000  19.9266961
0.00540000  19.957274529411766
0.00542000  19.98785295882353
0.00544000  20.018431388235296
0.00546000  20.04900981764706
0.00548000  20.079588247058826
0.00550000  20.11016667647059
0.00552000  20.140745105882353
0.00554000  20.171323535294118
0.00556000  20.201901964705883
0.00558000  20.232480394117648
0.00560000  20.263058823529413
0.00562000  20.293637252941178
0.00564000  20.324215682352943
0.00566000  20.354794111764708
0.00568000  20.385372541176473
0.00570000  20.415950970588234
0.00572000  20.446529400000003
0.00574000  20.477107829411764
0.00576000  20.50768625882353
0.00578000  20.538264688235294
0.00580000  20.56884311764706
0.00582000  20.599421547058824
0.00584000  20.62999997647059
0.00586000  20.660578405882355
0.00588000  20.69115683529412
0.00590000  20.721735264705885
0.00592000  20.752313694117646
0.00594000  20.782892123529415
0.00596000  20.813470552941176
0.00598000  20.84404898235294
0.00600000  20.874627411764706
0.00602000  20.90520584117647
0.00604000  20.935784270588236
0.00606000  20.9663627
0.00608000  20.996941129411766
0.00610000  21.02751955882353
0.00612000  21.058097988235296
0.00614000  21.088676417647058
0.00616000  21.119254847058826
0.00618000  21.149833276470588
0.00620000  21.180411705882353
0.00622000  21.210990135294118
0.00624000  21.241568564705883
0.00626000  21.272146994117648
0.00628000  21.302725423529413
0.00630000  21.333303852941178
0.00632000  21.363882282352943
0.00634000  21.394460711764708
0.00636000  21.42503914117647
0.00638000  21.455617570588238
0.00640000  21.486196
0.00642000  21.516774429411765
0.00644000  21.54735285882353
0.00646000  21.577931288235295
0.00648000  21.60850971764706
0.00650000  21.639088147058825
0.00652000  21.66966657647059
0.00654000  21.700245005882355
0.00656000  21.73082343529412
0.00658000  21.76140186470588
0.00660000  21.79198029411765
0.00662000  21.82255872352941
0.00664000  21.853137152941176
0.00666000  21.88371558235294
0.00668000  21.914294011764706
0.00670000  21.94487244117647
0.00672000  21.975450870588237
0.00674000  22.0060293
0.00676000  22.036607729411767
0.00678000  22.06718615882353
0.00680000  22.097764588235293
0.00682000  22.12834301764706
0.00684000  22.158921447058823
0.00686000  22.189499876470588
0.00688000  22.220078305882353
0.00690000  22.25065673529412
0.00692000  22.281235164705883
0.00694000  22.31181359411765
0.00696000  22.342392023529413
0.00698000  22.37297045294118
0.00700000  22.403548882352943
0.00702000  22.434127311764705
0.00704000  22.464705741176473
0.00706000  22.495284170588235
0.00708000  22.5258626
0.00710000  22.556441029411765
0.00712000  22.58701945882353
0.00714000  22.617597888235295
0.00716000  22.64817631764706
0.00718000  22.678754747058825
0.00720000  22.70933317647059
0.00722000  22.739911605882355
0.00724000  22.770490035294117
0.00726000  22.801068464705885
0.00728000  22.831646894117647
0.00730000  22.86222532352941
0.00732000  22.892803752941177
0.00734000  22.923382182352942
0.00736000  22.953960611764707
0.00738000  22.984539041176472
0.00740000  23.015117470588237
0.00742000  23.045695900000002
0.00744000  23.076274329411767
0.00746000  23.10685275882353
0.00748000  23.137431188235297
0.00750000  23.16800961764706
0.00752000  23.198588047058823
0.00754000  23.22916647647059
0.00756000  23.259744905882354
0.00758000  23.29032333529412
0.00760000  23.320901764705884
0.00762000  23.35148019411765
0.00764000  23.382058623529414
0.00766000  23.41263705294118
0.00768000  23.44321548235294
0.00770000  23.47379391176471
0.00772000  23.50437234117647
0.00774000  23.534950770588235
0.00776000  23.5655292
0.00778000  23.596107629411765
0.00780000  23.62668605882353
0.00782000  23.657264488235295
0.00784000  23.68784291764706
0.00786000  23.718421347058825
0.00788000  23.74899977647059
0.00790000  23.779578205882352
0.00792000  23.81015663529412
0.00794000  23.840735064705882
0.00796000  23.871313494117647
0.00798000  23.901891923529412
0.00800000  23.932470352941177
0.00802000  23.963048782352942
0.00804000  23.993627211764707
0.00806000  24.024205641176472
0.00808000  24.054784070588237
0.00810000  24.085362500000002
0.00812000  24.115940929411764
0.00814000  24.146519358823532
0.00816000  24.177097788235294
0.00818000  24.20767621764706
0.00820000  24.238254647058824
0.00822000  24.26883307647059
0.00824000  24.299411505882354
0.00826000  24.32998993529412
0.00828000  24.360568364705884
0.00830000  24.391146794117645
0.00832000  24.421725223529414
0.00834000  24.452303652941175
0.00836000  24.482882082352944
0.00838000  24.513460511764706
0.00840000  24.54403894117647
0.00842000  24.574617370588236
0.00844000  24.6051958
0.00846000  24.635774229411766
0.00848000  24.66635265882353
0.00850000  24.696931088235296
0.00852000  24.727509517647057
0.00854000  24.758087947058826
0.00856000  24.788666376470587
0.00858000  24.819244805882356
0.00860000  24.849823235294117
0.00862000  24.880401664705882
0.00864000  24.910980094117647
0.00866000  24.941558523529412
0.00868000  24.972136952941177
0.00870000  25.002715382352942
0.00872000  25.033293811764707
0.00874000  25.06387224117647
0.00876000  25.094450670588238
0.00878000  25.1250291
0.00880000  25.155607529411768
0.00882000  25.18618595882353
0.00884000  25.216764388235294
0.00886000  25.24734281764706
0.00888000  25.277921247058824
0.00890000  25.30849967647059
0.00892000  25.339078105882354
0.00894000  25.36965653529412
0.00896000  25.40023496470588
0.00898000  25.43081339411765
0.00900000  25.46139182352941
0.00902000  25.49197025294118
0.00904000  25.52254868235294
0.00906000  25.553127111764706
0.00908000  25.58370554117647
0.00910000  25.614283970588236
0.00912000  25.6448624
0.00914000  25.675440829411766
0.00916000  25.70601925882353
0.00918000  25.736597688235292
0.00920000  25.76717611764706
0.00922000  25.797754547058823
0.00924000  25.82833297647059
0.00926000  25.858911405882353
0.00928000  25.889489835294118
0.00930000  25.920068264705883
0.00932000  25.950646694117648
0.00934000  25.981225123529413
0.00936000  26.011803552941178
0.00938000  26.042381982352943
0.00940000  26.072960411764704
0.00942000  26.103538841176473
0.00944000  26.134117270588234
0.00946000  26.164695700000003
0.00948000  26.195274129411764
0.00950000  26.22585255882353
0.00952000  26.256430988235294
0.00954000  26.28700941764706
0.00956000  26.317587847058824
0.00958000  26.34816627647059
0.00960000  26.378744705882355
0.00962000  26.409323135294116
0.00964000  26.439901564705885
0.00966000  26.470479994117646
0.00968000  26.501058423529415
0.00970000  26.531636852941176
0.00972000  26.56221528235294
0.00974000  26.592793711764706
0.00976000  26.62337214117647
0.00978000  26.653950570588236
0.00980000  26.684529
0.00982000  26.715107429411766
0.00984000  26.745685858823528
0.00986000  26.776264288235296
0.00988000  26.806842717647058
0.00990000  26.837421147058826
0.00992000  26.867999576470588
0.00994000  26.898578005882353
0.00996000  26.929156435294118
0.00998000  26.959734864705883
0.01000000  26.990313294117648
0.01002000  27.020891723529413
0.01004000  27.051470152941178
0.01006000  27.08204858235294
0.01008000  27.112627011764708
0.01010000  27.14320544117647
0.01012000  27.173783870588238
0.01014000  27.2043623
0.01016000  27.234940729411765
0.01018000  27.26551915882353
0.01020000  27.296097588235295
0.01022000  27.32667601764706
0.01024000  27.357254447058825
0.01026000  27.38783287647059
0.01028000  27.41841130588235
0.01030000  27.44898973529412
0.01032000  27.47956816470588
0.01034000  27.51014659411765
0.01036000  27.54072502352941
0.01038000  27.571303452941176
0.01040000  27.60188188235294
0.01042000  27.632460311764707
0.01044000  27.66303874117647
0.01046000  27.693617170588237
0.01048000  27.7241956
0.01050000  27.754774029411763
0.01052000  27.78535245882353
0.01054000  27.815930888235293
0.01056000  27.84650931764706
0.01058000  27.877087747058823
0.01060000  27.90766617647059
0.01062000  27.938244605882353
0.01064000  27.96882303529412
0.01066000  27.999401464705883
0.01068000  28.02997989411765
0.01070000  28.060558323529413
0.01072000  28.091136752941175
0.01074000  28.121715182352943
0.01076000  28.152293611764705
0.01078000  28.182872041176473
0.01080000  28.213450470588235
0.01082000  28.2440289
0.01084000  28.274607329411765
0.01086000  28.30518575882353
0.01088000  28.335764188235295
0.01090000  28.366342617647057
0.01092000  28.396921047058825
0.01094000  28.427499476470587
0.01096000  28.458077905882355
0.01098000  28.488656335294117
0.01100000  28.519234764705885
0.01102000  28.549813194117647
0.01104000  28.58039162352941
0.01106000  28.610970052941177
0.01108000  28.641548482352942
0.01110000  28.672126911764707
0.01112000  28.70270534117647
0.01114000  28.733283770588237
0.01116000  28.7638622
0.01118000  28.794440629411767
0.01120000  28.82501905882353
0.01122000  28.855597488235297
0.01124000  28.88617591764706
0.01126000  28.916754347058824
0.01128000  28.94733277647059
0.01130000  28.977911205882354
0.01132000  29.00848963529412
0.01134000  29.03906806470588
0.01136000  29.06964649411765
0.01138000  29.10022492352941
0.01140000  29.13080335294118
0.01142000  29.16138178235294
0.01144000  29.19196021176471
0.01146000  29.22253864117647
0.01148000  29.253117070588235
0.01150000  29.2836955
0.01152000  29.314273929411765
0.01154000  29.34485235882353
0.01156000  29.375430788235292
0.01158000  29.40600921764706
0.01160000  29.436587647058822
0.01162000  29.46716607647059
0.01164000  29.497744505882352
0.01166000  29.52832293529412
0.01168000  29.558901364705882
0.01170000  29.589479794117647
0.01172000  29.620058223529412
0.01174000  29.650636652941177
0.01176000  29.681215082352942
0.01178000  29.711793511764704
0.01180000  29.742371941176472
0.01182000  29.772950370588234
0.01184000  29.803528800000002
0.01186000  29.834107229411764
0.01188000  29.86468565882353
0.01190000  29.895264088235294
0.01192000  29.92584251764706
0.01194000  29.956420947058824
0.01196000  29.98699937647059
0.01198000  30.017577805882354
0.01200000  30.048156235294115
0.01202000  30.078734664705884
0.01204000  30.109313094117645
0.01206000  30.139891523529414
0.01208000  30.170469952941176
0.01210000  30.20104838235294
0.01212000  30.231626811764706
0.01214000  30.26220524117647
0.01216000  30.292783670588236
0.01218000  30.3233621
0.01220000  30.353940529411766
0.01222000  30.384518958823527
0.01224000  30.415097388235296
0.01226000  30.445675817647057
0.01228000  30.476254247058826
0.01230000  30.506832676470587
0.01232000  30.537411105882352
0.01234000  30.567989535294117
0.01236000  30.598567964705882
0.01238000  30.629146394117647
0.01240000  30.659724823529412
0.01242000  30.690303252941177
0.01244000  30.72088168235294
0.01246000  30.751460111764708
0.01248000  30.78203854117647
0.01250000  30.812616970588238
0.01252000  30.8431954
0.01254000  30.873773829411764
0.01256000  30.90435225882353
0.01258000  30.934930688235294
0.01260000  30.96550911764706
0.01262000  30.996087547058824
0.01264000  31.02666597647059
0.01266000  31.05724440588235
0.01268000  31.08782283529412
0.01270000  31.11840126470588
0.01272000  31.14897969411765
0.01274000  31.17955812352941
0.01276000  31.210136552941176
0.01278000  31.24071498235294
0.01280000  31.271293411764706
0.01282000  31.30187184117647
0.01284000  31.332450270588236
0.01286000  31.3630287
0.01288000  31.393607129411762
0.01290000  31.42418555882353
0.01292000  31.454763988235293
0.01294000  31.48534241764706
0.01296000  31.515920847058823
0.01298000  31.546499276470588
0.01300000  31.577077705882353
0.01302000  31.607656135294118
0.01304000  31.638234564705883
0.01306000  31.668812994117648
0.01308000  31.699391423529413
0.01310000  31.729969852941174
0.01312000  31.760548282352943
0.01314000  31.791126711764704
0.01316000  31.821705141176473
0.01318000  31.852283570588234
0.01320000  31.882862
0.01322000  31.913440429411764
0.01324000  31.94401885882353
0.01326000  31.974597288235294
0.01328000  32.00517571764706
0.01330000  32.035754147058825
0.01332000  32.066332576470586
0.01334000  32.096911005882355
0.01336000  32.127489435294116
0.01338000  32.158067864705885
0.01340000  32.188646294117646
0.01342000  32.21922472352941
0.01344000  32.249803152941176
0.01346000  32.280381582352945
0.01348000  32.310960011764706
0.01350000  32.34153844117647
0.01352000  32.372116870588236
0.01354000  32.402695300000005
0.01356000  32.433273729411766
0.01358000  32.46385215882353
0.01360000  32.49443058823529
0.01362000  32.52500901764706
0.01364000  32.55558744705883
0.01366000  32.58616587647059
0.01368000  32.61674430588235
0.01370000  32.64732273529412
0.01372000  32.67790116470589
0.01374000  32.70847959411765
0.01376000  32.73905802352941
0.01378000  32.76963645294118
0.01380000  32.80021488235294
0.01382000  32.83079331176471
0.01384000  32.86137174117647
0.01386000  32.89195017058823
0.01388000  32.9225286
0.01390000  32.95310702941177
0.01392000  32.98368545882353
0.01394000  33.01426388823529
0.01396000  33.04484231764706
0.01398000  33.07542074705883
0.01400000  33.10599917647059
0.01402000  33.13657760588235
0.01404000  33.16715603529411
0.01406000  33.19773446470588
0.01408000  33.22831289411765
0.01410000  33.25889132352941
0.01412000  33.28946975294117
0.01414000  33.32004818235294
0.01416000  33.35062661176471
0.01418000  33.38120504117647
0.01420000  33.41178347058823
0.01422000  33.4423619
0.01424000  33.47294032941176
0.01426000  33.50351875882353
0.01428000  33.53409718823529
0.01430000  33.564675617647055
0.01432000  33.59525404705882
0.01434000  33.62583247647059
0.01436000  33.65641090588235
0.01438000  33.686989335294115
0.01440000  33.71756776470588
0.01442000  33.74814619411765
0.01444000  33.77872462352941
0.01446000  33.809303052941175
0.01448000  33.839881482352936
0.01450000  33.870459911764705
0.01452000  33.90103834117647
0.01454000  33.931616770588235
0.01456000  33.9621952
0.01458000  33.992773629411765
0.01460000  34.023352058823534
0.01462000  34.053930488235295
0.01464000  34.08450891764706
0.01466000  34.11508734705882
0.01468000  34.14566577647059
0.01470000  34.176244205882355
0.01472000  34.20682263529412
0.01474000  34.23740106470588
0.01476000  34.26797949411765
0.01478000  34.298557923529415
0.01480000  34.32913635294118
0.01482000  34.35971478235294
0.01484000  34.39029321176471
0.01486000  34.420871641176475
0.01488000  34.45145007058824
0.01490000  34.4820285
0.01492000  34.51260692941176
0.01494000  34.54318535882353
0.01496000  34.5737637882353
0.01498000  34.60434221764706
0.01500000  34.63492064705882
0.01502000  34.66549907647059
0.01504000  34.69607750588236
0.01506000  34.72665593529412
0.01508000  34.75723436470588
0.01510000  34.78781279411764
0.01512000  34.81839122352941
0.01514000  34.84896965294118
0.01516000  34.87954808235294
0.01518000  34.9101265117647
0.01520000  34.94070494117647
0.01522000  34.97128337058824
0.01524000  35.0018618
0.01526000  35.03244022941176
0.01528000  35.06301865882353
0.01530000  35.0935970882353
0.01532000  35.12417551764706
0.01534000  35.15475394705882
0.01536000  35.18533237647058
0.01538000  35.21591080588235
0.01540000  35.24648923529412
0.01542000  35.27706766470588
0.01544000  35.30764609411764
0.01546000  35.33822452352941
0.01548000  35.36880295294118
0.01550000  35.39938138235294
0.01552000  35.429959811764704
0.01554000  35.460538241176465
0.01556000  35.491116670588234
0.01558000  35.5216951
0.01560000  35.552273529411764
0.01562000  35.582851958823525
0.01564000  35.613430388235294
0.01566000  35.64400881764706
0.01568000  35.674587247058824
0.01570000  35.705165676470585
0.01572000  35.735744105882354
0.01574000  35.76632253529412
0.01576000  35.796900964705884
0.01578000  35.827479394117645
0.01580000  35.85805782352941
0.01582000  35.888636252941176
0.01584000  35.919214682352944
0.01586000  35.949793111764706
0.01588000  35.98037154117647
0.01590000  36.010949970588236
0.01592000  36.041528400000004
0.01594000  36.072106829411766
0.01596000  36.10268525882353
0.01598000  36.13326368823529
0.01600000  36.16384211764706
0.01602000  36.194420547058826
0.01604000  36.22499897647059
0.01606000  36.25557740588235
0.01608000  36.28615583529412
0.01610000  36.316734264705886
0.01612000  36.34731269411765
0.01614000  36.37789112352941
0.01616000  36.40846955294118
0.01618000  36.439047982352946
0.01620000  36.46962641176471
0.01622000  36.50020484117647
0.01624000  36.53078327058823
0.01626000  36.5613617
0.01628000  36.59194012941177
0.01630000  36.62251855882353
0.01632000  36.65309698823529
0.01634000  36.68367541764706
0.01636000  36.71425384705883
0.01638000  36.74483227647059
0.01640000  36.77541070588235
0.01642000  36.80598913529411
0.01644000  36.83656756470588
0.01646000  36.86714599411765
0.01648000  36.89772442352941
0.01650000  36.92830285294117
0.01652000  36.95888128235294
0.01654000  36.98945971176471
0.01656000  37.02003814117647
0.01658000  37.05061657058823
0.01660000  37.081195
0.01662000  37.11177342941176
0.01664000  37.14235185882353
0.01666000  37.17293028823529
0.01668000  37.203508717647054
0.01670000  37.23408714705882
0.01672000  37.26466557647059
0.01674000  37.29524400588235
0.01676000  37.325822435294114
0.01678000  37.35640086470588
0.01680000  37.38697929411765
0.01682000  37.41755772352941
0.01684000  37.448136152941174
0.01686000  37.478714582352936
0.01688000  37.509293011764704
0.01690000  37.53987144117647
0.01692000  37.570449870588234
0.01694000  37.601028299999996
0.01696000  37.631606729411764
0.01698000  37.66218515882353
0.01700000  37.692763588235294
0.01702000  37.723342017647056
0.01704000  37.753920447058825
0.01706000  37.784498876470586
0.01708000  37.815077305882355
0.01710000  37.845655735294116
0.01712000  37.87623416470588
0.01714000  37.906812594117646
0.01716000  37.937391023529415
0.01718000  37.967969452941176
0.01720000  37.99854788235294
0.01722000  38.029126311764706
0.01724000  38.059704741176475
0.01726000  38.090283170588236
0.01728000  38.1208616
0.01730000  38.15144002941176
0.01732000  38.18201845882353
0.01734000  38.212596888235296
0.01736000  38.24317531764706
0.01738000  38.27375374705882
0.01740000  38.30433217647059
0.01742000  38.33491060588236
0.01744000  38.36548903529412
0.01746000  38.39606746470588
0.01748000  38.42664589411765
0.01750000  38.45722432352941
0.01752000  38.48780275294118
0.01754000  38.51838118235294
0.01756000  38.5489596117647
0.01758000  38.57953804117647
0.01760000  38.61011647058824
0.01762000  38.6406949
0.01764000  38.67127332941176
0.01766000  38.70185175882353
0.01768000  38.7324301882353
0.01770000  38.76300861764706
0.01772000  38.79358704705882
0.01774000  38.82416547647058
0.01776000  38.85474390588235
0.01778000  38.88532233529412
0.01780000  38.91590076470588
0.01782000  38.94647919411764
0.01784000  38.97705762352941
0.01786000  39.00763605294118
0.01788000  39.03821448235294
0.01790000  39.0687929117647
0.01792000  39.09937134117647
0.01794000  39.12994977058823
0.01796000  39.1605282
0.01798000  39.19110662941176
0.01800000  39.221685058823525
0.01802000  39.25226348823529
0.01804000  39.28284191764706
0.01806000  39.31342034705882
0.01808000  39.343998776470585
0.01810000  39.37457720588235
0.01812000  39.40515563529412
0.01814000  39.43573406470588
0.01816000  39.466312494117645
0.01818000  39.496890923529406
0.01820000  39.527469352941175
0.01822000  39.55804778235294
0.01824000  39.588626211764705
0.01826000  39.61920464117647
0.01828000  39.649783070588235
0.01830000  39.680361500000004
0.01832000  39.710939929411765
0.01834000  39.74151835882353
0.01836000  39.772096788235295
0.01838000  39.80267521764706
0.01840000  39.833253647058825
0.01842000  39.86383207647059
0.01844000  39.89441050588235
0.01846000  39.92498893529412
0.01848000  39.955567364705885
0.01850000  39.98614579411765
0.01852000  40.01672422352941
0.01854000  40.04730265294118
0.01856000  40.077881082352945
0.01858000  40.10845951176471
0.01860000  40.13903794117647
0.01862000  40.16961637058823
0.01864000  40.2001948
0.01866000  40.23077322941177
0.01868000  40.26135165882353
0.01870000  40.29193008823529
0.01872000  40.32250851764706
0.01874000  40.35308694705883
0.01876000  40.38366537647059
0.01878000  40.41424380588235
0.01880000  40.44482223529411
0.01882000  40.47540066470588
0.01884000  40.50597909411765
0.01886000  40.53655752352941
0.01888000  40.56713595294117
0.01890000  40.59771438235294
0.01892000  40.62829281176471
0.01894000  40.65887124117647
0.01896000  40.68944967058823
0.01898000  40.7200281
0.01900000  40.75060652941177
0.01902000  40.78118495882353
0.01904000  40.81176338823529
0.01906000  40.84234181764705
0.01908000  40.87292024705882
0.01910000  40.90349867647059
0.01912000  40.93407710588235
0.01914000  40.96465553529411
0.01916000  40.99523396470588
0.01918000  41.02581239411765
0.01920000  41.05639082352941
0.01922000  41.086969252941174
0.01924000  41.117547682352935
0.01926000  41.148126111764704
0.01928000  41.17870454117647
0.01930000  41.209282970588234
0.01932000  41.239861399999995
0.01934000  41.270439829411764
0.01936000  41.30101825882353
0.01938000  41.331596688235294
0.01940000  41.362175117647055
0.01942000  41.392753547058824
0.01944000  41.42333197647059
0.01946000  41.453910405882354
0.01948000  41.484488835294115
0.01950000  41.51506726470588
0.01952000  41.545645694117646
0.01954000  41.576224123529414
0.01956000  41.606802552941176
0.01958000  41.63738098235294
0.01960000  41.667959411764706
0.01962000  41.698537841176474
0.01964000  41.729116270588236
0.01966000  41.7596947
0.01968000  41.79027312941176
0.01970000  41.82085155882353
0.01972000  41.851429988235296
0.01974000  41.88200841764706
0.01976000  41.91258684705882
0.01978000  41.94316527647059
0.01980000  41.973743705882356
0.01982000  42.00432213529412
0.01984000  42.03490056470588
0.01986000  42.06547899411765
0.01988000  42.096057423529416
0.01990000  42.12663585294118
0.01992000  42.15721428235294
0.01994000  42.1877927117647
0.01996000  42.21837114117647
0.01998000  42.24894957058824
0.02000000  42.279528
0.02002000  42.551278
0.02004000  42.80263
0.02006000  43.034983
0.02008000  43.250696
0.02010000  43.464793
0.02012000  43.72124
0.02014000  44.066638
0.02016000  44.533465
0.02018000  45.160695
0.02020000  45.992999
0.02022000  47.136833
0.02024000  48.912213
0.02026000  51.744429
0.02028000  56.237998
0.02030000  63.383244
0.02032000  74.872947
0.02034000  93.619708
0.02036000  124.531433
0.02038000  174.212427
0.02040000  247.546771
0.02042000  351.225029
0.02044000  506.803663
0.02046000  780.308375
0.02048000  1368.54442
0.02050000  2759.599717
0.02052000  5570.235668
0.02054000  9962.180606
0.02056000  14544.855589
0.02058000  16767.876611
0.02060000  14678.273361
0.02062000  9679.161681
0.02064000  5134.746457
0.02066000  2475.692419
0.02068000  1229.358558
0.02070000  658.931925
0.02072000  379.963578
0.02074000  232.912211
0.02076000  150.146777
0.02078000  101.287009
0.02080000  71.668743
0.02082000  53.358539
0.02084000  41.772036
0.02086000  34.231671
0.02088000  29.179762
0.02090000  25.702613
0.02092000  23.252035
0.02094000  21.490551
0.02096000  20.204034
0.02098000  19.251969
0.02100000  18.54
0.02102000  18.00348
0.02104000  17.597038
0.02106000  17.287893
0.02108000  17.052605
0.02110000  16.873151
0.02112000  16.736396
0.02114000  16.632378
0.02116000  16.553761
0.02118000  16.49473
0.02120000  16.450991
0.02122000  16.419255
0.02124000  16.396849
0.02126000  16.38159
0.02128000  16.37199
0.02130000  16.366571
0.02132000  16.364314
0.02134000  16.364201
0.02136000  16.365443
0.02138000  16.367474
0.02140000  16.369506
0.02142000  16.371651
0.02144000  16.373684
0.02146000  16.375604
0.02148000  16.377298
0.02150000  16.378653
0.02152000  16.37967
0.02154000  16.380461
0.02156000  16.380912
0.02158000  16.381138
0.02160000  16.381251
0.02162000  16.381025
0.02164000  16.380686
0.02166000  16.380235
0.02168000  16.37967
0.02170000  16.378992
0.02172000  16.378314
0.02174000  16.377524
0.02176000  16.37662
0.02178000  16.375717
0.02180000  16.3747
0.02182000  16.373797
0.02184000  16.37278
0.02186000  16.371651
0.02188000  16.370635
0.02190000  16.369506
0.02192000  16.368377
0.02194000  16.367249
0.02196000  16.36612
0.02198000  16.364878
0.02200000  16.363637
0.02202000  16.362508
0.02204000  16.361267
0.02206000  16.359913
0.02208000  16.358672
0.02210000  16.357431
0.02212000  16.356077
0.02214000  16.354837
0.02216000  16.353483
0.02218000  16.35213
0.02220000  16.350777
0.02222000  16.349424
0.02224000  16.347958
0.02226000  16.346605
0.02228000  16.345139
0.02230000  16.343787
0.02232000  16.342322
0.02234000  16.340856
0.02236000  16.339392
0.02238000  16.337927
0.02240000  16.336462
0.02242000  16.334997
0.02244000  16.333533
0.02246000  16.331956
0.02248000  16.330492
0.02250000  16.328915
0.02252000  16.327339
0.02254000  16.325762
0.02256000  16.324299
0.02258000  16.322723
0.02260000  16.321147
0.02262000  16.319458
0.02264000  16.317883
0.02266000  16.316307
0.02268000  16.314732
0.02270000  16.313044
0.02272000  16.311469
0.02274000  16.309782
0.02276000  16.308095
0.02278000  16.30652
0.02280000  16.304834
0.02282000  16.303147
0.02284000  16.301461
0.02286000  16.299774
0.02288000  16.298088
0.02290000  16.296402
0.02292000  16.294717
0.02294000  16.293031
0.02296000  16.291346
0.02298000  16.28966
0.02300000  16.287863
0.02302000  16.318441429411767
0.02304000  16.34901985882353
0.02306000  16.379598288235297
0.02308000  16.41017671764706
0.02310000  16.440755147058827
0.02312000  16.471333576470588
0.02314000  16.501912005882353
0.02316000  16.532490435294118
0.02318000  16.563068864705883
0.02320000  16.59364729411765
0.02322000  16.624225723529413
0.02324000  16.65480415294118
0.02326000  16.685382582352943
0.02328000  16.71596101176471
0.02330000  16.746539441176473
0.02332000  16.77711787058824
0.02334000  16.8076963
0.02336000  16.838274729411765
0.02338000  16.86885315882353
0.02340000  16.899431588235295
0.02342000  16.93001001764706
0.02344000  16.960588447058825
0.02346000  16.99116687647059
0.02348000  17.021745305882355
0.02350000  17.05232373529412
0.02352000  17.082902164705885
0.02354000  17.11348059411765
0.02356000  17.14405902352941
0.02358000  17.174637452941177
0.02360000  17.20521588235294
0.02362000  17.235794311764707
0.02364000  17.266372741176472
0.02366000  17.296951170588237
0.02368000  17.327529600000002
0.02370000  17.358108029411767
0.02372000  17.388686458823532
0.02374000  17.419264888235297
0.02376000  17.44984331764706
0.02378000  17.480421747058823
0.02380000  17.51100017647059
0.02382000  17.541578605882354
0.02384000  17.57215703529412
0.02386000  17.602735464705884
0.02388000  17.63331389411765
0.02390000  17.663892323529414
0.02392000  17.69447075294118
0.02394000  17.725049182352944
0.02396000  17.75562761176471
0.02398000  17.78620604117647
0.02400000  17.816784470588235
0.02402000  17.8473629
0.02404000  17.877941329411765
0.02406000  17.90851975882353
0.02408000  17.939098188235295
0.02410000  17.96967661764706
0.02412000  18.000255047058825
0.02414000  18.03083347647059
0.02416000  18.061411905882355
0.02418000  18.09199033529412
0.02420000  18.122568764705882
0.02422000  18.153147194117647
0.02424000  18.183725623529412
0.02426000  18.214304052941177
0.02428000  18.244882482352942
0.02430000  18.275460911764707
0.02432000  18.306039341176472
0.02434000  18.336617770588237
0.02436000  18.367196200000002
0.02438000  18.397774629411767
0.02440000  18.428353058823532
0.02442000  18.458931488235294
0.02444000  18.48950991764706
0.02446000  18.520088347058824
0.02448000  18.55066677647059
0.02450000  18.581245205882354
0.02452000  18.61182363529412
0.02454000  18.642402064705884
0.02456000  18.67298049411765
0.02458000  18.703558923529414
0.02460000  18.73413735294118
0.02462000  18.764715782352944
0.02464000  18.795294211764705
0.02466000  18.82587264117647
0.02468000  18.856451070588236
0.02470000  18.8870295
0.02472000  18.917607929411766
0.02474000  18.94818635882353
0.02476000  18.978764788235296
0.02478000  19.00934321764706
0.02480000  19.039921647058826
0.02482000  19.07050007647059
0.02484000  19.101078505882356
0.02486000  19.131656935294117
0.02488000  19.162235364705882
0.02490000  19.192813794117647
0.02492000  19.223392223529412
0.02494000  19.253970652941177
0.02496000  19.284549082352942
0.02498000  19.315127511764707
0.02500000  19.345705941176472
0.02502000  19.376284370588237
0.02504000  19.406862800000003
0.02506000  19.437441229411768
0.02508000  19.46801965882353
0.02510000  19.498598088235294
0.02512000  19.52917651764706
0.02514000  19.559754947058824
0.02516000  19.59033337647059
0.02518000  19.620911805882354
0.02520000  19.65149023529412
0.02522000  19.682068664705884
0.02524000  19.71264709411765
0.02526000  19.743225523529414
0.02528000  19.77380395294118
0.02530000  19.80438238235294
0.02532000  19.834960811764706
0.02534000  19.86553924117647
0.02536000  19.896117670588236
0.02538000  19.9266961
0.02540000  19.957274529411766
0.02542000  19.98785295882353
0.02544000  20.018431388235296
0.02546000  20.04900981764706
0.02548000  20.079588247058826
0.02550000  20.11016667647059
0.02552000  20.140745105882353
0.02554000  20.171323535294118
0.02556000  20.201901964705883
0.02558000  20.232480394117648
0.02560000  20.263058823529413
0.02562000  20.293637252941178
0.02564000  20.324215682352943
0.02566000  20.354794111764708
0.02568000  20.385372541176473
0.02570000  20.415950970588234
0.02572000  20.446529400000003
0.02574000  20.477107829411764
0.02576000  20.50768625882353
0.02578000  20.538264688235294
0.02580000  20.56884311764706
0.02582000  20.599421547058824
0.02584000  20.62999997647059
0.02586000  20.660578405882355
0.02588000  20.69115683529412
0.02590000  20.721735264705885
0.02592000  20.752313694117646
0.02594000  20.782892123529415
0.02596000  20.813470552941176
0.02598000  20.84404898235294
0.02600000  20.874627411764706
0.02602000  20.90520584117647
0.02604000  20.935784270588236
0.02606000  20.9663627
0.02608000  20.996941129411766
0.02610000  21.02751955882353
0.02612000  21.058097988235296
0.02614000  21.088676417647058
0.02616000  21.119254847058826
0.02618000  21.149833276470588
0.02620000  21.180411705882353
0.02622000  21.210990135294118
0.02624000  21.241568564705883
0.02626000  21.272146994117648
0.02628000  21.302725423529413
0.02630000  21.333303852941178
0.02632000  21.363882282352943
0.02634000  21.394460711764708
0.02636000  21.42503914117647
0.02638000  21.455617570588238
0.02640000  21.486196
0.02642000  21.516774429411765
0.02644000  21.54735285882353
0.02646000  21.577931288235295
0.02648000  21.60850971764706
0.02650000  21.639088147058825
0.02652000  21.66966657647059
0.02654000  21.700245005882355
0.02656000  21.73082343529412
0.02658000  21.76140186470588
0.02660000  21.79198029411765
0.02662000  21.82255872352941
0.02664000  21.853137152941176
0.02666000  21.88371558235294
0.02668000  21.914294011764706
0.02670000  21.94487244117647
0.02672000  21.975450870588237
0.02674000  22.0060293
0.02676000  22.036607729411767
0.02678000  22.06718615882353
0.02680000  22.097764588235293
0.02682000  22.12834301764706
0.02684000  22.158921447058823
0.02686000  22.189499876470588
0.02688000  22.220078305882353
0.02690000  22.25065673529412
0.02692000  22.281235164705883
0.02694000  22.31181359411765
0.02696000  22.342392023529413
0.02698000  22.37297045294118
0.02700000  22.403548882352943
0.02702000  22.434127311764705
0.02704000  22.464705741176473
0.02706000  22.495284170588235
0.02708000  22.5258626
0.02710000  22.556441029411765
0.02712000  22.58701945882353
0.02714000  22.617597888235295
0.02716000  22.64817631764706
0.02718000  22.678754747058825
0.02720000  22.70933317647059
0.02722000  22.739911605882355
0.02724000  22.770490035294117
0.02726000  22.801068464705885
0.02728000  22.831646894117647
0.02730000  22.86222532352941
0.02732000  22.892803752941177
0.02734000  22.923382182352942
0.02736000  22.953960611764707
0.02738000  22.984539041176472
0.02740000  23.015117470588237
0.02742000  23.045695900000002
0.02744000  23.076274329411767
0.02746000  23.10685275882353
0.02748000  23.137431188235297
0.02750000  23.16800961764706
0.02752000  23.198588047058823
0.02754000  23.22916647647059
0.02756000  23.259744905882354
0.02758000  23.29032333529412
0.02760000  23.320901764705884
0.02762000  23.35148019411765
0.02764000  23.382058623529414
0.02766000  23.41263705294118
0.02768000  23.44321548235294
0.02770000  23.47379391176471
0.02772000  23.50437234117647
0.02774000  23.534950770588235
0.02776000  23.5655292
0.02778000  23.596107629411765
0.02780000  23.62668605882353
0.02782000  23.657264488235295
0.02784000  23.68784291764706
0.02786000  23.718421347058825
0.02788000  23.74899977647059
0.02790000  23.779578205882352
0.02792000  23.81015663529412
0.02794000  23.840735064705882
0.02796000  23.871313494117647
0.02798000  23.901891923529412
0.02800000  23.932470352941177
0.02802000  23.963048782352942
0.02804000  23.993627211764707
0.02806000  24.024205641176472
0.02808000  24.054784070588237
0.02810000  24.085362500000002
0.02812000  24.115940929411764
0.02814000  24.146519358823532
0.02816000  24.177097788235294
0.02818000  24.20767621764706
0.02820000  24.238254647058824
0.02822000  24.26883307647059
0.02824000  24.299411505882354
0.02826000  24.32998993529412
0.02828000  24.360568364705884
0.02830000  24.391146794117645
0.02832000  24.421725223529414
0.02834000  24.452303652941175
0.02836000  24.482882082352944
0.02838000  24.513460511764706
0.02840000  24.54403894117647
0.02842000  24.574617370588236
0.02844000  24.6051958
0.02846000  24.635774229411766
0.02848000  24.66635265882353
0.02850000  24.696931088235296
0.02852000  24.727509517647057
0.02854000  24.758087947058826
0.02856000  24.788666376470587
0.02858000  24.819244805882356
0.02860000  24.849823235294117
0.02862000  24.880401664705882
0.02864000  24.910980094117647
0.02866000  24.941558523529412
0.02868000  24.972136952941177
0.02870000  25.002715382352942
0.02872000  25.033293811764707
0.02874000  25.06387224117647
0.02876000  25.094450670588238
0.02878000  25.1250291
0.02880000  25.155607529411768
0.02882000  25.18618595882353
0.02884000  25.216764388235294
0.02886000  25.24734281764706
0.02888000  25.277921247058824
0.02890000  25.30849967647059
0.02892000  25.339078105882354
0.02894000  25.36965653529412
0.02896000  25.40023496470588
0.02898000  25.43081339411765
0.02900000  25.46139182352941
0.02902000  25.49197025294118
0.02904000  25.52254868235294
0.02906000  25.553127111764706
0.02908000  25.58370554117647
0.02910000  25.614283970588236
0.02912000  25.6448624
0.02914000  25.675440829411766
0.02916000  25.70601925882353
0.02918000  25.736597688235292
0.02920000  25.76717611764706
0.02922000  25.797754547058823
0.02924000  25.82833297647059
0.02926000  25.858911405882353
0.02928000  25.889489835294118
0.02930000  25.920068264705883
0.02932000  25.950646694117648
0.02934000  25.981225123529413
0.02936000  26.011803552941178
0.02938000  26.042381982352943
0.02940000  26.072960411764704
0.02942000  26.103538841176473
0.02944000  26.134117270588234
0.02946000  26.164695700000003
0.02948000  26.195274129411764
0.02950000  26.22585255882353
0.02952000  26.256430988235294
0.02954000  26.28700941764706
0.02956000  26.317587847058824
0.02958000  26.34816627647059
0.02960000  26.378744705882355
0.02962000  26.409323135294116
0.02964000  26.439901564705885
0.02966000  26.470479994117646
0.02968000  26.501058423529415
0.02970000  26.531636852941176
0.02972000  26.56221528235294
0.02974000  26.592793711764706
0.02976000  26.62337214117647
0.02978000  26.653950570588236
0.02980000  26.684529
0.02982000  26.715107429411766
0.02984000  26.745685858823528
0.02986000  26.776264288235296
0.02988000  26.806842717647058
0.02990000  26.837421147058826
0.02992000  26.867999576470588
0.02994000  26.898578005882353
0.02996000  26.929156435294118
0.02998000  26.959734864705883
0.03000000  26.990313294117648
0.03002000  27.020891723529413
0.03004000  27.051470152941178
0.03006000  27.08204858235294
0.03008000  27.112627011764708
0.03010000  27.14320544117647
0.03012000  27.173783870588238
0.03014000  27.2043623
0.03016000  27.234940729411765
0.03018000  27.26551915882353
0.03020000  27.296097588235295
0.03022000  27.32667601764706
0.03024000  27.357254447058825
0.03026000  27.38783287647059
0.03028000  27.41841130588235
0.03030000  27.44898973529412
0.03032000  27.47956816470588
0.03034000  27.51014659411765
0.03036000  27.54072502352941
0.03038000  27.571303452941176
0.03040000  27.60188188235294
0.03042000  27.632460311764707
0.03044000  27.66303874117647
0.03046000  27.693617170588237
0.03048000  27.7241956
0.03050000  27.754774029411763
0.03052000  27.78535245882353
0.03054000  27.815930888235293
0.03056000  27.84650931764706
0.03058000  27.877087747058823
0.03060000  27.90766617647059
0.03062000  27.938244605882353
0.03064000  27.96882303529412
0.03066000  27.999401464705883
0.03068000  28.02997989411765
0.03070000  28.060558323529413
0.03072000  28.091136752941175
0.03074000  28.121715182352943
0.03076000  28.152293611764705
0.03078000  28.182872041176473
0.03080000  28.213450470588235
0.03082000  28.2440289
0.03084000  28.274607329411765
0.03086000  28.30518575882353
0.03088000  28.335764188235295
0.03090000  28.366342617647057
0.03092000  28.396921047058825
0.03094000  28.427499476470587
0.03096000  28.458077905882355
0.03098000  28.488656335294117
0.03100000  28.519234764705885
0.03102000  28.549813194117647
0.03104000  28.58039162352941
0.03106000  28.610970052941177
0.03108000  28.641548482352942
0.03110000  28.672126911764707
0.03112000  28.70270534117647
0.03114000  28.733283770588237
0.03116000  28.7638622
0.03118000  28.794440629411767
0.03120000  28.82501905882353
0.03122000  28.855597488235297
0.03124000  28.88617591764706
0.03126000  28.916754347058824
0.03128000  28.94733277647059
0.03130000  28.977911205882354
0.03132000  29.00848963529412
0.03134000  29.03906806470588
0.03136000  29.06964649411765
0.03138000  29.10022492352941
0.03140000  29.13080335294118
0.03142000  29.16138178235294
0.03144000  29.19196021176471
0.03146000  29.22253864117647
0.03148000  29.253117070588235
0.03150000  29.2836955
0.03152000  29.314273929411765
0.03154000  29.34485235882353
0.03156000  29.375430788235292
0.03158000  29.40600921764706
0.03160000  29.436587647058822
0.03162000  29.46716607647059
0.03164000  29.497744505882352
0.03166000  29.52832293529412
0.03168000  29.558901364705882
0.03170000  29.589479794117647
0.03172000  29.620058223529412
0.03174000  29.650636652941177
0.03176000  29.681215082352942
0.03178000  29.711793511764704
0.03180000  29.742371941176472
0.03182000  29.772950370588234
0.03184000  29.803528800000002
0.03186000  29.834107229411764
0.03188000  29.86468565882353
0.03190000  29.895264088235294
0.03192000  29.92584251764706
0.03194000  29.956420947058824
0.03196000  29.98699937647059
0.03198000  30.017577805882354
0.03200000  30.048156235294115
0.03202000  30.078734664705884
0.03204000  30.109313094117645
0.03206000  30.139891523529414
0.03208000  30.170469952941176
0.03210000  30.20104838235294
0.03212000  30.231626811764706
0.03214000  30.26220524117647
0.03216000  30.292783670588236
0.03218000  30.3233621
0.03220000  30.353940529411766
0.03222000  30.384518958823527
0.03224000  30.415097388235296
0.03226000  30.445675817647057
0.03228000  30.476254247058826
0.03230000  30.506832676470587
0.03232000  30.537411105882352
0.03234000  30.567989535294117
0.03236000  30.598567964705882
0.03238000  30.629146394117647
0.03240000  30.659724823529412
0.03242000  30.690303252941177
0.03244000  30.72088168235294
0.03246000  30.751460111764708
0.03248000  30.78203854117647
0.03250000  30.812616970588238
0.03252000  30.8431954
0.03254000  30.873773829411764
0.03256000  30.90435225882353
0.03258000  30.934930688235294
0.03260000  30.96550911764706
0.03262000  30.996087547058824
0.03264000  31.02666597647059
0.03266000  31.05724440588235
0.03268000  31.08782283529412
0.03270000  31.11840126470588
0.03272000  31.14897969411765
0.03274000  31.17955812352941
0.03276000  31.210136552941176
0.03278000  31.24071498235294
0.03280000  31.271293411764706
0.03282000  31.30187184117647
0.03284000  31.332450270588236
0.03286000  31.3630287
0.03288000  31.393607129411762
0.03290000  31.42418555882353
0.03292000  31.454763988235293
0.03294000  31.48534241764706
0.03296000  31.515920847058823
0.03298000  31.546499276470588
0.03300000  31.577077705882353
0.03302000  31.607656135294118
0.03304000  31.638234564705883
0.03306000  31.668812994117648
0.03308000  31.699391423529413
0.03310000  31.729969852941174
0.03312000  31.760548282352943
0.03314000  31.791126711764704
0.03316000  31.821705141176473
0.03318000  31.852283570588234
0.03320000  31.882862
0.03322000  31.913440429411764
0.03324000  31.94401885882353
0.03326000  31.974597288235294
0.03328000  32.00517571764706
0.03330000  32.035754147058825
0.03332000  32.066332576470586
0.03334000  32.096911005882355
0.03336000  32.127489435294116
0.03338000  32.158067864705885
0.03340000  32.188646294117646
0.03342000  32.21922472352941
0.03344000  32.249803152941176
0.03346000  32.280381582352945
0.03348000  32.310960011764706
0.03350000  32.34153844117647
0.03352000  32.372116870588236
0.03354000  32.402695300000005
0.03356000  32.433273729411766
0.03358000  32.46385215882353
0.03360000  32.49443058823529
0.03362000  32.52500901764706
0.03364000  32.55558744705883
0.03366000  32.58616587647059
0.03368000  32.61674430588235
0.03370000  32.64732273529412
0.03372000  32.67790116470589
0.03374000  32.70847959411765
0.03376000  32.73905802352941
0.03378000  32.76963645294118
0.03380000  32.80021488235294
0.03382000  32.83079331176471
0.03384000  32.86137174117647
0.03386000  32.89195017058823
0.03388000  32.9225286
0.03390000  32.95310702941177
0.03392000  32.98368545882353
0.03394000  33.01426388823529
0.03396000  33.04484231764706
0.03398000  33.07542074705883
0.03400000  33.10599917647059
0.03402000  33.13657760588235
0.03404000  33.16715603529411
0.03406000  33.19773446470588
0.03408000  33.22831289411765
0.03410000  33.25889132352941
0.03412000  33.28946975294117
0.03414000  33.32004818235294
0.03416000  33.35062661176471
0.03418000  33.38120504117647
0.03420000  33.41178347058823
0.03422000  33.4423619
0.03424000  33.47294032941176
0.03426000  33.50351875882353
0.03428000  33.53409718823529
0.03430000  33.564675617647055
0.03432000  33.59525404705882
0.03434000  33.62583247647059
0.03436000  33.65641090588235
0.03438000  33.686989335294115
0.03440000  33.71756776470588
0.03442000  33.74814619411765
0.03444000  33.77872462352941
0.03446000  33.809303052941175
0.03448000  33.839881482352936
0.03450000  33.870459911764705
0.03452000  33.90103834117647
0.03454000  33.931616770588235
0.03456000  33.9621952
0.03458000  33.992773629411765
0.03460000  34.023352058823534
0.03462000  34.053930488235295
0.03464000  34.08450891764706
0.03466000  34.11508734705882
0.03468000  34.14566577647059
0.03470000  34.176244205882355
0.03472000  34.20682263529412
0.03474000  34.23740106470588
0.03476000  34.26797949411765
0.03478000  34.298557923529415
0.03480000  34.32913635294118
0.03482000  34.35971478235294
0.03484000  34.39029321176471
0.03486000  34.420871641176475
0.03488000  34.45145007058824
0.03490000  34.4820285
0.03492000  34.51260692941176
0.03494000  34.54318535882353
0.03496000  34.5737637882353
0.03498000  34.60434221764706
0.03500000  34.63492064705882
0.03502000  34.66549907647059
0.03504000  34.69607750588236
0.03506000  34.72665593529412
0.03508000  34.75723436470588
0.03510000  34.78781279411764
0.03512000  34.81839122352941
0.03514000  34.84896965294118
0.03516000  34.87954808235294
0.03518000  34.9101265117647
0.03520000  34.94070494117647
0.03522000  34.97128337058824
0.03524000  35.0018618
0.03526000  35.03244022941176
0.03528000  35.06301865882353
0.03530000  35.0935970882353
0.03532000  35.12417551764706
0.03534000  35.15475394705882
0.03536000  35.18533237647058
0.03538000  35.21591080588235
0.03540000  35.24648923529412
0.03542000  35.27706766470588
0.03544000  35.30764609411764
0.03546000  35.33822452352941
0.03548000  35.36880295294118
0.03550000  35.39938138235294
0.03552000  35.429959811764704
0.03554000  35.460538241176465
0.03556000  35.491116670588234
0.03558000  35.5216951
0.03560000  35.552273529411764
0.03562000  35.582851958823525
0.03564000  35.613430388235294
0.03566000  35.64400881764706
0.03568000  35.674587247058824
0.03570000  35.705165676470585
0.03572000  35.735744105882354
0.03574000  35.76632253529412
0.03576000  35.796900964705884
0.03578000  35.827479394117645
0.03580000  35.85805782352941
0.03582000  35.888636252941176
0.03584000  35.919214682352944
0.03586000  35.949793111764706
0.03588000  35.98037154117647
0.03590000  36.010949970588236
0.03592000  36.041528400000004
0.03594000  36.072106829411766
0.03596000  36.10268525882353
0.03598000  36.13326368823529
0.03600000  36.16384211764706
0.03602000  36.194420547058826
0.03604000  36.22499897647059
0.03606000  36.25557740588235
0.03608000  36.28615583529412
0.03610000  36.316734264705886
0.03612000  36.34731269411765
0.03614000  36.37789112352941
0.03616000  36.40846955294118
0.03618000  36.439047982352946
0.03620000  36.46962641176471
0.03622000  36.50020484117647
0.03624000  36.53078327058823
0.03626000  36.5613617
0.03628000  36.59194012941177
0.03630000  36.62251855882353
0.03632000  36.65309698823529
0.03634000  36.68367541764706
0.03636000  36.71425384705883
0.03638000  36.74483227647059
0.03640000  36.77541070588235
0.03642000  36.80598913529411
0.03644000  36.83656756470588
0.03646000  36.86714599411765
0.03648000  36.89772442352941
0.03650000  36.92830285294117
0.03652000  36.95888128235294
0.03654000  36.98945971176471
0.03656000  37.02003814117647
0.03658000  37.05061657058823
0.03660000  37.081195
0.03662000  37.11177342941176
0.03664000  37.14235185882353
0.03666000  37.17293028823529
0.03668000  37.203508717647054
0.03670000  37.23408714705882
0.03672000  37.26466557647059
0.03674000  37.29524400588235
0.03676000  37.325822435294114
0.03678000  37.35640086470588
0.03680000  37.38697929411765
0.03682000  37.41755772352941
0.03684000  37.448136152941174
0.03686000  37.478714582352936
0.03688000  37.509293011764704
0.03690000  37.53987144117647
0.03692000  37.570449870588234
0.03694000  37.601028299999996
0.03696000  37.631606729411764
0.03698000  37.66218515882353
0.03700000  37.692763588235294
0.03702000  37.723342017647056
0.03704000  37.753920447058825
0.03706000  37.784498876470586
0.03708000  37.815077305882355
0.03710000  37.845655735294116
0.03712000  37.87623416470588
0.03714000  37.906812594117646
0.03716000  37.937391023529415
0.03718000  37.967969452941176
0.03720000  37.99854788235294
0.03722000  38.029126311764706
0.03724000  38.059704741176475
0.03726000  38.090283170588236
0.03728000  38.1208616
0.03730000  38.15144002941176
0.03732000  38.18201845882353
0.03734000  38.212596888235296
0.03736000  38.24317531764706
0.03738000  38.27375374705882
0.03740000  38.30433217647059
0.03742000  38.33491060588236
0.03744000  38.36548903529412
0.03746000  38.39606746470588
0.03748000  38.42664589411765
0.03750000  38.45722432352941
0.03752000  38.48780275294118
0.03754000  38.51838118235294
0.03756000  38.5489596117647
0.03758000  38.57953804117647
0.03760000  38.61011647058824
0.03762000  38.6406949
0.03764000  38.67127332941176
0.03766000  38.70185175882353
0.03768000  38.7324301882353
0.03770000  38.76300861764706
0.03772000  38.79358704705882
0.03774000  38.82416547647058
0.03776000  38.85474390588235
0.03778000  38.88532233529412
0.03780000  38.91590076470588
0.03782000  38.94647919411764
0.03784000  38.97705762352941
0.03786000  39.00763605294118
0.03788000  39.03821448235294
0.03790000  39.0687929117647
0.03792000  39.09937134117647
0.03794000  39.12994977058823
0.03796000  39.1605282
0.03798000  39.19110662941176
0.03800000  39.221685058823525
0.03802000  39.25226348823529
0.03804000  39.28284191764706
0.03806000  39.31342034705882
0.03808000  39.343998776470585
0.03810000  39.37457720588235
0.03812000  39.40515563529412
0.03814000  39.43573406470588
0.03816000  39.466312494117645
0.03818000  39.496890923529406
0.03820000  39.527469352941175
0.03822000  39.55804778235294
0.03824000  39.588626211764705
0.03826000  39.61920464117647
0.03828000  39.649783070588235
0.03830000  39.680361500000004
0.03832000  39.710939929411765
0.03834000  39.74151835882353
0.03836000  39.772096788235295
0.03838000  39.80267521764706
0.03840000  39.833253647058825
0.03842000  39.86383207647059
0.03844000  39.89441050588235
0.03846000  39.92498893529412
0.03848000  39.955567364705885
0.03850000  39.98614579411765
0.03852000  40.01672422352941
0.03854000  40.04730265294118
0.03856000  40.077881082352945
0.03858000  40.10845951176471
0.03860000  40.13903794117647
0.03862000  40.16961637058823
0.03864000  40.2001948
0.03866000  40.23077322941177
0.03868000  40.26135165882353
0.03870000  40.29193008823529
0.03872000  40.32250851764706
0.03874000  40.35308694705883
0.03876000  40.38366537647059
0.03878000  40.41424380588235
0.03880000  40.44482223529411
0.03882000  40.47540066470588
0.03884000  40.50597909411765
0.03886000  40.53655752352941
0.03888000  40.56713595294117
0.03890000  40.59771438235294
0.03892000  40.62829281176471
0.03894000  40.65887124117647
0.03896000  40.68944967058823
0.03898000  40.7200281
0.03900000  40.75060652941177
0.03902000  40.78118495882353
0.03904000  40.81176338823529
0.03906000  40.84234181764705
0.03908000  40.87292024705882
0.03910000  40.90349867647059
0.03912000  40.93407710588235
0.03914000  40.96465553529411
0.03916000  40.99523396470588
0.03918000  41.02581239411765
0.03920000  41.05639082352941
0.03922000  41.086969252941174
0.03924000  41.117547682352935
0.03926000  41.148126111764704
0.03928000  41.17870454117647
0.03930000  41.209282970588234
0.03932000  41.239861399999995
0.03934000  41.270439829411764
0.03936000  41.30101825882353
0.03938000  41.331596688235294
0.03940000  41.362175117647055
0.03942000  41.392753547058824
0.03944000  41.42333197647059
0.03946000  41.453910405882354
0.03948000  41.484488835294115
0.03950000  41.51506726470588
0.03952000  41.545645694117646
0.03954000  41.576224123529414
0.03956000  41.606802552941176
0.03958000  41.63738098235294
0.03960000  41.667959411764706
0.03962000  41.698537841176474
0.03964000  41.729116270588236
0.03966000  41.7596947
0.03968000  41.79027312941176
0.03970000  41.82085155882353
0.03972000  41.851429988235296
0.03974000  41.88200841764706
0.03976000  41.91258684705882
0.03978000  41.94316527647059
0.03980000  41.973743705882356
0.03982000  42.00432213529412
0.03984000  42.03490056470588
0.03986000  42.06547899411765
0.03988000  42.096057423529416
0.03990000  42.12663585294118
0.03992000  42.15721428235294
0.03994000  42.1877927117647
0.03996000  42.21837114117647
0.03998000  42.24894957058824
0.04000000  42.279528
0.04002000  42.551278
0.04004000  42.80263
0.04006000  43.034983
0.04008000  43.250696
0.04010000  43.464793
0.04012000  43.72124
0.04014000  44.066638
0.04016000  44.533465
0.04018000  45.160695
0.04020000  45.992999
0.04022000  47.136833
0.04024000  48.912213
0.04026000  51.744429
0.04028000  56.237998
0.04030000  63.383244
0.04032000  74.872947
0.04034000  93.619708
0.04036000  124.531433
0.04038000  174.212427
0.04040000  247.546771
0.04042000  351.225029
0.04044000  506.803663
0.04046000  780.308375
0.04048000  1368.54442
0.04050000  2759.599717
0.04052000  5570.235668
0.04054000  9962.180606
0.04056000  14544.855589
0.04058000  16767.876611
0.04060000  14678.273361
0.04062000  9679.161681
0.04064000  5134.746457
0.04066000  2475.692419
0.04068000  1229.358558
0.04070000  658.931925
0.04072000  379.963578
0.04074000  232.912211
0.04076000  150.146777
0.04078000  101.287009
0.04080000  71.668743
0.04082000  53.358539
0.04084000  41.772036
0.04086000  34.231671
0.04088000  29.179762
0.04090000  25.702613
0.04092000  23.252035
0.04094000  21.490551
0.04096000  20.204034
0.04098000  19.251969
0.04100000  18.54
0.04102000  18.00348
0.04104000  17.597038
0.04106000  17.287893
0.04108000  17.052605
0.04110000  16.873151
0.04112000  16.736396
0.04114000  16.632378
0.04116000  16.553761
0.04118000  16.49473
0.04120000  16.450991
0.04122000  16.419255
0.04124000  16.396849
0.04126000  16.38159
0.04128000  16.37199
0.04130000  16.366571
0.04132000  16.364314
0.04134000  16.364201
0.04136000  16.365443
0.04138000  16.367474
0.04140000  16.369506
0.04142000  16.371651
0.04144000  16.373684
0.04146000  16.375604
0.04148000  16.377298
0.04150000  16.378653
0.04152000  16.37967
0.04154000  16.380461
0.04156000  16.380912
0.04158000  16.381138
0.04160000  16.381251
0.04162000  16.381025
0.04164000  16.380686
0.04166000  16.380235
0.04168000  16.37967
0.04170000  16.378992
0.04172000  16.378314
0.04174000  16.377524
0.04176000  16.37662
0.04178000  16.375717
0.04180000  16.3747
0.04182000  16.373797
0.04184000  16.37278
0.04186000  16.371651
0.04188000  16.370635
0.04190000  16.369506
0.04192000  16.368377
0.04194000  16.367249
0.04196000  16.36612
0.04198000  16.364878
0.04200000  16.363637
0.04202000  16.362508
0.04204000  16.361267
0.04206000  16.359913
0.04208000  16.358672
0.04210000  16.357431
0.04212000  16.356077
0.04214000  16.354837
0.04216000  16.353483
0.04218000  16.35213
0.04220000  16.350777
0.04222000  16.349424
0.04224000  16.347958
0.04226000  16.346605
0.04228000  16.345139
0.04230000  16.343787
0.04232000  16.342322
0.04234000  16.340856
0.04236000  16.339392
0.04238000  16.337927
0.04240000  16.336462
0.04242000  16.334997
0.04244000  16.333533
0.04246000  16.331956
0.04248000  16.330492
0.04250000  16.328915
0.04252000  16.327339
0.04254000  16.325762
0.04256000  16.324299
0.04258000  16.322723
0.04260000  16.321147
0.04262000  16.319458
0.04264000  16.317883
0.04266000  16.316307
0.04268000  16.314732
0.04270000  16.313044
0.04272000  16.311469
0.04274000  16.309782
0.04276000  16.308095
0.04278000  16.30652
0.04280000  16.304834
0.04282000  16.303147
0.04284000  16.301461
0.04286000  16.299774
0.04288000  16.298088
0.04290000  16.296402
0.04292000  16.294717
0.04294000  16.293031
0.04296000  16.291346
0.04298000  16.28966
0.04300000  16.287863
0.04302000  16.318441429411767
0.04304000  16.34901985882353
0.04306000  16.379598288235297
0.04308000  16.41017671764706
0.04310000  16.440755147058827
0.04312000  16.471333576470588
0.04314000  16.501912005882353
0.04316000  16.532490435294118
0.04318000  16.563068864705883
0.04320000  16.59364729411765
0.04322000  16.624225723529413
0.04324000  16.65480415294118
0.04326000  16.685382582352943
0.04328000  16.71596101176471
0.04330000  16.746539441176473
0.04332000  16.77711787058824
0.04334000  16.8076963
0.04336000  16.838274729411765
0.04338000  16.86885315882353
0.04340000  16.899431588235295
0.04342000  16.93001001764706
0.04344000  16.960588447058825
0.04346000  16.99116687647059
0.04348000  17.021745305882355
0.04350000  17.05232373529412
0.04352000  17.082902164705885
0.04354000  17.11348059411765
0.04356000  17.14405902352941
0.04358000  17.174637452941177
0.04360000  17.20521588235294
0.04362000  17.235794311764707
0.04364000  17.266372741176472
0.04366000  17.296951170588237
0.04368000  17.327529600000002
0.04370000  17.358108029411767
0.04372000  17.388686458823532
0.04374000  17.419264888235297
0.04376000  17.44984331764706
0.04378000  17.480421747058823
0.04380000  17.51100017647059
0.04382000  17.541578605882354
0.04384000  17.57215703529412
0.04386000  17.602735464705884
0.04388000  17.63331389411765
0.04390000  17.663892323529414
0.04392000  17.69447075294118
0.04394000  17.725049182352944
0.04396000  17.75562761176471
0.04398000  17.78620604117647
0.04400000  17.816784470588235
0.04402000  17.8473629
0.04404000  17.877941329411765
0.04406000  17.90851975882353
0.04408000  17.939098188235295
0.04410000  17.96967661764706
0.04412000  18.000255047058825
0.04414000  18.03083347647059
0.04416000  18.061411905882355
0.04418000  18.09199033529412
0.04420000  18.122568764705882
0.04422000  18.153147194117647
0.04424000  18.183725623529412
0.04426000  18.214304052941177
0.04428000  18.244882482352942
0.04430000  18.275460911764707
0.04432000  18.306039341176472
0.04434000  18.336617770588237
0.04436000  18.367196200000002
0.04438000  18.397774629411767
0.04440000  18.428353058823532
0.04442000  18.458931488235294
0.04444000  18.48950991764706
0.04446000  18.520088347058824
0.04448000  18.55066677647059
0.04450000  18.581245205882354
0.04452000  18.61182363529412
0.04454000  18.642402064705884
0.04456000  18.67298049411765
0.04458000  18.703558923529414
0.04460000  18.73413735294118
0.04462000  18.764715782352944
0.04464000  18.795294211764705
0.04466000  18.82587264117647
0.04468000  18.856451070588236
0.04470000  18.8870295
0.04472000  18.917607929411766
0.04474000  18.94818635882353
0.04476000  18.978764788235296
0.04478000  19.00934321764706
0.04480000  19.039921647058826
0.04482000  19.07050007647059
0.04484000  19.101078505882356
0.04486000  19.131656935294117
0.04488000  19.162235364705882
0.04490000  19.192813794117647
0.04492000  19.223392223529412
0.04494000  19.253970652941177
0.04496000  19.284549082352942
0.04498000  19.315127511764707
0.04500000  19.345705941176472
0.04502000  19.376284370588237
0.04504000  19.406862800000003
0.04506000  19.437441229411768
0.04508000  19.46801965882353
0.04510000  19.498598088235294
0.04512000  19.52917651764706
0.04514000  19.559754947058824
0.04516000  19.59033337647059
0.04518000  19.620911805882354
0.04520000  19.65149023529412
0.04522000  19.682068664705884
0.04524000  19.71264709411765
0.04526000  19.743225523529414
0.04528000  19.77380395294118
0.04530000  19.80438238235294
0.04532000  19.834960811764706
0.04534000  19.86553924117647
0.04536000  19.896117670588236
0.04538000  19.9266961
0.04540000  19.957274529411766
0.04542000  19.98785295882353
0.04544000  20.018431388235296
0.04546000  20.04900981764706
0.04548000  20.079588247058826
0.04550000  20.11016667647059
0.04552000  20.140745105882353
0.04554000  20.171323535294118
0.04556000  20.201901964705883
0.04558000  20.232480394117648
0.04560000  20.263058823529413
0.04562000  20.293637252941178
0.04564000  20.324215682352943
0.04566000  20.354794111764708
0.04568000  20.385372541176473
0.04570000  20.415950970588234
0.04572000  20.446529400000003
0.04574000  20.477107829411764
0.04576000  20.50768625882353
0.04578000  20.538264688235294
0.04580000  20.56884311764706
0.04582000  20.599421547058824
0.04584000  20.62999997647059
0.04586000  20.660578405882355
0.04588000  20.69115683529412
0.04590000  20.721735264705885
0.04592000  20.752313694117646
0.04594000  20.782892123529415
0.04596000  20.813470552941176
0.04598000  20.84404898235294
0.04600000  20.874627411764706
0.04602000  20.90520584117647
0.04604000  20.935784270588236
0.04606000  20.9663627
0.04608000  20.996941129411766
0.04610000  21.02751955882353
0.04612000  21.058097988235296
0.04614000  21.088676417647058
0.04616000  21.119254847058826
0.04618000  21.149833276470588
0.04620000  21.180411705882353
0.04622000  21.210990135294118
0.04624000  21.241568564705883
0.04626000  21.272146994117648
0.04628000  21.302725423529413
0.04630000  21.333303852941178
0.04632000  21.363882282352943
0.04634000  21.394460711764708
0.04636000  21.42503914117647
0.04638000  21.455617570588238
0.04640000  21.486196
0.04642000  21.516774429411765
0.04644000  21.54735285882353
0.04646000  21.577931288235295
0.04648000  21.60850971764706
0.04650000  21.639088147058825
0.04652000  21.66966657647059
0.04654000  21.700245005882355
0.04656000  21.73082343529412
0.04658000  21.76140186470588
0.04660000  21.79198029411765
0.04662000  21.82255872352941
0.04664000  21.853137152941176
0.04666000  21.88371558235294
0.04668000  21.914294011764706
0.04670000  21.94487244117647
0.04672000  21.975450870588237
0.04674000  22.0060293
0.04676000  22.036607729411767
0.04678000  22.06718615882353
0.04680000  22.097764588235293
0.04682000  22.12834301764706
0.04684000  22.158921447058823
0.04686000  22.189499876470588
0.04688000  22.220078305882353
0.04690000  22.25065673529412
0.04692000  22.281235164705883
0.04694000  22.31181359411765
0.04696000  22.342392023529413
0.04698000  22.37297045294118
0.04700000  22.403548882352943
0.04702000  22.434127311764705
0.04704000  22.464705741176473
0.04706000  22.495284170588235
0.04708000  22.5258626
0.04710000  22.556441029411765
0.04712000  22.58701945882353
0.04714000  22.617597888235295
0.04716000  22.64817631764706
0.04718000  22.678754747058825
0.04720000  22.70933317647059
0.04722000  22.739911605882355
0.04724000  22.770490035294117
0.04726000  22.801068464705885
0.04728000  22.831646894117647
0.04730000  22.86222532352941
0.04732000  22.892803752941177
0.04734000  22.923382182352942
0.04736000  22.953960611764707
0.04738000  22.984539041176472
0.04740000  23.015117470588237
0.04742000  23.045695900000002
0.04744000  23.076274329411767
0.04746000  23.10685275882353
0.04748000  23.137431188235297
0.04750000  23.16800961764706
0.04752000  23.198588047058823
0.04754000  23.22916647647059
0.04756000  23.259744905882354
0.04758000  23.29032333529412
0.04760000  23.320901764705884
0.04762000  23.35148019411765
0.04764000  23.382058623529414
0.04766000  23.41263705294118
0.04768000  23.44321548235294
0.04770000  23.47379391176471
0.04772000  23.50437234117647
0.04774000  23.534950770588235
0.04776000  23.5655292
0.04778000  23.596107629411765
0.04780000  23.62668605882353
0.04782000  23.657264488235295
0.04784000  23.68784291764706
0.04786000  23.718421347058825
0.04788000  23.74899977647059
0.04790000  23.779578205882352
0.04792000  23.81015663529412
0.04794000  23.840735064705882
0.04796000  23.871313494117647
0.04798000  23.901891923529412
0.04800000  23.932470352941177
0.04802000  23.963048782352942
0.04804000  23.993627211764707
0.04806000  24.024205641176472
0.04808000  24.054784070588237
0.04810000  24.085362500000002
0.04812000  24.115940929411764
0.04814000  24.146519358823532
0.04816000  24.177097788235294
0.04818000  24.20767621764706
0.04820000  24.238254647058824
0.04822000  24.26883307647059
0.04824000  24.299411505882354
0.04826000  24.32998993529412
0.04828000  24.360568364705884
0.04830000  24.391146794117645
0.04832000  24.421725223529414
0.04834000  24.452303652941175
0.04836000  24.482882082352944
0.04838000  24.513460511764706
0.04840000  24.54403894117647
0.04842000  24.574617370588236
0.04844000  24.6051958
0.04846000  24.635774229411766
0.04848000  24.66635265882353
0.04850000  24.696931088235296
0.04852000  24.727509517647057
0.04854000  24.758087947058826
0.04856000  24.788666376470587
0.04858000  24.819244805882356
0.04860000  24.849823235294117
0.04862000  24.880401664705882
0.04864000  24.910980094117647
0.04866000  24.941558523529412
0.04868000  24.972136952941177
0.04870000  25.002715382352942
0.04872000  25.033293811764707
0.04874000  25.06387224117647
0.04876000  25.094450670588238
0.04878000  25.1250291
0.04880000  25.155607529411768
0.04882000  25.18618595882353
0.04884000  25.216764388235294
0.04886000  25.24734281764706
0.04888000  25.277921247058824
0.04890000  25.30849967647059
0.04892000  25.339078105882354
0.04894000  25.36965653529412
0.04896000  25.40023496470588
0.04898000  25.43081339411765
0.04900000  25.46139182352941
0.04902000  25.49197025294118
0.04904000  25.52254868235294
0.04906000  25.553127111764706
0.04908000  25.58370554117647
0.04910000  25.614283970588236
0.04912000  25.6448624
0.04914000  25.675440829411766
0.04916000  25.70601925882353
0.04918000  25.736597688235292
0.04920000  25.76717611764706
0.04922000  25.797754547058823
0.04924000  25.82833297647059
0.04926000  25.858911405882353
0.04928000  25.889489835294118
0.04930000  25.920068264705883
0.04932000  25.950646694117648
0.04934000  25.981225123529413
0.04936000  26.011803552941178
0.04938000  26.042381982352943
0.04940000  26.072960411764704
0.04942000  26.103538841176473
0.04944000  26.134117270588234
0.04946000  26.164695700000003
0.04948000  26.195274129411764
0.04950000  26.22585255882353
0.04952000  26.256430988235294
0.04954000  26.28700941764706
0.04956000  26.317587847058824
0.04958000  26.34816627647059
0.04960000  26.378744705882355
0.04962000  26.409323135294116
0.04964000  26.439901564705885
0.04966000  26.470479994117646
0.04968000  26.501058423529415
0.04970000  26.531636852941176
0.04972000  26.56221528235294
0.04974000  26.592793711764706
0.04976000  26.62337214117647
0.04978000  26.653950570588236
0.04980000  26.684529
0.04982000  26.715107429411766
0.04984000  26.745685858823528
0.04986000  26.776264288235296
0.04988000  26.806842717647058
0.04990000  26.837421147058826
0.04992000  26.867999576470588
0.04994000  26.898578005882353
0.04996000  26.929156435294118
0.04998000  26.959734864705883
0.05000000  26.990313294117648
0.05002000  27.020891723529413
0.05004000  27.051470152941178
0.05006000  27.08204858235294
0.05008000  27.112627011764708
0.05010000  27.14320544117647
0.05012000  27.173783870588238
0.05014000  27.2043623
0.05016000  27.234940729411765
0.05018000  27.26551915882353
0.05020000  27.296097588235295
0.05022000  27.32667601764706
0.05024000  27.357254447058825
0.05026000  27.38783287647059
0.05028000  27.41841130588235
0.05030000  27.44898973529412
0.05032000  27.47956816470588
0.05034000  27.51014659411765
0.05036000  27.54072502352941
0.05038000  27.571303452941176
0.05040000  27.60188188235294
0.05042000  27.632460311764707
0.05044000  27.66303874117647
0.05046000  27.693617170588237
0.05048000  27.7241956
0.05050000  27.754774029411763
0.05052000  27.78535245882353
0.05054000  27.815930888235293
0.05056000  27.84650931764706
0.05058000  27.877087747058823
0.05060000  27.90766617647059
0.05062000  27.938244605882353
0.05064000  27.96882303529412
0.05066000  27.999401464705883
0.05068000  28.02997989411765
0.05070000  28.060558323529413
0.05072000  28.091136752941175
0.05074000  28.121715182352943
0.05076000  28.152293611764705
0.05078000  28.182872041176473
0.05080000  28.213450470588235
0.05082000  28.2440289
0.05084000  28.274607329411765
0.05086000  28.30518575882353
0.05088000  28.335764188235295
0.05090000  28.366342617647057
0.05092000  28.396921047058825
0.05094000  28.427499476470587
0.05096000  28.458077905882355
0.05098000  28.488656335294117
0.05100000  28.519234764705885
0.05102000  28.549813194117647
0.05104000  28.58039162352941
0.05106000  28.610970052941177
0.05108000  28.641548482352942
0.05110000  28.672126911764707
0.05112000  28.70270534117647
0.05114000  28.733283770588237
0.05116000  28.7638622
0.05118000  28.794440629411767
0.05120000  28.82501905882353
0.05122000  28.855597488235297
0.05124000  28.88617591764706
0.05126000  28.916754347058824
0.05128000  28.94733277647059
0.05130000  28.977911205882354
0.05132000  29.00848963529412
0.05134000  29.03906806470588
0.05136000  29.06964649411765
0.05138000  29.10022492352941
0.05140000  29.13080335294118
0.05142000  29.16138178235294
0.05144000  29.19196021176471
0.05146000  29.22253864117647
0.05148000  29.253117070588235
0.05150000  29.2836955
0.05152000  29.314273929411765
0.05154000  29.34485235882353
0.05156000  29.375430788235292
0.05158000  29.40600921764706
0.05160000  29.436587647058822
0.05162000  29.46716607647059
0.05164000  29.497744505882352
0.05166000  29.52832293529412
0.05168000  29.558901364705882
0.05170000  29.589479794117647
0.05172000  29.620058223529412
0.05174000  29.650636652941177
0.05176000  29.681215082352942
0.05178000  29.711793511764704
0.05180000  29.742371941176472
0.05182000  29.772950370588234
0.05184000  29.803528800000002
0.05186000  29.834107229411764
0.05188000  29.86468565882353
0.05190000  29.895264088235294
0.05192000  29.92584251764706
0.05194000  29.956420947058824
0.05196000  29.98699937647059
0.05198000  30.017577805882354
0.05200000  30.048156235294115
0.05202000  30.078734664705884
0.05204000  30.109313094117645
0.05206000  30.139891523529414
0.05208000  30.170469952941176
0.05210000  30.20104838235294
0.05212000  30.231626811764706
0.05214000  30.26220524117647
0.05216000  30.292783670588236
0.05218000  30.3233621
0.05220000  30.353940529411766
0.05222000  30.384518958823527
0.05224000  30.415097388235296
0.05226000  30.445675817647057
0.05228000  30.476254247058826
0.05230000  30.506832676470587
0.05232000  30.537411105882352
0.05234000  30.567989535294117
0.05236000  30.598567964705882
0.05238000  30.629146394117647
0.05240000  30.659724823529412
0.05242000  30.690303252941177
0.05244000  30.72088168235294
0.05246000  30.751460111764708
0.05248000  30.78203854117647
0.05250000  30.812616970588238
0.05252000  30.8431954
0.05254000  30.873773829411764
0.05256000  30.90435225882353
0.05258000  30.934930688235294
0.05260000  30.96550911764706
0.05262000  30.996087547058824
0.05264000  31.02666597647059
0.05266000  31.05724440588235
0.05268000  31.08782283529412
0.05270000  31.11840126470588
0.05272000  31.14897969411765
0.05274000  31.17955812352941
0.05276000  31.210136552941176
0.05278000  31.24071498235294
0.05280000  31.271293411764706
0.05282000  31.30187184117647
0.05284000  31.332450270588236
0.05286000  31.3630287
0.05288000  31.393607129411762
0.05290000  31.42418555882353
0.05292000  31.454763988235293
0.05294000  31.48534241764706
0.05296000  31.515920847058823
0.05298000  31.546499276470588
0.05300000  31.577077705882353
0.05302000  31.607656135294118
0.05304000  31.638234564705883
0.05306000  31.668812994117648
0.05308000  31.699391423529413
0.05310000  31.729969852941174
0.05312000  31.760548282352943
0.05314000  31.791126711764704
0.05316000  31.821705141176473
0.05318000  31.852283570588234
0.05320000  31.882862
0.05322000  31.913440429411764
0.05324000  31.94401885882353
0.05326000  31.974597288235294
0.05328000  32.00517571764706
0.05330000  32.035754147058825
0.05332000  32.066332576470586
0.05334000  32.096911005882355
0.05336000  32.127489435294116
0.05338000  32.158067864705885
0.05340000  32.188646294117646
0.05342000  32.21922472352941
0.05344000  32.249803152941176
0.05346000  32.280381582352945
0.05348000  32.310960011764706
0.05350000  32.34153844117647
0.05352000  32.372116870588236
0.05354000  32.402695300000005
0.05356000  32.433273729411766
0.05358000  32.46385215882353
0.05360000  32.49443058823529
0.05362000  32.52500901764706
0.05364000  32.55558744705883
0.05366000  32.58616587647059
0.05368000  32.61674430588235
0.05370000  32.64732273529412
0.05372000  32.67790116470589
0.05374000  32.70847959411765
0.05376000  32.73905802352941
0.05378000  32.76963645294118
0.05380000  32.80021488235294
0.05382000  32.83079331176471
0.05384000  32.86137174117647
0.05386000  32.89195017058823
0.05388000  32.9225286
0.05390000  32.95310702941177
0.05392000  32.98368545882353
0.05394000  33.01426388823529
0.05396000  33.04484231764706
0.05398000  33.07542074705883
0.05400000  33.10599917647059
0.05402000  33.13657760588235
0.05404000  33.16715603529411
0.05406000  33.19773446470588
0.05408000  33.22831289411765
0.05410000  33.25889132352941
0.05412000  33.28946975294117
0.05414000  33.32004818235294
0.05416000  33.35062661176471
0.05418000  33.38120504117647
0.05420000  33.41178347058823
0.05422000  33.4423619
0.05424000  33.47294032941176
0.05426000  33.50351875882353
0.05428000  33.53409718823529
0.05430000  33.564675617647055
0.05432000  33.59525404705882
0.05434000  33.62583247647059
0.05436000  33.65641090588235
0.05438000  33.686989335294115
0.05440000  33.71756776470588
0.05442000  33.74814619411765
0.05444000  33.77872462352941
0.05446000  33.809303052941175
0.05448000  33.839881482352936
0.05450000  33.870459911764705
0.05452000  33.90103834117647
0.05454000  33.931616770588235
0.05456000  33.9621952
0.05458000  33.992773629411765
0.05460000  34.023352058823534
0.05462000  34.053930488235295
0.05464000  34.08450891764706
0.05466000  34.11508734705882
0.05468000  34.14566577647059
0.05470000  34.176244205882355
0.05472000  34.20682263529412
0.05474000  34.23740106470588
0.05476000  34.26797949411765
0.05478000  34.298557923529415
0.05480000  34.32913635294118
0.05482000  34.35971478235294
0.05484000  34.39029321176471
0.05486000  34.420871641176475
0.05488000  34.45145007058824
0.05490000  34.4820285
0.05492000  34.51260692941176
0.05494000  34.54318535882353
0.05496000  34.5737637882353
0.05498000  34.60434221764706
0.05500000  34.63492064705882
0.05502000  34.66549907647059
0.05504000  34.69607750588236
0.05506000  34.72665593529412
0.05508000  34.75723436470588
0.05510000  34.78781279411764
0.05512000  34.81839122352941
0.05514000  34.84896965294118
0.05516000  34.87954808235294
0.05518000  34.9101265117647
0.05520000  34.94070494117647
0.05522000  34.97128337058824
0.05524000  35.0018618
0.05526000  35.03244022941176
0.05528000  35.06301865882353
0.05530000  35.0935970882353
0.05532000  35.12417551764706
0.05534000  35.15475394705882
0.05536000  35.18533237647058
0.05538000  35.21591080588235
0.05540000  35.24648923529412
0.05542000  35.27706766470588
0.05544000  35.30764609411764
0.05546000  35.33822452352941
0.05548000  35.36880295294118
0.05550000  35.39938138235294
0.05552000  35.429959811764704
0.05554000  35.460538241176465
0.05556000  35.491116670588234
0.05558000  35.5216951
0.05560000  35.552273529411764
0.05562000  35.582851958823525
0.05564000  35.613430388235294
0.05566000  35.64400881764706
0.05568000  35.674587247058824
0.05570000  35.705165676470585
0.05572000  35.735744105882354
0.05574000  35.76632253529412
0.05576000  35.796900964705884
0.05578000  35.827479394117645
0.05580000  35.85805782352941
0.05582000  35.888636252941176
0.05584000  35.919214682352944
0.05586000  35.949793111764706
0.05588000  35.98037154117647
0.05590000  36.010949970588236
0.05592000  36.041528400000004
0.05594000  36.072106829411766
0.05596000  36.10268525882353
0.05598000  36.13326368823529
0.05600000  36.16384211764706
0.05602000  36.194420547058826
0.05604000  36.22499897647059
0.05606000  36.25557740588235
0.05608000  36.28615583529412
0.05610000  36.316734264705886
0.05612000  36.34731269411765
0.05614000  36.37789112352941
0.05616000  36.40846955294118
0.05618000  36.439047982352946
0.05620000  36.46962641176471
0.05622000  36.50020484117647
0.05624000  36.53078327058823
0.05626000  36.5613617
0.05628000  36.59194012941177
0.05630000  36.62251855882353
0.05632000  36.65309698823529
0.05634000  36.68367541764706
0.05636000  36.71425384705883
0.05638000  36.74483227647059
0.05640000  36.77541070588235
0.05642000  36.80598913529411
0.05644000  36.83656756470588
0.05646000  36.86714599411765
0.05648000  36.89772442352941
0.05650000  36.92830285294117
0.05652000  36.95888128235294
0.05654000  36.98945971176471
0.05656000  37.02003814117647
0.05658000  37.05061657058823
0.05660000  37.081195
0.05662000  37.11177342941176
0.05664000  37.14235185882353
0.05666000  37.17293028823529
0.05668000  37.203508717647054
0.05670000  37.23408714705882
0.05672000  37.26466557647059
0.05674000  37.29524400588235
0.05676000  37.325822435294114
0.05678000  37.35640086470588
0.05680000  37.38697929411765
0.05682000  37.41755772352941
0.05684000  37.448136152941174
0.05686000  37.478714582352936
0.05688000  37.509293011764704
0.05690000  37.53987144117647
0.05692000  37.570449870588234
0.05694000  37.601028299999996
0.05696000  37.631606729411764
0.05698000  37.66218515882353
0.05700000  37.692763588235294
0.05702000  37.723342017647056
0.05704000  37.753920447058825
0.05706000  37.784498876470586
0.05708000  37.815077305882355
0.05710000  37.845655735294116
0.05712000  37.87623416470588
0.05714000  37.906812594117646
0.05716000  37.937391023529415
0.05718000  37.967969452941176
0.05720000  37.99854788235294
0.05722000  38.029126311764706
0.05724000  38.059704741176475
0.05726000  38.090283170588236
0.05728000  38.1208616
0.05730000  38.15144002941176
0.05732000  38.18201845882353
0.05734000  38.212596888235296
0.05736000  38.24317531764706
0.05738000  38.27375374705882
0.05740000  38.30433217647059
0.05742000  38.33491060588236
0.05744000  38.36548903529412
0.05746000  38.39606746470588
0.05748000  38.42664589411765
0.05750000  38.45722432352941
0.05752000  38.48780275294118
0.05754000  38.51838118235294
0.05756000  38.5489596117647
0.05758000  38.57953804117647
0.05760000  38.61011647058824
0.05762000  38.6406949
0.05764000  38.67127332941176
0.05766000  38.70185175882353
0.05768000  38.7324301882353
0.05770000  38.76300861764706
0.05772000  38.79358704705882
0.05774000  38.82416547647058
0.05776000  38.85474390588235
0.05778000  38.88532233529412
0.05780000  38.91590076470588
0.05782000  38.94647919411764
0.05784000  38.97705762352941
0.05786000  39.00763605294118
0.05788000  39.03821448235294
0.05790000  39.0687929117647
0.05792000  39.09937134117647
0.05794000  39.12994977058823
0.05796000  39.1605282
0.05798000  39.19110662941176
0.05800000  39.221685058823525
0.05802000  39.25226348823529
0.05804000  39.28284191764706
0.05806000  39.31342034705882
0.05808000  39.343998776470585
0.05810000  39.37457720588235
0.05812000  39.40515563529412
0.05814000  39.43573406470588
0.05816000  39.466312494117645
0.05818000  39.496890923529406
0.05820000  39.527469352941175
0.05822000  39.55804778235294
0.05824000  39.588626211764705
0.05826000  39.61920464117647
0.05828000  39.649783070588235
0.05830000  39.680361500000004
0.05832000  39.710939929411765
0.05834000  39.74151835882353
0.05836000  39.772096788235295
0.05838000  39.80267521764706
0.05840000  39.833253647058825
0.05842000  39.86383207647059
0.05844000  39.89441050588235
0.05846000  39.92498893529412
0.05848000  39.955567364705885
0.05850000  39.98614579411765
0.05852000  40.01672422352941
0.05854000  40.04730265294118
0.05856000  40.077881082352945
0.05858000  40.10845951176471
0.05860000  40.13903794117647
0.05862000  40.16961637058823
0.05864000  40.2001948
0.05866000  40.23077322941177
0.05868000  40.26135165882353
0.05870000  40.29193008823529
0.05872000  40.32250851764706
0.05874000  40.35308694705883
0.05876000  40.38366537647059
0.05878000  40.41424380588235
0.05880000  40.44482223529411
0.05882000  40.47540066470588
0.05884000  40.50597909411765
0.05886000  40.53655752352941
0.05888000  40.56713595294117
0.05890000  40.59771438235294
0.05892000  40.62829281176471
0.05894000  40.65887124117647
0.05896000  40.68944967058823
0.05898000  40.7200281
0.05900000  40.75060652941177
0.05902000  40.78118495882353
0.05904000  40.81176338823529
0.05906000  40.84234181764705
0.05908000  40.87292024705882
0.05910000  40.90349867647059
0.05912000  40.93407710588235
0.05914000  40.96465553529411
0.05916000  40.99523396470588
0.05918000  41.02581239411765
0.05920000  41.05639082352941
0.05922000  41.086969252941174
0.05924000  41.117547682352935
0.05926000  41.148126111764704
0.05928000  41.17870454117647
0.05930000  41.209282970588234
0.05932000  41.239861399999995
0.05934000  41.270439829411764
0.05936000  41.30101825882353
0.05938000  41.331596688235294
0.05940000  41.362175117647055
0.05942000  41.392753547058824
0.05944000  41.42333197647059
0.05946000  41.453910405882354
0.05948000  41.484488835294115
0.05950000  41.51506726470588
0.05952000  41.545645694117646
0.05954000  41.576224123529414
0.05956000  41.606802552941176
0.05958000  41.63738098235294
0.05960000  41.667959411764706
0.05962000  41.698537841176474
0.05964000  41.729116270588236
0.05966000  41.7596947
0.05968000  41.79027312941176
0.05970000  41.82085155882353
0.05972000  41.851429988235296
0.05974000  41.88200841764706
0.05976000  41.91258684705882
0.05978000  41.94316527647059
0.05980000  41.973743705882356
0.05982000  42.00432213529412
0.05984000  42.03490056470588
0.05986000  42.06547899411765
0.05988000  42.096057423529416
0.05990000  42.12663585294118
0.05992000  42.15721428235294
0.05994000  42.1877927117647
0.05996000  42.21837114117647
0.05998000  42.24894957058824
0.06000000  42.279528
0.06002000  42.551278
0.06004000  42.80263
0.06006000  43.034983
0.06008000  43.250696
0.06010000  43.464793
0.06012000  43.72124
0.06014000  44.066638
0.06016000  44.533465
0.06018000  45.160695
0.06020000  45.992999
0.06022000  47.136833
0.06024000  48.912213
0.06026000  51.744429
0.06028000  56.237998
0.06030000  63.383244
0.06032000  74.872947
0.06034000  93.619708
0.06036000  124.531433
0.06038000  174.212427
0.06040000  247.546771
0.06042000  351.225029
0.06044000  506.803663
0.06046000  780.308375
0.06048000  1368.54442
0.06050000  2759.599717
0.06052000  5570.235668
0.06054000  9962.180606
0.06056000  14544.855589
0.06058000  16767.876611
0.06060000  14678.273361
0.06062000  9679.161681
0.06064000  5134.746457
0.06066000  2475.692419
0.06068000  1229.358558
0.06070000  658.931925
0.06072000  379.963578
0.06074000  232.912211
0.06076000  150.146777
0.06078000  101.287009
0.06080000  71.668743
0.06082000  53.358539
0.06084000  41.772036
0.06086000  34.231671
0.06088000  29.179762
0.06090000  25.702613
0.06092000  23.252035
0.06094000  21.490551
0.06096000  20.204034
0.06098000  19.251969
0.06100000  18.54
0.06102000  18.00348
0.06104000  17.597038
0.06106000  17.287893
0.06108000  17.052605
0.06110000  16.873151
0.06112000  16.736396
0.06114000  16.632378
0.06116000  16.553761
0.06118000  16.49473
0.06120000  16.450991
0.06122000  16.419255
0.06124000  16.396849
0.06126000  16.38159
0.06128000  16.37199
0.06130000  16.366571
0.06132000  16.364314
0.06134000  16.364201
0.06136000  16.365443
0.06138000  16.367474
0.06140000  16.369506
0.06142000  16.371651
0.06144000  16.373684
0.06146000  16.375604
0.06148000  16.377298
0.06150000  16.378653
0.06152000  16.37967
0.06154000  16.380461
0.06156000  16.380912
0.06158000  16.381138
0.06160000  16.381251
0.06162000  16.381025
0.06164000  16.380686
0.06166000  16.380235
0.06168000  16.37967
0.06170000  16.378992
0.06172000  16.378314
0.06174000  16.377524
0.06176000  16.37662
0.06178000  16.375717
0.06180000  16.3747
0.06182000  16.373797
0.06184000  16.37278
0.06186000  16.371651
0.06188000  16.370635
0.06190000  16.369506
0.06192000  16.368377
0.06194000  16.367249
0.06196000  16.36612
0.06198000  16.364878
0.06200000  16.363637
0.06202000  16.362508
0.06204000  16.361267
0.06206000  16.359913
0.06208000  16.358672
0.06210000  16.357431
0.06212000  16.356077
0.06214000  16.354837
0.06216000  16.353483
0.06218000  16.35213
0.06220000  16.350777
0.06222000  16.349424
0.06224000  16.347958
0.06226000  16.346605
0.06228000  16.345139
0.06230000  16.343787
0.06232000  16.342322
0.06234000  16.340856
0.06236000  16.339392
0.06238000  16.337927
0.06240000  16.336462
0.06242000  16.334997
0.06244000  16.333533
0.06246000  16.331956
0.06248000  16.330492
0.06250000  16.328915
0.06252000  16.327339
0.06254000  16.325762
0.06256000  16.324299
0.06258000  16.322723
0.06260000  16.321147
0.06262000  16.319458
0.06264000  16.317883
0.06266000  16.316307
0.06268000  16.314732
0.06270000  16.313044
0.06272000  16.311469
0.06274000  16.309782
0.06276000  16.308095
0.06278000  16.30652
0.06280000  16.304834
0.06282000  16.303147
0.06284000  16.301461
0.06286000  16.299774
0.06288000  16.298088
0.06290000  16.296402
0.06292000  16.294717
0.06294000  16.293031
0.06296000  16.291346
0.06298000  16.28966
0.06300000  16.287863
