0.00000000  42.276029
0.00002000  42.547463
0.00004000  42.798792
0.00006000  43.031124
0.00008000  43.246819
0.00010000  43.460897
0.00012000  43.71732
0.00014000  44.062383
0.00016000  44.529165
0.00018000  45.156335
0.00020000  45.988559
0.00022000  47.132282
0.00024000  48.907491
0.00026000  51.738363
0.00028000  56.227139
0.00030000  63.358333
0.00032000  74.806882
0.00034000  93.439744
0.00036000  124.045423
0.00038000  172.956638
0.00040000  244.524811
0.00042000  344.443673
0.00044000  492.201996
0.00046000  748.833588
0.00048000  1294.655012
0.00050000  2563.204037
0.00052000  5036.092414
0.00054000  8664.646763
0.00056000  12014.07336
0.00058000  13026.363876
0.00060000  10600.700904
0.00062000  6425.837796
0.00064000  3126.993019
0.00066000  1401.438813
0.00068000  662.655145
0.00070000  346.741259
0.00072000  199.131429
0.00074000  123.37398
0.00076000  81.398607
0.00078000  56.814561
0.00080000  41.944666
0.00082000  32.745032
0.00084000  26.920159
0.00086000  23.137501
0.00088000  20.620145
0.00090000  18.908925
0.00092000  17.725416
0.00094000  16.895858
0.00096000  16.30922
0.00098000  15.891522
0.00100000  15.593186
0.00102000  15.380114
0.00104000  15.22834
0.00106000  15.121071
0.00108000  15.046173
0.00110000  14.994896
0.00112000  14.960602
0.00114000  14.938642
0.00116000  14.925769
0.00118000  14.919491
0.00120000  14.918154
0.00122000  14.920417
0.00124000  14.925152
0.00126000  14.931844
0.00128000  14.939878
0.00130000  14.948742
0.00132000  14.958023
0.00134000  14.967517
0.00136000  14.976913
0.00138000  14.985799
0.00140000  14.994276
0.00142000  15.002033
0.00144000  15.009381
0.00146000  15.016318
0.00148000  15.022844
0.00150000  15.028958
0.00152000  15.034763
0.00154000  15.040156
0.00156000  15.045343
0.00158000  15.050324
0.00160000  15.0551
0.00162000  15.059773
0.00164000  15.064239
0.00166000  15.068499
0.00168000  15.072761
0.00170000  15.077023
0.00172000  15.081079
0.00174000  15.085032
0.00176000  15.088986
0.00178000  15.092941
0.00180000  15.096792
0.00182000  15.100541
0.00184000  15.104291
0.00186000  15.107937
0.00188000  15.111584
0.00190000  15.115232
0.00192000  15.118777
0.00194000  15.122218
0.00196000  15.12566
0.00198000  15.129103
0.00200000  15.132442
0.00202000  15.135782
0.00204000  15.139123
0.00206000  15.14236
0.00208000  15.145493
0.00210000  15.148627
0.00212000  15.151761
0.00214000  15.154896
0.00216000  15.157928
0.00218000  15.160855
0.00220000  15.163783
0.00222000  15.166711
0.00224000  15.16964
0.00226000  15.172465
0.00228000  15.175186
0.00230000  15.178012
0.00232000  15.180734
0.00234000  15.183352
0.00236000  15.18597
0.00238000  15.188588
0.00240000  15.191207
0.00242000  15.193722
0.00244000  15.196237
0.00246000  15.198647
0.00248000  15.201058
0.00250000  15.20347
0.00252000  15.205777
0.00254000  15.208084
0.00256000  15.210392
0.00258000  15.2127
0.00260000  15.214903
0.00262000  15.217107
0.00264000  15.219206
0.00266000  15.221305
0.00268000  15.223405
0.00270000  15.225505
0.00272000  15.2275
0.00274000  15.229495
0.00276000  15.231491
0.00278000  15.233382
0.00280000  15.235273
0.00282000  15.237164
0.00284000  15.238951
0.00286000  15.240843
0.00288000  15.24263
0.00290000  15.244417
0.00292000  15.246099
0.00294000  15.247782
0.00296000  15.249464
0.00298000  15.251147
0.00300000  15.25283
0.00302000  15.284621998823528
0.00304000  15.316413997647059
0.00306000  15.348205996470588
0.00308000  15.379997995294117
0.00310000  15.411789994117646
0.00312000  15.443581992941176
0.00314000  15.475373991764705
0.00316000  15.507165990588234
0.00318000  15.538957989411765
0.00320000  15.570749988235294
0.00322000  15.602541987058823
0.00324000  15.634333985882352
0.00326000  15.666125984705882
0.00328000  15.697917983529411
0.00330000  15.72970998235294
0.00332000  15.76150198117647
0.00334000  15.79329398
0.00336000  15.825085978823529
0.00338000  15.85687797764706
0.00340000  15.888669976470588
0.00342000  15.920461975294117
0.00344000  15.952253974117646
0.00346000  15.984045972941177
0.00348000  16.015837971764704
0.00350000  16.047629970588236
0.00352000  16.079421969411765
0.00354000  16.111213968235294
0.00356000  16.143005967058823
0.00358000  16.17479796588235
0.00360000  16.20658996470588
0.00362000  16.23838196352941
0.00364000  16.270173962352942
0.00366000  16.30196596117647
0.00368000  16.33375796
0.00370000  16.36554995882353
0.00372000  16.397341957647058
0.00374000  16.429133956470586
0.00376000  16.460925955294115
0.00378000  16.492717954117648
0.00380000  16.524509952941177
0.00382000  16.556301951764706
0.00384000  16.588093950588235
0.00386000  16.619885949411763
0.00388000  16.651677948235292
0.00390000  16.683469947058825
0.00392000  16.715261945882354
0.00394000  16.747053944705883
0.00396000  16.77884594352941
0.00398000  16.81063794235294
0.00400000  16.84242994117647
0.00402000  16.874221939999998
0.00404000  16.906013938823527
0.00406000  16.93780593764706
0.00408000  16.96959793647059
0.00410000  17.001389935294117
0.00412000  17.033181934117646
0.00414000  17.064973932941175
0.00416000  17.096765931764704
0.00418000  17.128557930588237
0.00420000  17.160349929411765
0.00422000  17.192141928235294
0.00424000  17.223933927058823
0.00426000  17.255725925882352
0.00428000  17.28751792470588
0.00430000  17.31930992352941
0.00432000  17.35110192235294
0.00434000  17.38289392117647
0.00436000  17.41468592
0.00438000  17.44647791882353
0.00440000  17.478269917647058
0.00442000  17.510061916470587
0.00444000  17.541853915294116
0.00446000  17.573645914117648
0.00448000  17.605437912941177
0.00450000  17.637229911764706
0.00452000  17.669021910588235
0.00454000  17.700813909411764
0.00456000  17.732605908235293
0.00458000  17.76439790705882
0.00460000  17.79618990588235
0.00462000  17.827981904705883
0.00464000  17.859773903529412
0.00466000  17.89156590235294
0.00468000  17.92335790117647
0.00470000  17.9551499
0.00472000  17.986941898823527
0.00474000  18.01873389764706
0.00476000  18.05052589647059
0.00478000  18.082317895294118
0.00480000  18.114109894117647
0.00482000  18.145901892941176
0.00484000  18.177693891764704
0.00486000  18.209485890588233
0.00488000  18.241277889411766
0.00490000  18.273069888235295
0.00492000  18.304861887058824
0.00494000  18.336653885882352
0.00496000  18.36844588470588
0.00498000  18.40023788352941
0.00500000  18.432029882352943
0.00502000  18.46382188117647
0.00504000  18.49561388
0.00506000  18.52740587882353
0.00508000  18.55919787764706
0.00510000  18.590989876470587
0.00512000  18.622781875294116
0.00514000  18.654573874117645
0.00516000  18.686365872941177
0.00518000  18.718157871764706
0.00520000  18.749949870588235
0.00522000  18.781741869411764
0.00524000  18.813533868235293
0.00526000  18.845325867058822
0.00528000  18.877117865882354
0.00530000  18.908909864705883
0.00532000  18.940701863529412
0.00534000  18.97249386235294
0.00536000  19.00428586117647
0.00538000  19.03607786
0.00540000  19.067869858823528
0.00542000  19.099661857647057
0.00544000  19.13145385647059
0.00546000  19.163245855294118
0.00548000  19.195037854117647
0.00550000  19.226829852941176
0.00552000  19.258621851764705
0.00554000  19.290413850588234
0.00556000  19.322205849411766
0.00558000  19.353997848235295
0.00560000  19.385789847058824
0.00562000  19.417581845882353
0.00564000  19.44937384470588
0.00566000  19.48116584352941
0.00568000  19.51295784235294
0.00570000  19.54474984117647
0.00572000  19.57654184
0.00574000  19.60833383882353
0.00576000  19.64012583764706
0.00578000  19.671917836470588
0.00580000  19.703709835294116
0.00582000  19.73550183411765
0.00584000  19.767293832941178
0.00586000  19.799085831764707
0.00588000  19.830877830588236
0.00590000  19.862669829411765
0.00592000  19.894461828235293
0.00594000  19.926253827058822
0.00596000  19.95804582588235
0.00598000  19.98983782470588
0.00600000  20.021629823529413
0.00602000  20.05342182235294
0.00604000  20.08521382117647
0.00606000  20.11700582
0.00608000  20.148797818823528
0.00610000  20.18058981764706
0.00612000  20.21238181647059
0.00614000  20.24417381529412
0.00616000  20.275965814117647
0.00618000  20.307757812941176
0.00620000  20.339549811764705
0.00622000  20.371341810588234
0.00624000  20.403133809411763
0.00626000  20.434925808235292
0.00628000  20.466717807058824
0.00630000  20.498509805882353
0.00632000  20.530301804705882
0.00634000  20.56209380352941
0.00636000  20.59388580235294
0.00638000  20.625677801176472
0.00640000  20.6574698
0.00642000  20.68926179882353
0.00644000  20.72105379764706
0.00646000  20.752845796470588
0.00648000  20.784637795294117
0.00650000  20.816429794117646
0.00652000  20.848221792941175
0.00654000  20.880013791764704
0.00656000  20.911805790588236
0.00658000  20.943597789411765
0.00660000  20.975389788235294
0.00662000  21.007181787058823
0.00664000  21.03897378588235
0.00666000  21.070765784705884
0.00668000  21.102557783529413
0.00670000  21.134349782352942
0.00672000  21.16614178117647
0.00674000  21.19793378
0.00676000  21.22972577882353
0.00678000  21.261517777647057
0.00680000  21.293309776470586
0.00682000  21.325101775294115
0.00684000  21.356893774117648
0.00686000  21.388685772941177
0.00688000  21.420477771764705
0.00690000  21.452269770588234
0.00692000  21.484061769411763
0.00694000  21.515853768235296
0.00696000  21.547645767058825
0.00698000  21.579437765882354
0.00700000  21.611229764705882
0.00702000  21.64302176352941
0.00704000  21.67481376235294
0.00706000  21.70660576117647
0.00708000  21.738397759999998
0.00710000  21.77018975882353
0.00712000  21.80198175764706
0.00714000  21.83377375647059
0.00716000  21.865565755294117
0.00718000  21.897357754117646
0.00720000  21.929149752941175
0.00722000  21.960941751764707
0.00724000  21.992733750588236
0.00726000  22.024525749411765
0.00728000  22.056317748235294
0.00730000  22.088109747058823
0.00732000  22.119901745882352
0.00734000  22.15169374470588
0.00736000  22.18348574352941
0.00738000  22.215277742352942
0.00740000  22.24706974117647
0.00742000  22.27886174
0.00744000  22.31065373882353
0.00746000  22.342445737647058
0.00748000  22.37423773647059
0.00750000  22.40602973529412
0.00752000  22.437821734117648
0.00754000  22.469613732941177
0.00756000  22.501405731764706
0.00758000  22.533197730588235
0.00760000  22.564989729411764
0.00762000  22.596781728235293
0.00764000  22.62857372705882
0.00766000  22.660365725882354
0.00768000  22.692157724705883
0.00770000  22.72394972352941
0.00772000  22.75574172235294
0.00774000  22.78753372117647
0.00776000  22.819325720000002
0.00778000  22.85111771882353
0.00780000  22.88290971764706
0.00782000  22.91470171647059
0.00784000  22.946493715294118
0.00786000  22.978285714117646
0.00788000  23.010077712941175
0.00790000  23.041869711764704
0.00792000  23.073661710588233
0.00794000  23.105453709411766
0.00796000  23.137245708235294
0.00798000  23.169037707058823
0.00800000  23.200829705882352
0.00802000  23.23262170470588
0.00804000  23.264413703529414
0.00806000  23.296205702352943
0.00808000  23.32799770117647
0.00810000  23.3597897
0.00812000  23.39158169882353
0.00814000  23.423373697647058
0.00816000  23.455165696470587
0.00818000  23.486957695294116
0.00820000  23.518749694117645
0.00822000  23.550541692941174
0.00824000  23.582333691764706
0.00826000  23.614125690588235
0.00828000  23.645917689411764
0.00830000  23.677709688235296
0.00832000  23.709501687058825
0.00834000  23.741293685882354
0.00836000  23.773085684705883
0.00838000  23.804877683529412
0.00840000  23.83666968235294
0.00842000  23.86846168117647
0.00844000  23.90025368
0.00846000  23.932045678823528
0.00848000  23.963837677647057
0.00850000  23.995629676470585
0.00852000  24.027421675294118
0.00854000  24.059213674117647
0.00856000  24.091005672941176
0.00858000  24.122797671764708
0.00860000  24.154589670588237
0.00862000  24.186381669411766
0.00864000  24.218173668235295
0.00866000  24.249965667058824
0.00868000  24.281757665882353
0.00870000  24.31354966470588
0.00872000  24.34534166352941
0.00874000  24.37713366235294
0.00876000  24.40892566117647
0.00878000  24.44071766
0.00880000  24.47250965882353
0.00882000  24.50430165764706
0.00884000  24.536093656470587
0.00886000  24.56788565529412
0.00888000  24.59967765411765
0.00890000  24.631469652941178
0.00892000  24.663261651764707
0.00894000  24.695053650588235
0.00896000  24.726845649411764
0.00898000  24.758637648235293
0.00900000  24.790429647058822
0.00902000  24.82222164588235
0.00904000  24.85401364470588
0.00906000  24.885805643529412
0.00908000  24.91759764235294
0.00910000  24.94938964117647
0.00912000  24.98118164
0.00914000  25.01297363882353
0.00916000  25.04476563764706
0.00918000  25.07655763647059
0.00920000  25.10834963529412
0.00922000  25.140141634117647
0.00924000  25.171933632941176
0.00926000  25.203725631764705
0.00928000  25.235517630588234
0.00930000  25.267309629411763
0.00932000  25.29910162823529
0.00934000  25.330893627058824
0.00936000  25.362685625882353
0.00938000  25.394477624705882
0.00940000  25.42626962352941
0.00942000  25.458061622352943
0.00944000  25.489853621176472
0.00946000  25.52164562
0.00948000  25.55343761882353
0.00950000  25.58522961764706
0.00952000  25.617021616470588
0.00954000  25.648813615294117
0.00956000  25.680605614117646
0.00958000  25.712397612941174
0.00960000  25.744189611764703
0.00962000  25.775981610588236
0.00964000  25.807773609411765
0.00966000  25.839565608235294
0.00968000  25.871357607058826
0.00970000  25.903149605882355
0.00972000  25.934941604705884
0.00974000  25.966733603529413
0.00976000  25.99852560235294
0.00978000  26.03031760117647
0.00980000  26.0621096
0.00982000  26.09390159882353
0.00984000  26.125693597647057
0.00986000  26.157485596470586
0.00988000  26.189277595294115
0.00990000  26.221069594117647
0.00992000  26.252861592941176
0.00994000  26.284653591764705
0.00996000  26.316445590588238
0.00998000  26.348237589411767
0.01000000  26.380029588235296
0.01002000  26.411821587058824
0.01004000  26.443613585882353
0.01006000  26.475405584705882
0.01008000  26.50719758352941
0.01010000  26.53898958235294
0.01012000  26.57078158117647
0.01014000  26.602573579999998
0.01016000  26.634365578823527
0.01018000  26.66615757764706
0.01020000  26.697949576470588
0.01022000  26.729741575294117
0.01024000  26.76153357411765
0.01026000  26.79332557294118
0.01028000  26.825117571764707
0.01030000  26.856909570588236
0.01032000  26.888701569411765
0.01034000  26.920493568235294
0.01036000  26.952285567058823
0.01038000  26.98407756588235
0.01040000  27.01586956470588
0.01042000  27.04766156352941
0.01044000  27.079453562352942
0.01046000  27.11124556117647
0.01048000  27.14303756
0.01050000  27.17482955882353
0.01052000  27.20662155764706
0.01054000  27.23841355647059
0.01056000  27.27020555529412
0.01058000  27.301997554117648
0.01060000  27.333789552941177
0.01062000  27.365581551764706
0.01064000  27.397373550588235
0.01066000  27.429165549411763
0.01068000  27.460957548235292
0.01070000  27.49274954705882
0.01072000  27.524541545882354
0.01074000  27.556333544705883
0.01076000  27.58812554352941
0.01078000  27.61991754235294
0.01080000  27.651709541176473
0.01082000  27.68350154
0.01084000  27.71529353882353
0.01086000  27.74708553764706
0.01088000  27.77887753647059
0.01090000  27.810669535294117
0.01092000  27.842461534117646
0.01094000  27.874253532941175
0.01096000  27.906045531764704
0.01098000  27.937837530588233
0.01100000  27.969629529411765
0.01102000  28.001421528235294
0.01104000  28.033213527058823
0.01106000  28.065005525882352
0.01108000  28.096797524705885
0.01110000  28.128589523529413
0.01112000  28.160381522352942
0.01114000  28.19217352117647
0.01116000  28.22396552
0.01118000  28.25575751882353
0.01120000  28.287549517647058
0.01122000  28.319341516470587
0.01124000  28.351133515294116
0.01126000  28.382925514117645
0.01128000  28.414717512941177
0.01130000  28.446509511764706
0.01132000  28.478301510588235
0.01134000  28.510093509411767
0.01136000  28.541885508235296
0.01138000  28.573677507058825
0.01140000  28.605469505882354
0.01142000  28.637261504705883
0.01144000  28.669053503529412
0.01146000  28.70084550235294
0.01148000  28.73263750117647
0.01150000  28.7644295
0.01152000  28.796221498823527
0.01154000  28.828013497647056
0.01156000  28.85980549647059
0.01158000  28.891597495294118
0.01160000  28.923389494117647
0.01162000  28.95518149294118
0.01164000  28.986973491764708
0.01166000  29.018765490588237
0.01168000  29.050557489411766
0.01170000  29.082349488235295
0.01172000  29.114141487058824
0.01174000  29.145933485882352
0.01176000  29.17772548470588
0.01178000  29.20951748352941
0.01180000  29.24130948235294
0.01182000  29.273101481176468
0.01184000  29.30489348
0.01186000  29.33668547882353
0.01188000  29.36847747764706
0.01190000  29.40026947647059
0.01192000  29.43206147529412
0.01194000  29.46385347411765
0.01196000  29.495645472941177
0.01198000  29.527437471764706
0.01200000  29.559229470588235
0.01202000  29.591021469411764
0.01204000  29.622813468235293
0.01206000  29.654605467058822
0.01208000  29.68639746588235
0.01210000  29.718189464705883
0.01212000  29.749981463529412
0.01214000  29.78177346235294
0.01216000  29.81356546117647
0.01218000  29.845357460000002
0.01220000  29.87714945882353
0.01222000  29.90894145764706
0.01224000  29.94073345647059
0.01226000  29.972525455294118
0.01228000  30.004317454117647
0.01230000  30.036109452941176
0.01232000  30.067901451764705
0.01234000  30.099693450588234
0.01236000  30.131485449411763
0.01238000  30.163277448235295
0.01240000  30.195069447058824
0.01242000  30.226861445882353
0.01244000  30.25865344470588
0.01246000  30.290445443529414
0.01248000  30.322237442352943
0.01250000  30.354029441176472
0.01252000  30.38582144
0.01254000  30.41761343882353
0.01256000  30.44940543764706
0.01258000  30.481197436470588
0.01260000  30.512989435294116
0.01262000  30.544781434117645
0.01264000  30.576573432941174
0.01266000  30.608365431764707
0.01268000  30.640157430588236
0.01270000  30.671949429411764
0.01272000  30.703741428235293
0.01274000  30.735533427058826
0.01276000  30.767325425882355
0.01278000  30.799117424705884
0.01280000  30.830909423529413
0.01282000  30.86270142235294
0.01284000  30.89449342117647
0.01286000  30.92628542
0.01288000  30.958077418823528
0.01290000  30.989869417647057
0.01292000  31.021661416470586
0.01294000  31.05345341529412
0.01296000  31.085245414117647
0.01298000  31.117037412941176
0.01300000  31.14882941176471
0.01302000  31.180621410588238
0.01304000  31.212413409411766
0.01306000  31.244205408235295
0.01308000  31.275997407058824
0.01310000  31.307789405882353
0.01312000  31.339581404705882
0.01314000  31.37137340352941
0.01316000  31.40316540235294
0.01318000  31.434957401176472
0.01320000  31.4667494
0.01322000  31.49854139882353
0.01324000  31.53033339764706
0.01326000  31.562125396470588
0.01328000  31.593917395294117
0.01330000  31.625709394117646
0.01332000  31.657501392941178
0.01334000  31.689293391764707
0.01336000  31.721085390588236
0.01338000  31.752877389411765
0.01340000  31.784669388235294
0.01342000  31.816461387058823
0.01344000  31.84825338588235
0.01346000  31.880045384705884
0.01348000  31.911837383529413
0.01350000  31.943629382352942
0.01352000  31.97542138117647
0.01354000  32.007213379999996
0.01356000  32.03900537882353
0.01358000  32.070797377647054
0.01360000  32.10258937647059
0.01362000  32.13438137529412
0.01364000  32.16617337411765
0.01366000  32.19796537294118
0.01368000  32.229757371764705
0.01370000  32.261549370588234
0.01372000  32.29334136941176
0.01374000  32.3251333682353
0.01376000  32.35692536705882
0.01378000  32.38871736588236
0.01380000  32.42050936470588
0.01382000  32.452301363529415
0.01384000  32.48409336235294
0.01386000  32.51588536117647
0.01388000  32.54767736
0.01390000  32.57946935882353
0.01392000  32.61126135764706
0.01394000  32.64305335647059
0.01396000  32.67484535529412
0.01398000  32.706637354117646
0.01400000  32.738429352941175
0.01402000  32.770221351764704
0.01404000  32.80201335058824
0.01406000  32.83380534941176
0.01408000  32.8655973482353
0.01410000  32.89738934705882
0.01412000  32.929181345882355
0.01414000  32.960973344705884
0.01416000  32.99276534352941
0.01418000  33.02455734235294
0.01420000  33.05634934117647
0.01422000  33.08814134
0.01424000  33.11993333882353
0.01426000  33.15172533764706
0.01428000  33.18351733647059
0.01430000  33.21530933529412
0.01432000  33.247101334117644
0.01434000  33.27889333294118
0.01436000  33.3106853317647
0.01438000  33.34247733058824
0.01440000  33.37426932941176
0.01442000  33.406061328235296
0.01444000  33.437853327058825
0.01446000  33.469645325882354
0.01448000  33.50143732470588
0.01450000  33.53322932352941
0.01452000  33.56502132235294
0.01454000  33.59681332117647
0.01456000  33.628605320000005
0.01458000  33.66039731882353
0.01460000  33.69218931764706
0.01462000  33.723981316470585
0.01464000  33.75577331529412
0.01466000  33.78756531411764
0.01468000  33.81935731294118
0.01470000  33.85114931176471
0.01472000  33.88294131058824
0.01474000  33.914733309411766
0.01476000  33.946525308235294
0.01478000  33.97831730705882
0.01480000  34.01010930588235
0.01482000  34.04190130470588
0.01484000  34.07369330352941
0.01486000  34.105485302352946
0.01488000  34.13727730117647
0.01490000  34.169069300000004
0.01492000  34.200861298823526
0.01494000  34.23265329764706
0.01496000  34.26444529647058
0.01498000  34.29623729529412
0.01500000  34.32802929411765
0.01502000  34.35982129294118
0.01504000  34.391613291764706
0.01506000  34.423405290588235
0.01508000  34.455197289411764
0.01510000  34.48698928823529
0.01512000  34.51878128705883
0.01514000  34.55057328588235
0.01516000  34.58236528470589
0.01518000  34.61415728352941
0.01520000  34.645949282352944
0.01522000  34.677741281176466
0.01524000  34.70953328
0.01526000  34.74132527882353
0.01528000  34.77311727764706
0.01530000  34.80490927647059
0.01532000  34.83670127529412
0.01534000  34.86849327411765
0.01536000  34.900285272941176
0.01538000  34.932077271764705
0.01540000  34.96386927058823
0.01542000  34.99566126941177
0.01544000  35.02745326823529
0.01546000  35.05924526705883
0.01548000  35.09103726588235
0.01550000  35.122829264705885
0.01552000  35.15462126352941
0.01554000  35.18641326235294
0.01556000  35.21820526117647
0.01558000  35.24999726
0.01560000  35.28178925882353
0.01562000  35.31358125764706
0.01564000  35.34537325647059
0.01566000  35.377165255294116
0.01568000  35.40895725411765
0.01570000  35.440749252941174
0.01572000  35.47254125176471
0.01574000  35.50433325058823
0.01576000  35.53612524941177
0.01578000  35.56791724823529
0.01580000  35.599709247058826
0.01582000  35.631501245882355
0.01584000  35.66329324470588
0.01586000  35.69508524352941
0.01588000  35.72687724235294
0.01590000  35.75866924117647
0.01592000  35.79046124
0.01594000  35.822253238823535
0.01596000  35.85404523764706
0.01598000  35.88583723647059
0.01600000  35.917629235294115
0.01602000  35.94942123411765
0.01604000  35.98121323294117
0.01606000  36.01300523176471
0.01608000  36.04479723058824
0.01610000  36.076589229411766
0.01612000  36.108381228235295
0.01614000  36.140173227058824
0.01616000  36.17196522588235
0.01618000  36.20375722470588
0.01620000  36.23554922352941
0.01622000  36.26734122235294
0.01624000  36.299133221176476
0.01626000  36.33092522
0.01628000  36.36271721882353
0.01630000  36.394509217647055
0.01632000  36.42630121647059
0.01634000  36.45809321529411
0.01636000  36.48988521411765
0.01638000  36.52167721294118
0.01640000  36.55346921176471
0.01642000  36.585261210588236
0.01644000  36.617053209411765
0.01646000  36.648845208235294
0.01648000  36.68063720705882
0.01650000  36.71242920588236
0.01652000  36.74422120470588
0.01654000  36.776013203529416
0.01656000  36.80780520235294
0.01658000  36.839597201176474
0.01660000  36.871389199999996
0.01662000  36.90318119882353
0.01664000  36.93497319764706
0.01666000  36.96676519647059
0.01668000  36.99855719529412
0.01670000  37.03034919411765
0.01672000  37.062141192941176
0.01674000  37.093933191764705
0.01676000  37.125725190588234
0.01678000  37.15751718941176
0.01680000  37.1893091882353
0.01682000  37.22110118705882
0.01684000  37.25289318588236
0.01686000  37.28468518470588
0.01688000  37.316477183529415
0.01690000  37.34826918235294
0.01692000  37.38006118117647
0.01694000  37.41185318
0.01696000  37.44364517882353
0.01698000  37.47543717764706
0.01700000  37.50722917647059
0.01702000  37.53902117529412
0.01704000  37.570813174117646
0.01706000  37.60260517294118
0.01708000  37.634397171764704
0.01710000  37.66618917058824
0.01712000  37.69798116941176
0.01714000  37.7297731682353
0.01716000  37.76156516705882
0.01718000  37.793357165882355
0.01720000  37.825149164705884
0.01722000  37.85694116352941
0.01724000  37.88873316235294
0.01726000  37.92052516117647
0.01728000  37.95231716
0.01730000  37.98410915882353
0.01732000  38.01590115764706
0.01734000  38.04769315647059
0.01736000  38.07948515529412
0.01738000  38.111277154117644
0.01740000  38.14306915294118
0.01742000  38.1748611517647
0.01744000  38.20665315058824
0.01746000  38.23844514941176
0.01748000  38.270237148235296
0.01750000  38.302029147058825
0.01752000  38.333821145882354
0.01754000  38.36561314470588
0.01756000  38.39740514352941
0.01758000  38.42919714235294
0.01760000  38.46098914117647
0.01762000  38.492781140000005
0.01764000  38.52457313882353
0.01766000  38.55636513764706
0.01768000  38.588157136470585
0.01770000  38.61994913529412
0.01772000  38.65174113411764
0.01774000  38.68353313294118
0.01776000  38.71532513176471
0.01778000  38.74711713058824
0.01780000  38.778909129411765
0.01782000  38.810701128235294
0.01784000  38.84249312705882
0.01786000  38.87428512588235
0.01788000  38.90607712470589
0.01790000  38.93786912352941
0.01792000  38.969661122352946
0.01794000  39.00145312117647
0.01796000  39.033245120000004
0.01798000  39.065037118823525
0.01800000  39.09682911764706
0.01802000  39.12862111647059
0.01804000  39.16041311529412
0.01806000  39.19220511411765
0.01808000  39.22399711294118
0.01810000  39.255789111764706
0.01812000  39.287581110588235
0.01814000  39.319373109411764
0.01816000  39.35116510823529
0.01818000  39.38295710705883
0.01820000  39.41474910588235
0.01822000  39.44654110470589
0.01824000  39.47833310352941
0.01826000  39.510125102352944
0.01828000  39.541917101176466
0.01830000  39.5737091
0.01832000  39.60550109882353
0.01834000  39.63729309764706
0.01836000  39.66908509647059
0.01838000  39.70087709529412
0.01840000  39.73266909411765
0.01842000  39.764461092941175
0.01844000  39.79625309176471
0.01846000  39.82804509058823
0.01848000  39.85983708941177
0.01850000  39.89162908823529
0.01852000  39.92342108705883
0.01854000  39.95521308588235
0.01856000  39.987005084705885
0.01858000  40.018797083529414
0.01860000  40.05058908235294
0.01862000  40.08238108117647
0.01864000  40.11417308
0.01866000  40.14596507882353
0.01868000  40.17775707764706
0.01870000  40.20954907647059
0.01872000  40.241341075294116
0.01874000  40.27313307411765
0.01876000  40.304925072941174
0.01878000  40.33671707176471
0.01880000  40.36850907058823
0.01882000  40.40030106941177
0.01884000  40.43209306823529
0.01886000  40.463885067058825
0.01888000  40.495677065882354
0.01890000  40.52746906470588
0.01892000  40.55926106352941
0.01894000  40.59105306235294
0.01896000  40.62284506117647
0.01898000  40.65463706
0.01900000  40.686429058823535
0.01902000  40.71822105764706
0.01904000  40.75001305647059
0.01906000  40.781805055294114
0.01908000  40.81359705411765
0.01910000  40.84538905294117
0.01912000  40.87718105176471
0.01914000  40.90897305058824
0.01916000  40.940765049411766
0.01918000  40.972557048235295
0.01920000  41.004349047058824
0.01922000  41.03614104588235
0.01924000  41.06793304470588
0.01926000  41.09972504352942
0.01928000  41.13151704235294
0.01930000  41.163309041176475
0.01932000  41.19510104
0.01934000  41.22689303882353
0.01936000  41.258685037647055
0.01938000  41.29047703647059
0.01940000  41.32226903529412
0.01942000  41.35406103411765
0.01944000  41.38585303294118
0.01946000  41.41764503176471
0.01948000  41.449437030588236
0.01950000  41.481229029411764
0.01952000  41.51302102823529
0.01954000  41.54481302705882
0.01956000  41.57660502588236
0.01958000  41.60839702470588
0.01960000  41.640189023529416
0.01962000  41.67198102235294
0.01964000  41.703773021176474
0.01966000  41.735565019999996
0.01968000  41.76735701882353
0.01970000  41.79914901764706
0.01972000  41.83094101647059
0.01974000  41.86273301529412
0.01976000  41.89452501411765
0.01978000  41.926317012941176
0.01980000  41.958109011764705
0.01982000  41.98990101058824
0.01984000  42.02169300941176
0.01986000  42.0534850082353
0.01988000  42.08527700705882
0.01990000  42.11706900588236
0.01992000  42.14886100470588
0.01994000  42.180653003529414
0.01996000  42.21244500235294
0.01998000  42.24423700117647
0.02000000  42.276029
0.02002000  42.547463
0.02004000  42.798792
0.02006000  43.031124
0.02008000  43.246819
0.02010000  43.460897
0.02012000  43.71732
0.02014000  44.062383
0.02016000  44.529165
0.02018000  45.156335
0.02020000  45.988559
0.02022000  47.132282
0.02024000  48.907491
0.02026000  51.738363
0.02028000  56.227139
0.02030000  63.358333
0.02032000  74.806882
0.02034000  93.439744
0.02036000  124.045423
0.02038000  172.956638
0.02040000  244.524811
0.02042000  344.443673
0.02044000  492.201996
0.02046000  748.833588
0.02048000  1294.655012
0.02050000  2563.204037
0.02052000  5036.092414
0.02054000  8664.646763
0.02056000  12014.07336
0.02058000  13026.363876
0.02060000  10600.700904
0.02062000  6425.837796
0.02064000  3126.993019
0.02066000  1401.438813
0.02068000  662.655145
0.02070000  346.741259
0.02072000  199.131429
0.02074000  123.37398
0.02076000  81.398607
0.02078000  56.814561
0.02080000  41.944666
0.02082000  32.745032
0.02084000  26.920159
0.02086000  23.137501
0.02088000  20.620145
0.02090000  18.908925
0.02092000  17.725416
0.02094000  16.895858
0.02096000  16.30922
0.02098000  15.891522
0.02100000  15.593186
0.02102000  15.380114
0.02104000  15.22834
0.02106000  15.121071
0.02108000  15.046173
0.02110000  14.994896
0.02112000  14.960602
0.02114000  14.938642
0.02116000  14.925769
0.02118000  14.919491
0.02120000  14.918154
0.02122000  14.920417
0.02124000  14.925152
0.02126000  14.931844
0.02128000  14.939878
0.02130000  14.948742
0.02132000  14.958023
0.02134000  14.967517
0.02136000  14.976913
0.02138000  14.985799
0.02140000  14.994276
0.02142000  15.002033
0.02144000  15.009381
0.02146000  15.016318
0.02148000  15.022844
0.02150000  15.028958
0.02152000  15.034763
0.02154000  15.040156
0.02156000  15.045343
0.02158000  15.050324
0.02160000  15.0551
0.02162000  15.059773
0.02164000  15.064239
0.02166000  15.068499
0.02168000  15.072761
0.02170000  15.077023
0.02172000  15.081079
0.02174000  15.085032
0.02176000  15.088986
0.02178000  15.092941
0.02180000  15.096792
0.02182000  15.100541
0.02184000  15.104291
0.02186000  15.107937
0.02188000  15.111584
0.02190000  15.115232
0.02192000  15.118777
0.02194000  15.122218
0.02196000  15.12566
0.02198000  15.129103
0.02200000  15.132442
0.02202000  15.135782
0.02204000  15.139123
0.02206000  15.14236
0.02208000  15.145493
0.02210000  15.148627
0.02212000  15.151761
0.02214000  15.154896
0.02216000  15.157928
0.02218000  15.160855
0.02220000  15.163783
0.02222000  15.166711
0.02224000  15.16964
0.02226000  15.172465
0.02228000  15.175186
0.02230000  15.178012
0.02232000  15.180734
0.02234000  15.183352
0.02236000  15.18597
0.02238000  15.188588
0.02240000  15.191207
0.02242000  15.193722
0.02244000  15.196237
0.02246000  15.198647
0.02248000  15.201058
0.02250000  15.20347
0.02252000  15.205777
0.02254000  15.208084
0.02256000  15.210392
0.02258000  15.2127
0.02260000  15.214903
0.02262000  15.217107
0.02264000  15.219206
0.02266000  15.221305
0.02268000  15.223405
0.02270000  15.225505
0.02272000  15.2275
0.02274000  15.229495
0.02276000  15.231491
0.02278000  15.233382
0.02280000  15.235273
0.02282000  15.237164
0.02284000  15.238951
0.02286000  15.240843
0.02288000  15.24263
0.02290000  15.244417
0.02292000  15.246099
0.02294000  15.247782
0.02296000  15.249464
0.02298000  15.251147
0.02300000  15.25283
0.02302000  15.284621998823528
0.02304000  15.316413997647059
0.02306000  15.348205996470588
0.02308000  15.379997995294117
0.02310000  15.411789994117646
0.02312000  15.443581992941176
0.02314000  15.475373991764705
0.02316000  15.507165990588234
0.02318000  15.538957989411765
0.02320000  15.570749988235294
0.02322000  15.602541987058823
0.02324000  15.634333985882352
0.02326000  15.666125984705882
0.02328000  15.697917983529411
0.02330000  15.72970998235294
0.02332000  15.76150198117647
0.02334000  15.79329398
0.02336000  15.825085978823529
0.02338000  15.85687797764706
0.02340000  15.888669976470588
0.02342000  15.920461975294117
0.02344000  15.952253974117646
0.02346000  15.984045972941177
0.02348000  16.015837971764704
0.02350000  16.047629970588236
0.02352000  16.079421969411765
0.02354000  16.111213968235294
0.02356000  16.143005967058823
0.02358000  16.17479796588235
0.02360000  16.20658996470588
0.02362000  16.23838196352941
0.02364000  16.270173962352942
0.02366000  16.30196596117647
0.02368000  16.33375796
0.02370000  16.36554995882353
0.02372000  16.397341957647058
0.02374000  16.429133956470586
0.02376000  16.460925955294115
0.02378000  16.492717954117648
0.02380000  16.524509952941177
0.02382000  16.556301951764706
0.02384000  16.588093950588235
0.02386000  16.619885949411763
0.02388000  16.651677948235292
0.02390000  16.683469947058825
0.02392000  16.715261945882354
0.02394000  16.747053944705883
0.02396000  16.77884594352941
0.02398000  16.81063794235294
0.02400000  16.84242994117647
0.02402000  16.874221939999998
0.02404000  16.906013938823527
0.02406000  16.93780593764706
0.02408000  16.96959793647059
0.02410000  17.001389935294117
0.02412000  17.033181934117646
0.02414000  17.064973932941175
0.02416000  17.096765931764704
0.02418000  17.128557930588237
0.02420000  17.160349929411765
0.02422000  17.192141928235294
0.02424000  17.223933927058823
0.02426000  17.255725925882352
0.02428000  17.28751792470588
0.02430000  17.31930992352941
0.02432000  17.35110192235294
0.02434000  17.38289392117647
0.02436000  17.41468592
0.02438000  17.44647791882353
0.02440000  17.478269917647058
0.02442000  17.510061916470587
0.02444000  17.541853915294116
0.02446000  17.573645914117648
0.02448000  17.605437912941177
0.02450000  17.637229911764706
0.02452000  17.669021910588235
0.02454000  17.700813909411764
0.02456000  17.732605908235293
0.02458000  17.76439790705882
0.02460000  17.79618990588235
0.02462000  17.827981904705883
0.02464000  17.859773903529412
0.02466000  17.89156590235294
0.02468000  17.92335790117647
0.02470000  17.9551499
0.02472000  17.986941898823527
0.02474000  18.01873389764706
0.02476000  18.05052589647059
0.02478000  18.082317895294118
0.02480000  18.114109894117647
0.02482000  18.145901892941176
0.02484000  18.177693891764704
0.02486000  18.209485890588233
0.02488000  18.241277889411766
0.02490000  18.273069888235295
0.02492000  18.304861887058824
0.02494000  18.336653885882352
0.02496000  18.36844588470588
0.02498000  18.40023788352941
0.02500000  18.432029882352943
0.02502000  18.46382188117647
0.02504000  18.49561388
0.02506000  18.52740587882353
0.02508000  18.55919787764706
0.02510000  18.590989876470587
0.02512000  18.622781875294116
0.02514000  18.654573874117645
0.02516000  18.686365872941177
0.02518000  18.718157871764706
0.02520000  18.749949870588235
0.02522000  18.781741869411764
0.02524000  18.813533868235293
0.02526000  18.845325867058822
0.02528000  18.877117865882354
0.02530000  18.908909864705883
0.02532000  18.940701863529412
0.02534000  18.97249386235294
0.02536000  19.00428586117647
0.02538000  19.03607786
0.02540000  19.067869858823528
0.02542000  19.099661857647057
0.02544000  19.13145385647059
0.02546000  19.163245855294118
0.02548000  19.195037854117647
0.02550000  19.226829852941176
0.02552000  19.258621851764705
0.02554000  19.290413850588234
0.02556000  19.322205849411766
0.02558000  19.353997848235295
0.02560000  19.385789847058824
0.02562000  19.417581845882353
0.02564000  19.44937384470588
0.02566000  19.48116584352941
0.02568000  19.51295784235294
0.02570000  19.54474984117647
0.02572000  19.57654184
0.02574000  19.60833383882353
0.02576000  19.64012583764706
0.02578000  19.671917836470588
0.02580000  19.703709835294116
0.02582000  19.73550183411765
0.02584000  19.767293832941178
0.02586000  19.799085831764707
0.02588000  19.830877830588236
0.02590000  19.862669829411765
0.02592000  19.894461828235293
0.02594000  19.926253827058822
0.02596000  19.95804582588235
0.02598000  19.98983782470588
0.02600000  20.021629823529413
0.02602000  20.05342182235294
0.02604000  20.08521382117647
0.02606000  20.11700582
0.02608000  20.148797818823528
0.02610000  20.18058981764706
0.02612000  20.21238181647059
0.02614000  20.24417381529412
0.02616000  20.275965814117647
0.02618000  20.307757812941176
0.02620000  20.339549811764705
0.02622000  20.371341810588234
0.02624000  20.403133809411763
0.02626000  20.434925808235292
0.02628000  20.466717807058824
0.02630000  20.498509805882353
0.02632000  20.530301804705882
0.02634000  20.56209380352941
0.02636000  20.59388580235294
0.02638000  20.625677801176472
0.02640000  20.6574698
0.02642000  20.68926179882353
0.02644000  20.72105379764706
0.02646000  20.752845796470588
0.02648000  20.784637795294117
0.02650000  20.816429794117646
0.02652000  20.848221792941175
0.02654000  20.880013791764704
0.02656000  20.911805790588236
0.02658000  20.943597789411765
0.02660000  20.975389788235294
0.02662000  21.007181787058823
0.02664000  21.03897378588235
0.02666000  21.070765784705884
0.02668000  21.102557783529413
0.02670000  21.134349782352942
0.02672000  21.16614178117647
0.02674000  21.19793378
0.02676000  21.22972577882353
0.02678000  21.261517777647057
0.02680000  21.293309776470586
0.02682000  21.325101775294115
0.02684000  21.356893774117648
0.02686000  21.388685772941177
0.02688000  21.420477771764705
0.02690000  21.452269770588234
0.02692000  21.484061769411763
0.02694000  21.515853768235296
0.02696000  21.547645767058825
0.02698000  21.579437765882354
0.02700000  21.611229764705882
0.02702000  21.64302176352941
0.02704000  21.67481376235294
0.02706000  21.70660576117647
0.02708000  21.738397759999998
0.02710000  21.77018975882353
0.02712000  21.80198175764706
0.02714000  21.83377375647059
0.02716000  21.865565755294117
0.02718000  21.897357754117646
0.02720000  21.929149752941175
0.02722000  21.960941751764707
0.02724000  21.992733750588236
0.02726000  22.024525749411765
0.02728000  22.056317748235294
0.02730000  22.088109747058823
0.02732000  22.119901745882352
0.02734000  22.15169374470588
0.02736000  22.18348574352941
0.02738000  22.215277742352942
0.02740000  22.24706974117647
0.02742000  22.27886174
0.02744000  22.31065373882353
0.02746000  22.342445737647058
0.02748000  22.37423773647059
0.02750000  22.40602973529412
0.02752000  22.437821734117648
0.02754000  22.469613732941177
0.02756000  22.501405731764706
0.02758000  22.533197730588235
0.02760000  22.564989729411764
0.02762000  22.596781728235293
0.02764000  22.62857372705882
0.02766000  22.660365725882354
0.02768000  22.692157724705883
0.02770000  22.72394972352941
0.02772000  22.75574172235294
0.02774000  22.78753372117647
0.02776000  22.819325720000002
0.02778000  22.85111771882353
0.02780000  22.88290971764706
0.02782000  22.91470171647059
0.02784000  22.946493715294118
0.02786000  22.978285714117646
0.02788000  23.010077712941175
0.02790000  23.041869711764704
0.02792000  23.073661710588233
0.02794000  23.105453709411766
0.02796000  23.137245708235294
0.02798000  23.169037707058823
0.02800000  23.200829705882352
0.02802000  23.23262170470588
0.02804000  23.264413703529414
0.02806000  23.296205702352943
0.02808000  23.32799770117647
0.02810000  23.3597897
0.02812000  23.39158169882353
0.02814000  23.423373697647058
0.02816000  23.455165696470587
0.02818000  23.486957695294116
0.02820000  23.518749694117645
0.02822000  23.550541692941174
0.02824000  23.582333691764706
0.02826000  23.614125690588235
0.02828000  23.645917689411764
0.02830000  23.677709688235296
0.02832000  23.709501687058825
0.02834000  23.741293685882354
0.02836000  23.773085684705883
0.02838000  23.804877683529412
0.02840000  23.83666968235294
0.02842000  23.86846168117647
0.02844000  23.90025368
0.02846000  23.932045678823528
0.02848000  23.963837677647057
0.02850000  23.995629676470585
0.02852000  24.027421675294118
0.02854000  24.059213674117647
0.02856000  24.091005672941176
0.02858000  24.122797671764708
0.02860000  24.154589670588237
0.02862000  24.186381669411766
0.02864000  24.218173668235295
0.02866000  24.249965667058824
0.02868000  24.281757665882353
0.02870000  24.31354966470588
0.02872000  24.34534166352941
0.02874000  24.37713366235294
0.02876000  24.40892566117647
0.02878000  24.44071766
0.02880000  24.47250965882353
0.02882000  24.50430165764706
0.02884000  24.536093656470587
0.02886000  24.56788565529412
0.02888000  24.59967765411765
0.02890000  24.631469652941178
0.02892000  24.663261651764707
0.02894000  24.695053650588235
0.02896000  24.726845649411764
0.02898000  24.758637648235293
0.02900000  24.790429647058822
0.02902000  24.82222164588235
0.02904000  24.85401364470588
0.02906000  24.885805643529412
0.02908000  24.91759764235294
0.02910000  24.94938964117647
0.02912000  24.98118164
0.02914000  25.01297363882353
0.02916000  25.04476563764706
0.02918000  25.07655763647059
0.02920000  25.10834963529412
0.02922000  25.140141634117647
0.02924000  25.171933632941176
0.02926000  25.203725631764705
0.02928000  25.235517630588234
0.02930000  25.267309629411763
0.02932000  25.29910162823529
0.02934000  25.330893627058824
0.02936000  25.362685625882353
0.02938000  25.394477624705882
0.02940000  25.42626962352941
0.02942000  25.458061622352943
0.02944000  25.489853621176472
0.02946000  25.52164562
0.02948000  25.55343761882353
0.02950000  25.58522961764706
0.02952000  25.617021616470588
0.02954000  25.648813615294117
0.02956000  25.680605614117646
0.02958000  25.712397612941174
0.02960000  25.744189611764703
0.02962000  25.775981610588236
0.02964000  25.807773609411765
0.02966000  25.839565608235294
0.02968000  25.871357607058826
0.02970000  25.903149605882355
0.02972000  25.934941604705884
0.02974000  25.966733603529413
0.02976000  25.99852560235294
0.02978000  26.03031760117647
0.02980000  26.0621096
0.02982000  26.09390159882353
0.02984000  26.125693597647057
0.02986000  26.157485596470586
0.02988000  26.189277595294115
0.02990000  26.221069594117647
0.02992000  26.252861592941176
0.02994000  26.284653591764705
0.02996000  26.316445590588238
0.02998000  26.348237589411767
0.03000000  26.380029588235296
0.03002000  26.411821587058824
0.03004000  26.443613585882353
0.03006000  26.475405584705882
0.03008000  26.50719758352941
0.03010000  26.53898958235294
0.03012000  26.57078158117647
0.03014000  26.602573579999998
0.03016000  26.634365578823527
0.03018000  26.66615757764706
0.03020000  26.697949576470588
0.03022000  26.729741575294117
0.03024000  26.76153357411765
0.03026000  26.79332557294118
0.03028000  26.825117571764707
0.03030000  26.856909570588236
0.03032000  26.888701569411765
0.03034000  26.920493568235294
0.03036000  26.952285567058823
0.03038000  26.98407756588235
0.03040000  27.01586956470588
0.03042000  27.04766156352941
0.03044000  27.079453562352942
0.03046000  27.11124556117647
0.03048000  27.14303756
0.03050000  27.17482955882353
0.03052000  27.20662155764706
0.03054000  27.23841355647059
0.03056000  27.27020555529412
0.03058000  27.301997554117648
0.03060000  27.333789552941177
0.03062000  27.365581551764706
0.03064000  27.397373550588235
0.03066000  27.429165549411763
0.03068000  27.460957548235292
0.03070000  27.49274954705882
0.03072000  27.524541545882354
0.03074000  27.556333544705883
0.03076000  27.58812554352941
0.03078000  27.61991754235294
0.03080000  27.651709541176473
0.03082000  27.68350154
0.03084000  27.71529353882353
0.03086000  27.74708553764706
0.03088000  27.77887753647059
0.03090000  27.810669535294117
0.03092000  27.842461534117646
0.03094000  27.874253532941175
0.03096000  27.906045531764704
0.03098000  27.937837530588233
0.03100000  27.969629529411765
0.03102000  28.001421528235294
0.03104000  28.033213527058823
0.03106000  28.065005525882352
0.03108000  28.096797524705885
0.03110000  28.128589523529413
0.03112000  28.160381522352942
0.03114000  28.19217352117647
0.03116000  28.22396552
0.03118000  28.25575751882353
0.03120000  28.287549517647058
0.03122000  28.319341516470587
0.03124000  28.351133515294116
0.03126000  28.382925514117645
0.03128000  28.414717512941177
0.03130000  28.446509511764706
0.03132000  28.478301510588235
0.03134000  28.510093509411767
0.03136000  28.541885508235296
0.03138000  28.573677507058825
0.03140000  28.605469505882354
0.03142000  28.637261504705883
0.03144000  28.669053503529412
0.03146000  28.70084550235294
0.03148000  28.73263750117647
0.03150000  28.7644295
0.03152000  28.796221498823527
0.03154000  28.828013497647056
0.03156000  28.85980549647059
0.03158000  28.891597495294118
0.03160000  28.923389494117647
0.03162000  28.95518149294118
0.03164000  28.986973491764708
0.03166000  29.018765490588237
0.03168000  29.050557489411766
0.03170000  29.082349488235295
0.03172000  29.114141487058824
0.03174000  29.145933485882352
0.03176000  29.17772548470588
0.03178000  29.20951748352941
0.03180000  29.24130948235294
0.03182000  29.273101481176468
0.03184000  29.30489348
0.03186000  29.33668547882353
0.03188000  29.36847747764706
0.03190000  29.40026947647059
0.03192000  29.43206147529412
0.03194000  29.46385347411765
0.03196000  29.495645472941177
0.03198000  29.527437471764706
0.03200000  29.559229470588235
0.03202000  29.591021469411764
0.03204000  29.622813468235293
0.03206000  29.654605467058822
0.03208000  29.68639746588235
0.03210000  29.718189464705883
0.03212000  29.749981463529412
0.03214000  29.78177346235294
0.03216000  29.81356546117647
0.03218000  29.845357460000002
0.03220000  29.87714945882353
0.03222000  29.90894145764706
0.03224000  29.94073345647059
0.03226000  29.972525455294118
0.03228000  30.004317454117647
0.03230000  30.036109452941176
0.03232000  30.067901451764705
0.03234000  30.099693450588234
0.03236000  30.131485449411763
0.03238000  30.163277448235295
0.03240000  30.195069447058824
0.03242000  30.226861445882353
0.03244000  30.25865344470588
0.03246000  30.290445443529414
0.03248000  30.322237442352943
0.03250000  30.354029441176472
0.03252000  30.38582144
0.03254000  30.41761343882353
0.03256000  30.44940543764706
0.03258000  30.481197436470588
0.03260000  30.512989435294116
0.03262000  30.544781434117645
0.03264000  30.576573432941174
0.03266000  30.608365431764707
0.03268000  30.640157430588236
0.03270000  30.671949429411764
0.03272000  30.703741428235293
0.03274000  30.735533427058826
0.03276000  30.767325425882355
0.03278000  30.799117424705884
0.03280000  30.830909423529413
0.03282000  30.86270142235294
0.03284000  30.89449342117647
0.03286000  30.92628542
0.03288000  30.958077418823528
0.03290000  30.989869417647057
0.03292000  31.021661416470586
0.03294000  31.05345341529412
0.03296000  31.085245414117647
0.03298000  31.117037412941176
0.03300000  31.14882941176471
0.03302000  31.180621410588238
0.03304000  31.212413409411766
0.03306000  31.244205408235295
0.03308000  31.275997407058824
0.03310000  31.307789405882353
0.03312000  31.339581404705882
0.03314000  31.37137340352941
0.03316000  31.40316540235294
0.03318000  31.434957401176472
0.03320000  31.4667494
0.03322000  31.49854139882353
0.03324000  31.53033339764706
0.03326000  31.562125396470588
0.03328000  31.593917395294117
0.03330000  31.625709394117646
0.03332000  31.657501392941178
0.03334000  31.689293391764707
0.03336000  31.721085390588236
0.03338000  31.752877389411765
0.03340000  31.784669388235294
0.03342000  31.816461387058823
0.03344000  31.84825338588235
0.03346000  31.880045384705884
0.03348000  31.911837383529413
0.03350000  31.943629382352942
0.03352000  31.97542138117647
0.03354000  32.007213379999996
0.03356000  32.03900537882353
0.03358000  32.070797377647054
0.03360000  32.10258937647059
0.03362000  32.13438137529412
0.03364000  32.16617337411765
0.03366000  32.19796537294118
0.03368000  32.229757371764705
0.03370000  32.261549370588234
0.03372000  32.29334136941176
0.03374000  32.3251333682353
0.03376000  32.35692536705882
0.03378000  32.38871736588236
0.03380000  32.42050936470588
0.03382000  32.452301363529415
0.03384000  32.48409336235294
0.03386000  32.51588536117647
0.03388000  32.54767736
0.03390000  32.57946935882353
0.03392000  32.61126135764706
0.03394000  32.64305335647059
0.03396000  32.67484535529412
0.03398000  32.706637354117646
0.03400000  32.738429352941175
0.03402000  32.770221351764704
0.03404000  32.80201335058824
0.03406000  32.83380534941176
0.03408000  32.8655973482353
0.03410000  32.89738934705882
0.03412000  32.929181345882355
0.03414000  32.960973344705884
0.03416000  32.99276534352941
0.03418000  33.02455734235294
0.03420000  33.05634934117647
0.03422000  33.08814134
0.03424000  33.11993333882353
0.03426000  33.15172533764706
0.03428000  33.18351733647059
0.03430000  33.21530933529412
0.03432000  33.247101334117644
0.03434000  33.27889333294118
0.03436000  33.3106853317647
0.03438000  33.34247733058824
0.03440000  33.37426932941176
0.03442000  33.406061328235296
0.03444000  33.437853327058825
0.03446000  33.469645325882354
0.03448000  33.50143732470588
0.03450000  33.53322932352941
0.03452000  33.56502132235294
0.03454000  33.59681332117647
0.03456000  33.628605320000005
0.03458000  33.66039731882353
0.03460000  33.69218931764706
0.03462000  33.723981316470585
0.03464000  33.75577331529412
0.03466000  33.78756531411764
0.03468000  33.81935731294118
0.03470000  33.85114931176471
0.03472000  33.88294131058824
0.03474000  33.914733309411766
0.03476000  33.946525308235294
0.03478000  33.97831730705882
0.03480000  34.01010930588235
0.03482000  34.04190130470588
0.03484000  34.07369330352941
0.03486000  34.105485302352946
0.03488000  34.13727730117647
0.03490000  34.169069300000004
0.03492000  34.200861298823526
0.03494000  34.23265329764706
0.03496000  34.26444529647058
0.03498000  34.29623729529412
0.03500000  34.32802929411765
0.03502000  34.35982129294118
0.03504000  34.391613291764706
0.03506000  34.423405290588235
0.03508000  34.455197289411764
0.03510000  34.48698928823529
0.03512000  34.51878128705883
0.03514000  34.55057328588235
0.03516000  34.58236528470589
0.03518000  34.61415728352941
0.03520000  34.645949282352944
0.03522000  34.677741281176466
0.03524000  34.70953328
0.03526000  34.74132527882353
0.03528000  34.77311727764706
0.03530000  34.80490927647059
0.03532000  34.83670127529412
0.03534000  34.86849327411765
0.03536000  34.900285272941176
0.03538000  34.932077271764705
0.03540000  34.96386927058823
0.03542000  34.99566126941177
0.03544000  35.02745326823529
0.03546000  35.05924526705883
0.03548000  35.09103726588235
0.03550000  35.122829264705885
0.03552000  35.15462126352941
0.03554000  35.18641326235294
0.03556000  35.21820526117647
0.03558000  35.24999726
0.03560000  35.28178925882353
0.03562000  35.31358125764706
0.03564000  35.34537325647059
0.03566000  35.377165255294116
0.03568000  35.40895725411765
0.03570000  35.440749252941174
0.03572000  35.47254125176471
0.03574000  35.50433325058823
0.03576000  35.53612524941177
0.03578000  35.56791724823529
0.03580000  35.599709247058826
0.03582000  35.631501245882355
0.03584000  35.66329324470588
0.03586000  35.69508524352941
0.03588000  35.72687724235294
0.03590000  35.75866924117647
0.03592000  35.79046124
0.03594000  35.822253238823535
0.03596000  35.85404523764706
0.03598000  35.88583723647059
0.03600000  35.917629235294115
0.03602000  35.94942123411765
0.03604000  35.98121323294117
0.03606000  36.01300523176471
0.03608000  36.04479723058824
0.03610000  36.076589229411766
0.03612000  36.108381228235295
0.03614000  36.140173227058824
0.03616000  36.17196522588235
0.03618000  36.20375722470588
0.03620000  36.23554922352941
0.03622000  36.26734122235294
0.03624000  36.299133221176476
0.03626000  36.33092522
0.03628000  36.36271721882353
0.03630000  36.394509217647055
0.03632000  36.42630121647059
0.03634000  36.45809321529411
0.03636000  36.48988521411765
0.03638000  36.52167721294118
0.03640000  36.55346921176471
0.03642000  36.585261210588236
0.03644000  36.617053209411765
0.03646000  36.648845208235294
0.03648000  36.68063720705882
0.03650000  36.71242920588236
0.03652000  36.74422120470588
0.03654000  36.776013203529416
0.03656000  36.80780520235294
0.03658000  36.839597201176474
0.03660000  36.871389199999996
0.03662000  36.90318119882353
0.03664000  36.93497319764706
0.03666000  36.96676519647059
0.03668000  36.99855719529412
0.03670000  37.03034919411765
0.03672000  37.062141192941176
0.03674000  37.093933191764705
0.03676000  37.125725190588234
0.03678000  37.15751718941176
0.03680000  37.1893091882353
0.03682000  37.22110118705882
0.03684000  37.25289318588236
0.03686000  37.28468518470588
0.03688000  37.316477183529415
0.03690000  37.34826918235294
0.03692000  37.38006118117647
0.03694000  37.41185318
0.03696000  37.44364517882353
0.03698000  37.47543717764706
0.03700000  37.50722917647059
0.03702000  37.53902117529412
0.03704000  37.570813174117646
0.03706000  37.60260517294118
0.03708000  37.634397171764704
0.03710000  37.66618917058824
0.03712000  37.69798116941176
0.03714000  37.7297731682353
0.03716000  37.76156516705882
0.03718000  37.793357165882355
0.03720000  37.825149164705884
0.03722000  37.85694116352941
0.03724000  37.88873316235294
0.03726000  37.92052516117647
0.03728000  37.95231716
0.03730000  37.98410915882353
0.03732000  38.01590115764706
0.03734000  38.04769315647059
0.03736000  38.07948515529412
0.03738000  38.111277154117644
0.03740000  38.14306915294118
0.03742000  38.1748611517647
0.03744000  38.20665315058824
0.03746000  38.23844514941176
0.03748000  38.270237148235296
0.03750000  38.302029147058825
0.03752000  38.333821145882354
0.03754000  38.36561314470588
0.03756000  38.39740514352941
0.03758000  38.42919714235294
0.03760000  38.46098914117647
0.03762000  38.492781140000005
0.03764000  38.52457313882353
0.03766000  38.55636513764706
0.03768000  38.588157136470585
0.03770000  38.61994913529412
0.03772000  38.65174113411764
0.03774000  38.68353313294118
0.03776000  38.71532513176471
0.03778000  38.74711713058824
0.03780000  38.778909129411765
0.03782000  38.810701128235294
0.03784000  38.84249312705882
0.03786000  38.87428512588235
0.03788000  38.90607712470589
0.03790000  38.93786912352941
0.03792000  38.969661122352946
0.03794000  39.00145312117647
0.03796000  39.033245120000004
0.03798000  39.065037118823525
0.03800000  39.09682911764706
0.03802000  39.12862111647059
0.03804000  39.16041311529412
0.03806000  39.19220511411765
0.03808000  39.22399711294118
0.03810000  39.255789111764706
0.03812000  39.287581110588235
0.03814000  39.319373109411764
0.03816000  39.35116510823529
0.03818000  39.38295710705883
0.03820000  39.41474910588235
0.03822000  39.44654110470589
0.03824000  39.47833310352941
0.03826000  39.510125102352944
0.03828000  39.541917101176466
0.03830000  39.5737091
0.03832000  39.60550109882353
0.03834000  39.63729309764706
0.03836000  39.66908509647059
0.03838000  39.70087709529412
0.03840000  39.73266909411765
0.03842000  39.764461092941175
0.03844000  39.79625309176471
0.03846000  39.82804509058823
0.03848000  39.85983708941177
0.03850000  39.89162908823529
0.03852000  39.92342108705883
0.03854000  39.95521308588235
0.03856000  39.987005084705885
0.03858000  40.018797083529414
0.03860000  40.05058908235294
0.03862000  40.08238108117647
0.03864000  40.11417308
0.03866000  40.14596507882353
0.03868000  40.17775707764706
0.03870000  40.20954907647059
0.03872000  40.241341075294116
0.03874000  40.27313307411765
0.03876000  40.304925072941174
0.03878000  40.33671707176471
0.03880000  40.36850907058823
0.03882000  40.40030106941177
0.03884000  40.43209306823529
0.03886000  40.463885067058825
0.03888000  40.495677065882354
0.03890000  40.52746906470588
0.03892000  40.55926106352941
0.03894000  40.59105306235294
0.03896000  40.62284506117647
0.03898000  40.65463706
0.03900000  40.686429058823535
0.03902000  40.71822105764706
0.03904000  40.75001305647059
0.03906000  40.781805055294114
0.03908000  40.81359705411765
0.03910000  40.84538905294117
0.03912000  40.87718105176471
0.03914000  40.90897305058824
0.03916000  40.940765049411766
0.03918000  40.972557048235295
0.03920000  41.004349047058824
0.03922000  41.03614104588235
0.03924000  41.06793304470588
0.03926000  41.09972504352942
0.03928000  41.13151704235294
0.03930000  41.163309041176475
0.03932000  41.19510104
0.03934000  41.22689303882353
0.03936000  41.258685037647055
0.03938000  41.29047703647059
0.03940000  41.32226903529412
0.03942000  41.35406103411765
0.03944000  41.38585303294118
0.03946000  41.41764503176471
0.03948000  41.449437030588236
0.03950000  41.481229029411764
0.03952000  41.51302102823529
0.03954000  41.54481302705882
0.03956000  41.57660502588236
0.03958000  41.60839702470588
0.03960000  41.640189023529416
0.03962000  41.67198102235294
0.03964000  41.703773021176474
0.03966000  41.735565019999996
0.03968000  41.76735701882353
0.03970000  41.79914901764706
0.03972000  41.83094101647059
0.03974000  41.86273301529412
0.03976000  41.89452501411765
0.03978000  41.926317012941176
0.03980000  41.958109011764705
0.03982000  41.98990101058824
0.03984000  42.02169300941176
0.03986000  42.0534850082353
0.03988000  42.08527700705882
0.03990000  42.11706900588236
0.03992000  42.14886100470588
0.03994000  42.180653003529414
0.03996000  42.21244500235294
0.03998000  42.24423700117647
0.04000000  42.276029
0.04002000  42.547463
0.04004000  42.798792
0.04006000  43.031124
0.04008000  43.246819
0.04010000  43.460897
0.04012000  43.71732
0.04014000  44.062383
0.04016000  44.529165
0.04018000  45.156335
0.04020000  45.988559
0.04022000  47.132282
0.04024000  48.907491
0.04026000  51.738363
0.04028000  56.227139
0.04030000  63.358333
0.04032000  74.806882
0.04034000  93.439744
0.04036000  124.045423
0.04038000  172.956638
0.04040000  244.524811
0.04042000  344.443673
0.04044000  492.201996
0.04046000  748.833588
0.04048000  1294.655012
0.04050000  2563.204037
0.04052000  5036.092414
0.04054000  8664.646763
0.04056000  12014.07336
0.04058000  13026.363876
0.04060000  10600.700904
0.04062000  6425.837796
0.04064000  3126.993019
0.04066000  1401.438813
0.04068000  662.655145
0.04070000  346.741259
0.04072000  199.131429
0.04074000  123.37398
0.04076000  81.398607
0.04078000  56.814561
0.04080000  41.944666
0.04082000  32.745032
0.04084000  26.920159
0.04086000  23.137501
0.04088000  20.620145
0.04090000  18.908925
0.04092000  17.725416
0.04094000  16.895858
0.04096000  16.30922
0.04098000  15.891522
0.04100000  15.593186
0.04102000  15.380114
0.04104000  15.22834
0.04106000  15.121071
0.04108000  15.046173
0.04110000  14.994896
0.04112000  14.960602
0.04114000  14.938642
0.04116000  14.925769
0.04118000  14.919491
0.04120000  14.918154
0.04122000  14.920417
0.04124000  14.925152
0.04126000  14.931844
0.04128000  14.939878
0.04130000  14.948742
0.04132000  14.958023
0.04134000  14.967517
0.04136000  14.976913
0.04138000  14.985799
0.04140000  14.994276
0.04142000  15.002033
0.04144000  15.009381
0.04146000  15.016318
0.04148000  15.022844
0.04150000  15.028958
0.04152000  15.034763
0.04154000  15.040156
0.04156000  15.045343
0.04158000  15.050324
0.04160000  15.0551
0.04162000  15.059773
0.04164000  15.064239
0.04166000  15.068499
0.04168000  15.072761
0.04170000  15.077023
0.04172000  15.081079
0.04174000  15.085032
0.04176000  15.088986
0.04178000  15.092941
0.04180000  15.096792
0.04182000  15.100541
0.04184000  15.104291
0.04186000  15.107937
0.04188000  15.111584
0.04190000  15.115232
0.04192000  15.118777
0.04194000  15.122218
0.04196000  15.12566
0.04198000  15.129103
0.04200000  15.132442
0.04202000  15.135782
0.04204000  15.139123
0.04206000  15.14236
0.04208000  15.145493
0.04210000  15.148627
0.04212000  15.151761
0.04214000  15.154896
0.04216000  15.157928
0.04218000  15.160855
0.04220000  15.163783
0.04222000  15.166711
0.04224000  15.16964
0.04226000  15.172465
0.04228000  15.175186
0.04230000  15.178012
0.04232000  15.180734
0.04234000  15.183352
0.04236000  15.18597
0.04238000  15.188588
0.04240000  15.191207
0.04242000  15.193722
0.04244000  15.196237
0.04246000  15.198647
0.04248000  15.201058
0.04250000  15.20347
0.04252000  15.205777
0.04254000  15.208084
0.04256000  15.210392
0.04258000  15.2127
0.04260000  15.214903
0.04262000  15.217107
0.04264000  15.219206
0.04266000  15.221305
0.04268000  15.223405
0.04270000  15.225505
0.04272000  15.2275
0.04274000  15.229495
0.04276000  15.231491
0.04278000  15.233382
0.04280000  15.235273
0.04282000  15.237164
0.04284000  15.238951
0.04286000  15.240843
0.04288000  15.24263
0.04290000  15.244417
0.04292000  15.246099
0.04294000  15.247782
0.04296000  15.249464
0.04298000  15.251147
0.04300000  15.25283
0.04302000  15.284621998823528
0.04304000  15.316413997647059
0.04306000  15.348205996470588
0.04308000  15.379997995294117
0.04310000  15.411789994117646
0.04312000  15.443581992941176
0.04314000  15.475373991764705
0.04316000  15.507165990588234
0.04318000  15.538957989411765
0.04320000  15.570749988235294
0.04322000  15.602541987058823
0.04324000  15.634333985882352
0.04326000  15.666125984705882
0.04328000  15.697917983529411
0.04330000  15.72970998235294
0.04332000  15.76150198117647
0.04334000  15.79329398
0.04336000  15.825085978823529
0.04338000  15.85687797764706
0.04340000  15.888669976470588
0.04342000  15.920461975294117
0.04344000  15.952253974117646
0.04346000  15.984045972941177
0.04348000  16.015837971764704
0.04350000  16.047629970588236
0.04352000  16.079421969411765
0.04354000  16.111213968235294
0.04356000  16.143005967058823
0.04358000  16.17479796588235
0.04360000  16.20658996470588
0.04362000  16.23838196352941
0.04364000  16.270173962352942
0.04366000  16.30196596117647
0.04368000  16.33375796
0.04370000  16.36554995882353
0.04372000  16.397341957647058
0.04374000  16.429133956470586
0.04376000  16.460925955294115
0.04378000  16.492717954117648
0.04380000  16.524509952941177
0.04382000  16.556301951764706
0.04384000  16.588093950588235
0.04386000  16.619885949411763
0.04388000  16.651677948235292
0.04390000  16.683469947058825
0.04392000  16.715261945882354
0.04394000  16.747053944705883
0.04396000  16.77884594352941
0.04398000  16.81063794235294
0.04400000  16.84242994117647
0.04402000  16.874221939999998
0.04404000  16.906013938823527
0.04406000  16.93780593764706
0.04408000  16.96959793647059
0.04410000  17.001389935294117
0.04412000  17.033181934117646
0.04414000  17.064973932941175
0.04416000  17.096765931764704
0.04418000  17.128557930588237
0.04420000  17.160349929411765
0.04422000  17.192141928235294
0.04424000  17.223933927058823
0.04426000  17.255725925882352
0.04428000  17.28751792470588
0.04430000  17.31930992352941
0.04432000  17.35110192235294
0.04434000  17.38289392117647
0.04436000  17.41468592
0.04438000  17.44647791882353
0.04440000  17.478269917647058
0.04442000  17.510061916470587
0.04444000  17.541853915294116
0.04446000  17.573645914117648
0.04448000  17.605437912941177
0.04450000  17.637229911764706
0.04452000  17.669021910588235
0.04454000  17.700813909411764
0.04456000  17.732605908235293
0.04458000  17.76439790705882
0.04460000  17.79618990588235
0.04462000  17.827981904705883
0.04464000  17.859773903529412
0.04466000  17.89156590235294
0.04468000  17.92335790117647
0.04470000  17.9551499
0.04472000  17.986941898823527
0.04474000  18.01873389764706
0.04476000  18.05052589647059
0.04478000  18.082317895294118
0.04480000  18.114109894117647
0.04482000  18.145901892941176
0.04484000  18.177693891764704
0.04486000  18.209485890588233
0.04488000  18.241277889411766
0.04490000  18.273069888235295
0.04492000  18.304861887058824
0.04494000  18.336653885882352
0.04496000  18.36844588470588
0.04498000  18.40023788352941
0.04500000  18.432029882352943
0.04502000  18.46382188117647
0.04504000  18.49561388
0.04506000  18.52740587882353
0.04508000  18.55919787764706
0.04510000  18.590989876470587
0.04512000  18.622781875294116
0.04514000  18.654573874117645
0.04516000  18.686365872941177
0.04518000  18.718157871764706
0.04520000  18.749949870588235
0.04522000  18.781741869411764
0.04524000  18.813533868235293
0.04526000  18.845325867058822
0.04528000  18.877117865882354
0.04530000  18.908909864705883
0.04532000  18.940701863529412
0.04534000  18.97249386235294
0.04536000  19.00428586117647
0.04538000  19.03607786
0.04540000  19.067869858823528
0.04542000  19.099661857647057
0.04544000  19.13145385647059
0.04546000  19.163245855294118
0.04548000  19.195037854117647
0.04550000  19.226829852941176
0.04552000  19.258621851764705
0.04554000  19.290413850588234
0.04556000  19.322205849411766
0.04558000  19.353997848235295
0.04560000  19.385789847058824
0.04562000  19.417581845882353
0.04564000  19.44937384470588
0.04566000  19.48116584352941
0.04568000  19.51295784235294
0.04570000  19.54474984117647
0.04572000  19.57654184
0.04574000  19.60833383882353
0.04576000  19.64012583764706
0.04578000  19.671917836470588
0.04580000  19.703709835294116
0.04582000  19.73550183411765
0.04584000  19.767293832941178
0.04586000  19.799085831764707
0.04588000  19.830877830588236
0.04590000  19.862669829411765
0.04592000  19.894461828235293
0.04594000  19.926253827058822
0.04596000  19.95804582588235
0.04598000  19.98983782470588
0.04600000  20.021629823529413
0.04602000  20.05342182235294
0.04604000  20.08521382117647
0.04606000  20.11700582
0.04608000  20.148797818823528
0.04610000  20.18058981764706
0.04612000  20.21238181647059
0.04614000  20.24417381529412
0.04616000  20.275965814117647
0.04618000  20.307757812941176
0.04620000  20.339549811764705
0.04622000  20.371341810588234
0.04624000  20.403133809411763
0.04626000  20.434925808235292
0.04628000  20.466717807058824
0.04630000  20.498509805882353
0.04632000  20.530301804705882
0.04634000  20.56209380352941
0.04636000  20.59388580235294
0.04638000  20.625677801176472
0.04640000  20.6574698
0.04642000  20.68926179882353
0.04644000  20.72105379764706
0.04646000  20.752845796470588
0.04648000  20.784637795294117
0.04650000  20.816429794117646
0.04652000  20.848221792941175
0.04654000  20.880013791764704
0.04656000  20.911805790588236
0.04658000  20.943597789411765
0.04660000  20.975389788235294
0.04662000  21.007181787058823
0.04664000  21.03897378588235
0.04666000  21.070765784705884
0.04668000  21.102557783529413
0.04670000  21.134349782352942
0.04672000  21.16614178117647
0.04674000  21.19793378
0.04676000  21.22972577882353
0.04678000  21.261517777647057
0.04680000  21.293309776470586
0.04682000  21.325101775294115
0.04684000  21.356893774117648
0.04686000  21.388685772941177
0.04688000  21.420477771764705
0.04690000  21.452269770588234
0.04692000  21.484061769411763
0.04694000  21.515853768235296
0.04696000  21.547645767058825
0.04698000  21.579437765882354
0.04700000  21.611229764705882
0.04702000  21.64302176352941
0.04704000  21.67481376235294
0.04706000  21.70660576117647
0.04708000  21.738397759999998
0.04710000  21.77018975882353
0.04712000  21.80198175764706
0.04714000  21.83377375647059
0.04716000  21.865565755294117
0.04718000  21.897357754117646
0.04720000  21.929149752941175
0.04722000  21.960941751764707
0.04724000  21.992733750588236
0.04726000  22.024525749411765
0.04728000  22.056317748235294
0.04730000  22.088109747058823
0.04732000  22.119901745882352
0.04734000  22.15169374470588
0.04736000  22.18348574352941
0.04738000  22.215277742352942
0.04740000  22.24706974117647
0.04742000  22.27886174
0.04744000  22.31065373882353
0.04746000  22.342445737647058
0.04748000  22.37423773647059
0.04750000  22.40602973529412
0.04752000  22.437821734117648
0.04754000  22.469613732941177
0.04756000  22.501405731764706
0.04758000  22.533197730588235
0.04760000  22.564989729411764
0.04762000  22.596781728235293
0.04764000  22.62857372705882
0.04766000  22.660365725882354
0.04768000  22.692157724705883
0.04770000  22.72394972352941
0.04772000  22.75574172235294
0.04774000  22.78753372117647
0.04776000  22.819325720000002
0.04778000  22.85111771882353
0.04780000  22.88290971764706
0.04782000  22.91470171647059
0.04784000  22.946493715294118
0.04786000  22.978285714117646
0.04788000  23.010077712941175
0.04790000  23.041869711764704
0.04792000  23.073661710588233
0.04794000  23.105453709411766
0.04796000  23.137245708235294
0.04798000  23.169037707058823
0.04800000  23.200829705882352
0.04802000  23.23262170470588
0.04804000  23.264413703529414
0.04806000  23.296205702352943
0.04808000  23.32799770117647
0.04810000  23.3597897
0.04812000  23.39158169882353
0.04814000  23.423373697647058
0.04816000  23.455165696470587
0.04818000  23.486957695294116
0.04820000  23.518749694117645
0.04822000  23.550541692941174
0.04824000  23.582333691764706
0.04826000  23.614125690588235
0.04828000  23.645917689411764
0.04830000  23.677709688235296
0.04832000  23.709501687058825
0.04834000  23.741293685882354
0.04836000  23.773085684705883
0.04838000  23.804877683529412
0.04840000  23.83666968235294
0.04842000  23.86846168117647
0.04844000  23.90025368
0.04846000  23.932045678823528
0.04848000  23.963837677647057
0.04850000  23.995629676470585
0.04852000  24.027421675294118
0.04854000  24.059213674117647
0.04856000  24.091005672941176
0.04858000  24.122797671764708
0.04860000  24.154589670588237
0.04862000  24.186381669411766
0.04864000  24.218173668235295
0.04866000  24.249965667058824
0.04868000  24.281757665882353
0.04870000  24.31354966470588
0.04872000  24.34534166352941
0.04874000  24.37713366235294
0.04876000  24.40892566117647
0.04878000  24.44071766
0.04880000  24.47250965882353
0.04882000  24.50430165764706
0.04884000  24.536093656470587
0.04886000  24.56788565529412
0.04888000  24.59967765411765
0.04890000  24.631469652941178
0.04892000  24.663261651764707
0.04894000  24.695053650588235
0.04896000  24.726845649411764
0.04898000  24.758637648235293
0.04900000  24.790429647058822
0.04902000  24.82222164588235
0.04904000  24.85401364470588
0.04906000  24.885805643529412
0.04908000  24.91759764235294
0.04910000  24.94938964117647
0.04912000  24.98118164
0.04914000  25.01297363882353
0.04916000  25.04476563764706
0.04918000  25.07655763647059
0.04920000  25.10834963529412
0.04922000  25.140141634117647
0.04924000  25.171933632941176
0.04926000  25.203725631764705
0.04928000  25.235517630588234
0.04930000  25.267309629411763
0.04932000  25.29910162823529
0.04934000  25.330893627058824
0.04936000  25.362685625882353
0.04938000  25.394477624705882
0.04940000  25.42626962352941
0.04942000  25.458061622352943
0.04944000  25.489853621176472
0.04946000  25.52164562
0.04948000  25.55343761882353
0.04950000  25.58522961764706
0.04952000  25.617021616470588
0.04954000  25.648813615294117
0.04956000  25.680605614117646
0.04958000  25.712397612941174
0.04960000  25.744189611764703
0.04962000  25.775981610588236
0.04964000  25.807773609411765
0.04966000  25.839565608235294
0.04968000  25.871357607058826
0.04970000  25.903149605882355
0.04972000  25.934941604705884
0.04974000  25.966733603529413
0.04976000  25.99852560235294
0.04978000  26.03031760117647
0.04980000  26.0621096
0.04982000  26.09390159882353
0.04984000  26.125693597647057
0.04986000  26.157485596470586
0.04988000  26.189277595294115
0.04990000  26.221069594117647
0.04992000  26.252861592941176
0.04994000  26.284653591764705
0.04996000  26.316445590588238
0.04998000  26.348237589411767
0.05000000  26.380029588235296
0.05002000  26.411821587058824
0.05004000  26.443613585882353
0.05006000  26.475405584705882
0.05008000  26.50719758352941
0.05010000  26.53898958235294
0.05012000  26.57078158117647
0.05014000  26.602573579999998
0.05016000  26.634365578823527
0.05018000  26.66615757764706
0.05020000  26.697949576470588
0.05022000  26.729741575294117
0.05024000  26.76153357411765
0.05026000  26.79332557294118
0.05028000  26.825117571764707
0.05030000  26.856909570588236
0.05032000  26.888701569411765
0.05034000  26.920493568235294
0.05036000  26.952285567058823
0.05038000  26.98407756588235
0.05040000  27.01586956470588
0.05042000  27.04766156352941
0.05044000  27.079453562352942
0.05046000  27.11124556117647
0.05048000  27.14303756
0.05050000  27.17482955882353
0.05052000  27.20662155764706
0.05054000  27.23841355647059
0.05056000  27.27020555529412
0.05058000  27.301997554117648
0.05060000  27.333789552941177
0.05062000  27.365581551764706
0.05064000  27.397373550588235
0.05066000  27.429165549411763
0.05068000  27.460957548235292
0.05070000  27.49274954705882
0.05072000  27.524541545882354
0.05074000  27.556333544705883
0.05076000  27.58812554352941
0.05078000  27.61991754235294
0.05080000  27.651709541176473
0.05082000  27.68350154
0.05084000  27.71529353882353
0.05086000  27.74708553764706
0.05088000  27.77887753647059
0.05090000  27.810669535294117
0.05092000  27.842461534117646
0.05094000  27.874253532941175
0.05096000  27.906045531764704
0.05098000  27.937837530588233
0.05100000  27.969629529411765
0.05102000  28.001421528235294
0.05104000  28.033213527058823
0.05106000  28.065005525882352
0.05108000  28.096797524705885
0.05110000  28.128589523529413
0.05112000  28.160381522352942
0.05114000  28.19217352117647
0.05116000  28.22396552
0.05118000  28.25575751882353
0.05120000  28.287549517647058
0.05122000  28.319341516470587
0.05124000  28.351133515294116
0.05126000  28.382925514117645
0.05128000  28.414717512941177
0.05130000  28.446509511764706
0.05132000  28.478301510588235
0.05134000  28.510093509411767
0.05136000  28.541885508235296
0.05138000  28.573677507058825
0.05140000  28.605469505882354
0.05142000  28.637261504705883
0.05144000  28.669053503529412
0.05146000  28.70084550235294
0.05148000  28.73263750117647
0.05150000  28.7644295
0.05152000  28.796221498823527
0.05154000  28.828013497647056
0.05156000  28.85980549647059
0.05158000  28.891597495294118
0.05160000  28.923389494117647
0.05162000  28.95518149294118
0.05164000  28.986973491764708
0.05166000  29.018765490588237
0.05168000  29.050557489411766
0.05170000  29.082349488235295
0.05172000  29.114141487058824
0.05174000  29.145933485882352
0.05176000  29.17772548470588
0.05178000  29.20951748352941
0.05180000  29.24130948235294
0.05182000  29.273101481176468
0.05184000  29.30489348
0.05186000  29.33668547882353
0.05188000  29.36847747764706
0.05190000  29.40026947647059
0.05192000  29.43206147529412
0.05194000  29.46385347411765
0.05196000  29.495645472941177
0.05198000  29.527437471764706
0.05200000  29.559229470588235
0.05202000  29.591021469411764
0.05204000  29.622813468235293
0.05206000  29.654605467058822
0.05208000  29.68639746588235
0.05210000  29.718189464705883
0.05212000  29.749981463529412
0.05214000  29.78177346235294
0.05216000  29.81356546117647
0.05218000  29.845357460000002
0.05220000  29.87714945882353
0.05222000  29.90894145764706
0.05224000  29.94073345647059
0.05226000  29.972525455294118
0.05228000  30.004317454117647
0.05230000  30.036109452941176
0.05232000  30.067901451764705
0.05234000  30.099693450588234
0.05236000  30.131485449411763
0.05238000  30.163277448235295
0.05240000  30.195069447058824
0.05242000  30.226861445882353
0.05244000  30.25865344470588
0.05246000  30.290445443529414
0.05248000  30.322237442352943
0.05250000  30.354029441176472
0.05252000  30.38582144
0.05254000  30.41761343882353
0.05256000  30.44940543764706
0.05258000  30.481197436470588
0.05260000  30.512989435294116
0.05262000  30.544781434117645
0.05264000  30.576573432941174
0.05266000  30.608365431764707
0.05268000  30.640157430588236
0.05270000  30.671949429411764
0.05272000  30.703741428235293
0.05274000  30.735533427058826
0.05276000  30.767325425882355
0.05278000  30.799117424705884
0.05280000  30.830909423529413
0.05282000  30.86270142235294
0.05284000  30.89449342117647
0.05286000  30.92628542
0.05288000  30.958077418823528
0.05290000  30.989869417647057
0.05292000  31.021661416470586
0.05294000  31.05345341529412
0.05296000  31.085245414117647
0.05298000  31.117037412941176
0.05300000  31.14882941176471
0.05302000  31.180621410588238
0.05304000  31.212413409411766
0.05306000  31.244205408235295
0.05308000  31.275997407058824
0.05310000  31.307789405882353
0.05312000  31.339581404705882
0.05314000  31.37137340352941
0.05316000  31.40316540235294
0.05318000  31.434957401176472
0.05320000  31.4667494
0.05322000  31.49854139882353
0.05324000  31.53033339764706
0.05326000  31.562125396470588
0.05328000  31.593917395294117
0.05330000  31.625709394117646
0.05332000  31.657501392941178
0.05334000  31.689293391764707
0.05336000  31.721085390588236
0.05338000  31.752877389411765
0.05340000  31.784669388235294
0.05342000  31.816461387058823
0.05344000  31.84825338588235
0.05346000  31.880045384705884
0.05348000  31.911837383529413
0.05350000  31.943629382352942
0.05352000  31.97542138117647
0.05354000  32.007213379999996
0.05356000  32.03900537882353
0.05358000  32.070797377647054
0.05360000  32.10258937647059
0.05362000  32.13438137529412
0.05364000  32.16617337411765
0.05366000  32.19796537294118
0.05368000  32.229757371764705
0.05370000  32.261549370588234
0.05372000  32.29334136941176
0.05374000  32.3251333682353
0.05376000  32.35692536705882
0.05378000  32.38871736588236
0.05380000  32.42050936470588
0.05382000  32.452301363529415
0.05384000  32.48409336235294
0.05386000  32.51588536117647
0.05388000  32.54767736
0.05390000  32.57946935882353
0.05392000  32.61126135764706
0.05394000  32.64305335647059
0.05396000  32.67484535529412
0.05398000  32.706637354117646
0.05400000  32.738429352941175
0.05402000  32.770221351764704
0.05404000  32.80201335058824
0.05406000  32.83380534941176
0.05408000  32.8655973482353
0.05410000  32.89738934705882
0.05412000  32.929181345882355
0.05414000  32.960973344705884
0.05416000  32.99276534352941
0.05418000  33.02455734235294
0.05420000  33.05634934117647
0.05422000  33.08814134
0.05424000  33.11993333882353
0.05426000  33.15172533764706
0.05428000  33.18351733647059
0.05430000  33.21530933529412
0.05432000  33.247101334117644
0.05434000  33.27889333294118
0.05436000  33.3106853317647
0.05438000  33.34247733058824
0.05440000  33.37426932941176
0.05442000  33.406061328235296
0.05444000  33.437853327058825
0.05446000  33.469645325882354
0.05448000  33.50143732470588
0.05450000  33.53322932352941
0.05452000  33.56502132235294
0.05454000  33.59681332117647
0.05456000  33.628605320000005
0.05458000  33.66039731882353
0.05460000  33.69218931764706
0.05462000  33.723981316470585
0.05464000  33.75577331529412
0.05466000  33.78756531411764
0.05468000  33.81935731294118
0.05470000  33.85114931176471
0.05472000  33.88294131058824
0.05474000  33.914733309411766
0.05476000  33.946525308235294
0.05478000  33.97831730705882
0.05480000  34.01010930588235
0.05482000  34.04190130470588
0.05484000  34.07369330352941
0.05486000  34.105485302352946
0.05488000  34.13727730117647
0.05490000  34.169069300000004
0.05492000  34.200861298823526
0.05494000  34.23265329764706
0.05496000  34.26444529647058
0.05498000  34.29623729529412
0.05500000  34.32802929411765
0.05502000  34.35982129294118
0.05504000  34.391613291764706
0.05506000  34.423405290588235
0.05508000  34.455197289411764
0.05510000  34.48698928823529
0.05512000  34.51878128705883
0.05514000  34.55057328588235
0.05516000  34.58236528470589
0.05518000  34.61415728352941
0.05520000  34.645949282352944
0.05522000  34.677741281176466
0.05524000  34.70953328
0.05526000  34.74132527882353
0.05528000  34.77311727764706
0.05530000  34.80490927647059
0.05532000  34.83670127529412
0.05534000  34.86849327411765
0.05536000  34.900285272941176
0.05538000  34.932077271764705
0.05540000  34.96386927058823
0.05542000  34.99566126941177
0.05544000  35.02745326823529
0.05546000  35.05924526705883
0.05548000  35.09103726588235
0.05550000  35.122829264705885
0.05552000  35.15462126352941
0.05554000  35.18641326235294
0.05556000  35.21820526117647
0.05558000  35.24999726
0.05560000  35.28178925882353
0.05562000  35.31358125764706
0.05564000  35.34537325647059
0.05566000  35.377165255294116
0.05568000  35.40895725411765
0.05570000  35.440749252941174
0.05572000  35.47254125176471
0.05574000  35.50433325058823
0.05576000  35.53612524941177
0.05578000  35.56791724823529
0.05580000  35.599709247058826
0.05582000  35.631501245882355
0.05584000  35.66329324470588
0.05586000  35.69508524352941
0.05588000  35.72687724235294
0.05590000  35.75866924117647
0.05592000  35.79046124
0.05594000  35.822253238823535
0.05596000  35.85404523764706
0.05598000  35.88583723647059
0.05600000  35.917629235294115
0.05602000  35.94942123411765
0.05604000  35.98121323294117
0.05606000  36.01300523176471
0.05608000  36.04479723058824
0.05610000  36.076589229411766
0.05612000  36.108381228235295
0.05614000  36.140173227058824
0.05616000  36.17196522588235
0.05618000  36.20375722470588
0.05620000  36.23554922352941
0.05622000  36.26734122235294
0.05624000  36.299133221176476
0.05626000  36.33092522
0.05628000  36.36271721882353
0.05630000  36.394509217647055
0.05632000  36.42630121647059
0.05634000  36.45809321529411
0.05636000  36.48988521411765
0.05638000  36.52167721294118
0.05640000  36.55346921176471
0.05642000  36.585261210588236
0.05644000  36.617053209411765
0.05646000  36.648845208235294
0.05648000  36.68063720705882
0.05650000  36.71242920588236
0.05652000  36.74422120470588
0.05654000  36.776013203529416
0.05656000  36.80780520235294
0.05658000  36.839597201176474
0.05660000  36.871389199999996
0.05662000  36.90318119882353
0.05664000  36.93497319764706
0.05666000  36.96676519647059
0.05668000  36.99855719529412
0.05670000  37.03034919411765
0.05672000  37.062141192941176
0.05674000  37.093933191764705
0.05676000  37.125725190588234
0.05678000  37.15751718941176
0.05680000  37.1893091882353
0.05682000  37.22110118705882
0.05684000  37.25289318588236
0.05686000  37.28468518470588
0.05688000  37.316477183529415
0.05690000  37.34826918235294
0.05692000  37.38006118117647
0.05694000  37.41185318
0.05696000  37.44364517882353
0.05698000  37.47543717764706
0.05700000  37.50722917647059
0.05702000  37.53902117529412
0.05704000  37.570813174117646
0.05706000  37.60260517294118
0.05708000  37.634397171764704
0.05710000  37.66618917058824
0.05712000  37.69798116941176
0.05714000  37.7297731682353
0.05716000  37.76156516705882
0.05718000  37.793357165882355
0.05720000  37.825149164705884
0.05722000  37.85694116352941
0.05724000  37.88873316235294
0.05726000  37.92052516117647
0.05728000  37.95231716
0.05730000  37.98410915882353
0.05732000  38.01590115764706
0.05734000  38.04769315647059
0.05736000  38.07948515529412
0.05738000  38.111277154117644
0.05740000  38.14306915294118
0.05742000  38.1748611517647
0.05744000  38.20665315058824
0.05746000  38.23844514941176
0.05748000  38.270237148235296
0.05750000  38.302029147058825
0.05752000  38.333821145882354
0.05754000  38.36561314470588
0.05756000  38.39740514352941
0.05758000  38.42919714235294
0.05760000  38.46098914117647
0.05762000  38.492781140000005
0.05764000  38.52457313882353
0.05766000  38.55636513764706
0.05768000  38.588157136470585
0.05770000  38.61994913529412
0.05772000  38.65174113411764
0.05774000  38.68353313294118
0.05776000  38.71532513176471
0.05778000  38.74711713058824
0.05780000  38.778909129411765
0.05782000  38.810701128235294
0.05784000  38.84249312705882
0.05786000  38.87428512588235
0.05788000  38.90607712470589
0.05790000  38.93786912352941
0.05792000  38.969661122352946
0.05794000  39.00145312117647
0.05796000  39.033245120000004
0.05798000  39.065037118823525
0.05800000  39.09682911764706
0.05802000  39.12862111647059
0.05804000  39.16041311529412
0.05806000  39.19220511411765
0.05808000  39.22399711294118
0.05810000  39.255789111764706
0.05812000  39.287581110588235
0.05814000  39.319373109411764
0.05816000  39.35116510823529
0.05818000  39.38295710705883
0.05820000  39.41474910588235
0.05822000  39.44654110470589
0.05824000  39.47833310352941
0.05826000  39.510125102352944
0.05828000  39.541917101176466
0.05830000  39.5737091
0.05832000  39.60550109882353
0.05834000  39.63729309764706
0.05836000  39.66908509647059
0.05838000  39.70087709529412
0.05840000  39.73266909411765
0.05842000  39.764461092941175
0.05844000  39.79625309176471
0.05846000  39.82804509058823
0.05848000  39.85983708941177
0.05850000  39.89162908823529
0.05852000  39.92342108705883
0.05854000  39.95521308588235
0.05856000  39.987005084705885
0.05858000  40.018797083529414
0.05860000  40.05058908235294
0.05862000  40.08238108117647
0.05864000  40.11417308
0.05866000  40.14596507882353
0.05868000  40.17775707764706
0.05870000  40.20954907647059
0.05872000  40.241341075294116
0.05874000  40.27313307411765
0.05876000  40.304925072941174
0.05878000  40.33671707176471
0.05880000  40.36850907058823
0.05882000  40.40030106941177
0.05884000  40.43209306823529
0.05886000  40.463885067058825
0.05888000  40.495677065882354
0.05890000  40.52746906470588
0.05892000  40.55926106352941
0.05894000  40.59105306235294
0.05896000  40.62284506117647
0.05898000  40.65463706
0.05900000  40.686429058823535
0.05902000  40.71822105764706
0.05904000  40.75001305647059
0.05906000  40.781805055294114
0.05908000  40.81359705411765
0.05910000  40.84538905294117
0.05912000  40.87718105176471
0.05914000  40.90897305058824
0.05916000  40.940765049411766
0.05918000  40.972557048235295
0.05920000  41.004349047058824
0.05922000  41.03614104588235
0.05924000  41.06793304470588
0.05926000  41.09972504352942
0.05928000  41.13151704235294
0.05930000  41.163309041176475
0.05932000  41.19510104
0.05934000  41.22689303882353
0.05936000  41.258685037647055
0.05938000  41.29047703647059
0.05940000  41.32226903529412
0.05942000  41.35406103411765
0.05944000  41.38585303294118
0.05946000  41.41764503176471
0.05948000  41.449437030588236
0.05950000  41.481229029411764
0.05952000  41.51302102823529
0.05954000  41.54481302705882
0.05956000  41.57660502588236
0.05958000  41.60839702470588
0.05960000  41.640189023529416
0.05962000  41.67198102235294
0.05964000  41.703773021176474
0.05966000  41.735565019999996
0.05968000  41.76735701882353
0.05970000  41.79914901764706
0.05972000  41.83094101647059
0.05974000  41.86273301529412
0.05976000  41.89452501411765
0.05978000  41.926317012941176
0.05980000  41.958109011764705
0.05982000  41.98990101058824
0.05984000  42.02169300941176
0.05986000  42.0534850082353
0.05988000  42.08527700705882
0.05990000  42.11706900588236
0.05992000  42.14886100470588
0.05994000  42.180653003529414
0.05996000  42.21244500235294
0.05998000  42.24423700117647
0.06000000  42.276029
0.06002000  42.547463
0.06004000  42.798792
0.06006000  43.031124
0.06008000  43.246819
0.06010000  43.460897
0.06012000  43.71732
0.06014000  44.062383
0.06016000  44.529165
0.06018000  45.156335
0.06020000  45.988559
0.06022000  47.132282
0.06024000  48.907491
0.06026000  51.738363
0.06028000  56.227139
0.06030000  63.358333
0.06032000  74.806882
0.06034000  93.439744
0.06036000  124.045423
0.06038000  172.956638
0.06040000  244.524811
0.06042000  344.443673
0.06044000  492.201996
0.06046000  748.833588
0.06048000  1294.655012
0.06050000  2563.204037
0.06052000  5036.092414
0.06054000  8664.646763
0.06056000  12014.07336
0.06058000  13026.363876
0.06060000  10600.700904
0.06062000  6425.837796
0.06064000  3126.993019
0.06066000  1401.438813
0.06068000  662.655145
0.06070000  346.741259
0.06072000  199.131429
0.06074000  123.37398
0.06076000  81.398607
0.06078000  56.814561
0.06080000  41.944666
0.06082000  32.745032
0.06084000  26.920159
0.06086000  23.137501
0.06088000  20.620145
0.06090000  18.908925
0.06092000  17.725416
0.06094000  16.895858
0.06096000  16.30922
0.06098000  15.891522
0.06100000  15.593186
0.06102000  15.380114
0.06104000  15.22834
0.06106000  15.121071
0.06108000  15.046173
0.06110000  14.994896
0.06112000  14.960602
0.06114000  14.938642
0.06116000  14.925769
0.06118000  14.919491
0.06120000  14.918154
0.06122000  14.920417
0.06124000  14.925152
0.06126000  14.931844
0.06128000  14.939878
0.06130000  14.948742
0.06132000  14.958023
0.06134000  14.967517
0.06136000  14.976913
0.06138000  14.985799
0.06140000  14.994276
0.06142000  15.002033
0.06144000  15.009381
0.06146000  15.016318
0.06148000  15.022844
0.06150000  15.028958
0.06152000  15.034763
0.06154000  15.040156
0.06156000  15.045343
0.06158000  15.050324
0.06160000  15.0551
0.06162000  15.059773
0.06164000  15.064239
0.06166000  15.068499
0.06168000  15.072761
0.06170000  15.077023
0.06172000  15.081079
0.06174000  15.085032
0.06176000  15.088986
0.06178000  15.092941
0.06180000  15.096792
0.06182000  15.100541
0.06184000  15.104291
0.06186000  15.107937
0.06188000  15.111584
0.06190000  15.115232
0.06192000  15.118777
0.06194000  15.122218
0.06196000  15.12566
0.06198000  15.129103
0.06200000  15.132442
0.06202000  15.135782
0.06204000  15.139123
0.06206000  15.14236
0.06208000  15.145493
0.06210000  15.148627
0.06212000  15.151761
0.06214000  15.154896
0.06216000  15.157928
0.06218000  15.160855
0.06220000  15.163783
0.06222000  15.166711
0.06224000  15.16964
0.06226000  15.172465
0.06228000  15.175186
0.06230000  15.178012
0.06232000  15.180734
0.06234000  15.183352
0.06236000  15.18597
0.06238000  15.188588
0.06240000  15.191207
0.06242000  15.193722
0.06244000  15.196237
0.06246000  15.198647
0.06248000  15.201058
0.06250000  15.20347
0.06252000  15.205777
0.06254000  15.208084
0.06256000  15.210392
0.06258000  15.2127
0.06260000  15.214903
0.06262000  15.217107
0.06264000  15.219206
0.06266000  15.221305
0.06268000  15.223405
0.06270000  15.225505
0.06272000  15.2275
0.06274000  15.229495
0.06276000  15.231491
0.06278000  15.233382
0.06280000  15.235273
0.06282000  15.237164
0.06284000  15.238951
0.06286000  15.240843
0.06288000  15.24263
0.06290000  15.244417
0.06292000  15.246099
0.06294000  15.247782
0.06296000  15.249464
0.06298000  15.251147
0.06300000  15.25283
