0.00000000  42.280402
0.00002000  42.551865
0.00004000  42.80322
0.00006000  43.035576
0.00008000  43.251293
0.00010000  43.465393
0.00012000  43.721843
0.00014000  44.067246
0.00016000  44.534079
0.00018000  45.161318
0.00020000  45.993634
0.00022000  47.137483
0.00024000  48.913225
0.00026000  51.7455
0.00028000  56.239549
0.00030000  63.387178
0.00032000  74.883792
0.00034000  93.659101
0.00036000  124.745467
0.00038000  174.974617
0.00040000  248.815059
0.00042000  352.983117
0.00044000  509.481042
0.00046000  785.107168
0.00048000  1384.664751
0.00050000  2828.230232
0.00052000  5736.431708
0.00054000  10316.888276
0.00056000  15139.904119
0.00058000  17618.347165
0.00060000  15574.429998
0.00062000  10383.915817
0.00064000  5586.855875
0.00066000  2736.402933
0.00068000  1382.698968
0.00070000  749.81029
0.00072000  434.750348
0.00074000  266.78626
0.00076000  171.589155
0.00078000  115.207802
0.00080000  80.989278
0.00082000  59.826034
0.00084000  46.432495
0.00086000  37.713059
0.00088000  31.865712
0.00090000  27.835052
0.00092000  24.987406
0.00094000  22.933202
0.00096000  21.426471
0.00098000  20.304887
0.00100000  19.46048
0.00102000  18.819288
0.00104000  18.328833
0.00106000  17.95215
0.00108000  17.661963
0.00110000  17.437811
0.00112000  17.264302
0.00114000  17.130046
0.00116000  17.026517
0.00118000  16.946855
0.00120000  16.886189
0.00122000  16.840368
0.00124000  16.806141
0.00126000  16.78124
0.00128000  16.763542
0.00130000  16.751292
0.00132000  16.743323
0.00134000  16.738358
0.00136000  16.735473
0.00138000  16.733741
0.00140000  16.732587
0.00142000  16.731664
0.00144000  16.731087
0.00146000  16.730395
0.00148000  16.729703
0.00150000  16.728895
0.00152000  16.727857
0.00154000  16.726472
0.00156000  16.724973
0.00158000  16.723243
0.00160000  16.721282
0.00162000  16.719207
0.00164000  16.717016
0.00166000  16.71471
0.00168000  16.71229
0.00170000  16.709754
0.00172000  16.707219
0.00174000  16.704569
0.00176000  16.70192
0.00178000  16.699271
0.00180000  16.696507
0.00182000  16.693744
0.00184000  16.690981
0.00186000  16.688218
0.00188000  16.685456
0.00190000  16.68258
0.00192000  16.679819
0.00194000  16.676943
0.00196000  16.674183
0.00198000  16.671309
0.00200000  16.668434
0.00202000  16.665676
0.00204000  16.662803
0.00206000  16.65993
0.00208000  16.657058
0.00210000  16.654301
0.00212000  16.65143
0.00214000  16.648559
0.00216000  16.645689
0.00218000  16.642819
0.00220000  16.63995
0.00222000  16.637081
0.00224000  16.634213
0.00226000  16.631345
0.00228000  16.628478
0.00230000  16.625611
0.00232000  16.622745
0.00234000  16.619879
0.00236000  16.617014
0.00238000  16.614149
0.00240000  16.611285
0.00242000  16.608421
0.00244000  16.605558
0.00246000  16.602695
0.00248000  16.599833
0.00250000  16.596971
0.00252000  16.59411
0.00254000  16.591249
0.00256000  16.588389
0.00258000  16.585529
0.00260000  16.58267
0.00262000  16.579811
0.00264000  16.576953
0.00266000  16.574095
0.00268000  16.571352
0.00270000  16.568495
0.00272000  16.565638
0.00274000  16.562782
0.00276000  16.559927
0.00278000  16.557072
0.00280000  16.554218
0.00282000  16.551364
0.00284000  16.548625
0.00286000  16.545772
0.00288000  16.542919
0.00290000  16.540067
0.00292000  16.53733
0.00294000  16.534479
0.00296000  16.531628
0.00298000  16.528892
0.00300000  16.526042
0.00302000  16.556341247058825
0.00304000  16.58664049411765
0.00306000  16.61693974117647
0.00308000  16.647238988235294
0.00310000  16.67753823529412
0.00312000  16.707837482352943
0.00314000  16.738136729411764
0.00316000  16.768435976470588
0.00318000  16.798735223529413
0.00320000  16.829034470588237
0.00322000  16.859333717647058
0.00324000  16.889632964705882
0.00326000  16.919932211764706
0.00328000  16.95023145882353
0.00330000  16.98053070588235
0.00332000  17.010829952941176
0.00334000  17.0411292
0.00336000  17.071428447058825
0.00338000  17.10172769411765
0.00340000  17.13202694117647
0.00342000  17.162326188235294
0.00344000  17.19262543529412
0.00346000  17.222924682352943
0.00348000  17.253223929411764
0.00350000  17.283523176470588
0.00352000  17.313822423529412
0.00354000  17.344121670588237
0.00356000  17.374420917647058
0.00358000  17.404720164705882
0.00360000  17.435019411764706
0.00362000  17.46531865882353
0.00364000  17.495617905882355
0.00366000  17.525917152941176
0.00368000  17.5562164
0.00370000  17.586515647058825
0.00372000  17.61681489411765
0.00374000  17.64711414117647
0.00376000  17.677413388235294
0.00378000  17.70771263529412
0.00380000  17.738011882352943
0.00382000  17.768311129411764
0.00384000  17.798610376470588
0.00386000  17.828909623529412
0.00388000  17.859208870588237
0.00390000  17.889508117647058
0.00392000  17.919807364705882
0.00394000  17.950106611764706
0.00396000  17.98040585882353
0.00398000  18.01070510588235
0.00400000  18.041004352941176
0.00402000  18.0713036
0.00404000  18.101602847058825
0.00406000  18.13190209411765
0.00408000  18.16220134117647
0.00410000  18.192500588235294
0.00412000  18.22279983529412
0.00414000  18.253099082352943
0.00416000  18.283398329411764
0.00418000  18.313697576470588
0.00420000  18.343996823529412
0.00422000  18.374296070588237
0.00424000  18.404595317647058
0.00426000  18.434894564705882
0.00428000  18.465193811764706
0.00430000  18.49549305882353
0.00432000  18.525792305882355
0.00434000  18.556091552941176
0.00436000  18.5863908
0.00438000  18.616690047058825
0.00440000  18.64698929411765
0.00442000  18.67728854117647
0.00444000  18.707587788235294
0.00446000  18.73788703529412
0.00448000  18.768186282352943
0.00450000  18.798485529411764
0.00452000  18.828784776470588
0.00454000  18.859084023529412
0.00456000  18.889383270588237
0.00458000  18.91968251764706
0.00460000  18.949981764705882
0.00462000  18.980281011764706
0.00464000  19.01058025882353
0.00466000  19.04087950588235
0.00468000  19.071178752941176
0.00470000  19.101478
0.00472000  19.131777247058825
0.00474000  19.16207649411765
0.00476000  19.19237574117647
0.00478000  19.222674988235294
0.00480000  19.25297423529412
0.00482000  19.283273482352943
0.00484000  19.313572729411767
0.00486000  19.343871976470588
0.00488000  19.374171223529412
0.00490000  19.404470470588237
0.00492000  19.434769717647058
0.00494000  19.465068964705882
0.00496000  19.495368211764706
0.00498000  19.52566745882353
0.00500000  19.555966705882355
0.00502000  19.586265952941176
0.00504000  19.6165652
0.00506000  19.646864447058825
0.00508000  19.67716369411765
0.00510000  19.70746294117647
0.00512000  19.737762188235294
0.00514000  19.76806143529412
0.00516000  19.798360682352943
0.00518000  19.828659929411764
0.00520000  19.858959176470588
0.00522000  19.889258423529412
0.00524000  19.919557670588237
0.00526000  19.94985691764706
0.00528000  19.980156164705882
0.00530000  20.010455411764706
0.00532000  20.04075465882353
0.00534000  20.071053905882355
0.00536000  20.101353152941176
0.00538000  20.1316524
0.00540000  20.161951647058824
0.00542000  20.19225089411765
0.00544000  20.22255014117647
0.00546000  20.252849388235294
0.00548000  20.28314863529412
0.00550000  20.313447882352943
0.00552000  20.343747129411767
0.00554000  20.374046376470588
0.00556000  20.404345623529412
0.00558000  20.434644870588237
0.00560000  20.464944117647057
0.00562000  20.495243364705882
0.00564000  20.525542611764706
0.00566000  20.55584185882353
0.00568000  20.586141105882355
0.00570000  20.616440352941176
0.00572000  20.6467396
0.00574000  20.677038847058824
0.00576000  20.70733809411765
0.00578000  20.737637341176473
0.00580000  20.767936588235294
0.00582000  20.79823583529412
0.00584000  20.828535082352943
0.00586000  20.858834329411764
0.00588000  20.889133576470588
0.00590000  20.919432823529412
0.00592000  20.949732070588237
0.00594000  20.98003131764706
0.00596000  21.010330564705882
0.00598000  21.040629811764706
0.00600000  21.07092905882353
0.00602000  21.10122830588235
0.00604000  21.13152755294118
0.00606000  21.1618268
0.00608000  21.192126047058824
0.00610000  21.22242529411765
0.00612000  21.25272454117647
0.00614000  21.283023788235294
0.00616000  21.31332303529412
0.00618000  21.343622282352943
0.00620000  21.373921529411767
0.00622000  21.404220776470588
0.00624000  21.434520023529412
0.00626000  21.464819270588237
0.00628000  21.495118517647057
0.00630000  21.52541776470588
0.00632000  21.555717011764706
0.00634000  21.58601625882353
0.00636000  21.616315505882355
0.00638000  21.646614752941176
0.00640000  21.676914
0.00642000  21.707213247058824
0.00644000  21.73751249411765
0.00646000  21.767811741176473
0.00648000  21.798110988235294
0.00650000  21.82841023529412
0.00652000  21.858709482352943
0.00654000  21.889008729411763
0.00656000  21.919307976470588
0.00658000  21.949607223529412
0.00660000  21.979906470588237
0.00662000  22.01020571764706
0.00664000  22.04050496470588
0.00666000  22.070804211764706
0.00668000  22.10110345882353
0.00670000  22.131402705882355
0.00672000  22.16170195294118
0.00674000  22.1920012
0.00676000  22.222300447058824
0.00678000  22.25259969411765
0.00680000  22.28289894117647
0.00682000  22.313198188235294
0.00684000  22.34349743529412
0.00686000  22.373796682352943
0.00688000  22.404095929411767
0.00690000  22.434395176470588
0.00692000  22.464694423529412
0.00694000  22.494993670588237
0.00696000  22.525292917647057
0.00698000  22.55559216470588
0.00700000  22.585891411764706
0.00702000  22.61619065882353
0.00704000  22.646489905882355
0.00706000  22.676789152941176
0.00708000  22.7070884
0.00710000  22.737387647058824
0.00712000  22.76768689411765
0.00714000  22.797986141176473
0.00716000  22.828285388235294
0.00718000  22.858584635294118
0.00720000  22.888883882352943
0.00722000  22.919183129411763
0.00724000  22.949482376470588
0.00726000  22.979781623529412
0.00728000  23.010080870588236
0.00730000  23.04038011764706
0.00732000  23.07067936470588
0.00734000  23.100978611764706
0.00736000  23.13127785882353
0.00738000  23.161577105882355
0.00740000  23.19187635294118
0.00742000  23.2221756
0.00744000  23.252474847058824
0.00746000  23.28277409411765
0.00748000  23.31307334117647
0.00750000  23.343372588235294
0.00752000  23.373671835294118
0.00754000  23.403971082352943
0.00756000  23.434270329411767
0.00758000  23.464569576470588
0.00760000  23.494868823529412
0.00762000  23.525168070588236
0.00764000  23.555467317647057
0.00766000  23.585766564705885
0.00768000  23.616065811764706
0.00770000  23.64636505882353
0.00772000  23.676664305882355
0.00774000  23.706963552941176
0.00776000  23.7372628
0.00778000  23.767562047058824
0.00780000  23.79786129411765
0.00782000  23.828160541176473
0.00784000  23.858459788235294
0.00786000  23.888759035294118
0.00788000  23.919058282352943
0.00790000  23.949357529411763
0.00792000  23.979656776470588
0.00794000  24.009956023529412
0.00796000  24.040255270588236
0.00798000  24.07055451764706
0.00800000  24.10085376470588
0.00802000  24.131153011764706
0.00804000  24.16145225882353
0.00806000  24.191751505882355
0.00808000  24.22205075294118
0.00810000  24.25235
0.00812000  24.282649247058824
0.00814000  24.31294849411765
0.00816000  24.34324774117647
0.00818000  24.373546988235294
0.00820000  24.403846235294118
0.00822000  24.434145482352942
0.00824000  24.464444729411767
0.00826000  24.494743976470588
0.00828000  24.525043223529412
0.00830000  24.555342470588236
0.00832000  24.585641717647057
0.00834000  24.615940964705885
0.00836000  24.646240211764706
0.00838000  24.67653945882353
0.00840000  24.706838705882355
0.00842000  24.737137952941175
0.00844000  24.7674372
0.00846000  24.797736447058824
0.00848000  24.82803569411765
0.00850000  24.858334941176473
0.00852000  24.888634188235294
0.00854000  24.918933435294118
0.00856000  24.949232682352942
0.00858000  24.979531929411763
0.00860000  25.00983117647059
0.00862000  25.040130423529412
0.00864000  25.070429670588236
0.00866000  25.10072891764706
0.00868000  25.13102816470588
0.00870000  25.161327411764706
0.00872000  25.19162665882353
0.00874000  25.22192590588235
0.00876000  25.25222515294118
0.00878000  25.2825244
0.00880000  25.312823647058824
0.00882000  25.34312289411765
0.00884000  25.37342214117647
0.00886000  25.403721388235297
0.00888000  25.434020635294118
0.00890000  25.464319882352942
0.00892000  25.494619129411767
0.00894000  25.524918376470588
0.00896000  25.555217623529412
0.00898000  25.585516870588236
0.00900000  25.615816117647057
0.00902000  25.646115364705885
0.00904000  25.676414611764706
0.00906000  25.70671385882353
0.00908000  25.737013105882355
0.00910000  25.767312352941175
0.00912000  25.797611600000003
0.00914000  25.827910847058824
0.00916000  25.85821009411765
0.00918000  25.888509341176473
0.00920000  25.918808588235294
0.00922000  25.949107835294118
0.00924000  25.979407082352942
0.00926000  26.009706329411763
0.00928000  26.04000557647059
0.00930000  26.070304823529412
0.00932000  26.100604070588236
0.00934000  26.13090331764706
0.00936000  26.16120256470588
0.00938000  26.191501811764706
0.00940000  26.22180105882353
0.00942000  26.252100305882355
0.00944000  26.28239955294118
0.00946000  26.3126988
0.00948000  26.342998047058824
0.00950000  26.37329729411765
0.00952000  26.40359654117647
0.00954000  26.433895788235297
0.00956000  26.464195035294118
0.00958000  26.494494282352942
0.00960000  26.524793529411767
0.00962000  26.555092776470588
0.00964000  26.585392023529412
0.00966000  26.615691270588236
0.00968000  26.645990517647057
0.00970000  26.676289764705885
0.00972000  26.706589011764706
0.00974000  26.73688825882353
0.00976000  26.767187505882355
0.00978000  26.797486752941175
0.00980000  26.827786000000003
0.00982000  26.858085247058824
0.00984000  26.88838449411765
0.00986000  26.918683741176473
0.00988000  26.948982988235294
0.00990000  26.979282235294118
0.00992000  27.009581482352942
0.00994000  27.039880729411763
0.00996000  27.07017997647059
0.00998000  27.100479223529412
0.01000000  27.130778470588236
0.01002000  27.16107771764706
0.01004000  27.19137696470588
0.01006000  27.22167621176471
0.01008000  27.25197545882353
0.01010000  27.282274705882354
0.01012000  27.31257395294118
0.01014000  27.3428732
0.01016000  27.373172447058824
0.01018000  27.40347169411765
0.01020000  27.43377094117647
0.01022000  27.464070188235297
0.01024000  27.494369435294118
0.01026000  27.524668682352942
0.01028000  27.554967929411767
0.01030000  27.585267176470587
0.01032000  27.615566423529412
0.01034000  27.645865670588236
0.01036000  27.67616491764706
0.01038000  27.706464164705885
0.01040000  27.736763411764706
0.01042000  27.76706265882353
0.01044000  27.797361905882354
0.01046000  27.827661152941175
0.01048000  27.857960400000003
0.01050000  27.888259647058824
0.01052000  27.91855889411765
0.01054000  27.948858141176473
0.01056000  27.979157388235294
0.01058000  28.009456635294118
0.01060000  28.039755882352942
0.01062000  28.070055129411763
0.01064000  28.10035437647059
0.01066000  28.130653623529412
0.01068000  28.160952870588236
0.01070000  28.19125211764706
0.01072000  28.22155136470588
0.01074000  28.25185061176471
0.01076000  28.28214985882353
0.01078000  28.312449105882354
0.01080000  28.34274835294118
0.01082000  28.3730476
0.01084000  28.403346847058824
0.01086000  28.43364609411765
0.01088000  28.46394534117647
0.01090000  28.494244588235297
0.01092000  28.524543835294118
0.01094000  28.554843082352942
0.01096000  28.585142329411767
0.01098000  28.615441576470587
0.01100000  28.64574082352941
0.01102000  28.676040070588236
0.01104000  28.70633931764706
0.01106000  28.736638564705885
0.01108000  28.766937811764706
0.01110000  28.79723705882353
0.01112000  28.827536305882354
0.01114000  28.857835552941175
0.01116000  28.888134800000003
0.01118000  28.918434047058824
0.01120000  28.94873329411765
0.01122000  28.979032541176473
0.01124000  29.009331788235293
0.01126000  29.039631035294118
0.01128000  29.069930282352942
0.01130000  29.100229529411763
0.01132000  29.13052877647059
0.01134000  29.16082802352941
0.01136000  29.191127270588236
0.01138000  29.22142651764706
0.01140000  29.25172576470588
0.01142000  29.28202501176471
0.01144000  29.31232425882353
0.01146000  29.342623505882354
0.01148000  29.37292275294118
0.01150000  29.403222
0.01152000  29.433521247058824
0.01154000  29.46382049411765
0.01156000  29.49411974117647
0.01158000  29.524418988235297
0.01160000  29.554718235294118
0.01162000  29.585017482352942
0.01164000  29.615316729411767
0.01166000  29.645615976470587
0.01168000  29.675915223529415
0.01170000  29.706214470588236
0.01172000  29.73651371764706
0.01174000  29.766812964705885
0.01176000  29.797112211764706
0.01178000  29.82741145882353
0.01180000  29.857710705882354
0.01182000  29.888009952941175
0.01184000  29.918309200000003
0.01186000  29.948608447058824
0.01188000  29.978907694117648
0.01190000  30.009206941176473
0.01192000  30.039506188235293
0.01194000  30.069805435294118
0.01196000  30.100104682352942
0.01198000  30.130403929411766
0.01200000  30.16070317647059
0.01202000  30.19100242352941
0.01204000  30.221301670588236
0.01206000  30.25160091764706
0.01208000  30.28190016470588
0.01210000  30.31219941176471
0.01212000  30.34249865882353
0.01214000  30.372797905882354
0.01216000  30.40309715294118
0.01218000  30.4333964
0.01220000  30.463695647058824
0.01222000  30.493994894117648
0.01224000  30.52429414117647
0.01226000  30.554593388235297
0.01228000  30.584892635294118
0.01230000  30.615191882352942
0.01232000  30.645491129411766
0.01234000  30.675790376470587
0.01236000  30.706089623529415
0.01238000  30.736388870588236
0.01240000  30.76668811764706
0.01242000  30.796987364705885
0.01244000  30.827286611764706
0.01246000  30.85758585882353
0.01248000  30.887885105882354
0.01250000  30.918184352941175
0.01252000  30.948483600000003
0.01254000  30.978782847058824
0.01256000  31.009082094117648
0.01258000  31.039381341176473
0.01260000  31.069680588235293
0.01262000  31.09997983529412
0.01264000  31.130279082352942
0.01266000  31.160578329411766
0.01268000  31.19087757647059
0.01270000  31.22117682352941
0.01272000  31.251476070588236
0.01274000  31.28177531764706
0.01276000  31.31207456470588
0.01278000  31.34237381176471
0.01280000  31.37267305882353
0.01282000  31.402972305882354
0.01284000  31.43327155294118
0.01286000  31.4635708
0.01288000  31.493870047058824
0.01290000  31.524169294117648
0.01292000  31.554468541176472
0.01294000  31.584767788235297
0.01296000  31.615067035294118
0.01298000  31.645366282352942
0.01300000  31.675665529411766
0.01302000  31.705964776470587
0.01304000  31.736264023529415
0.01306000  31.766563270588236
0.01308000  31.79686251764706
0.01310000  31.827161764705885
0.01312000  31.857461011764705
0.01314000  31.88776025882353
0.01316000  31.918059505882354
0.01318000  31.948358752941175
0.01320000  31.978658000000003
0.01322000  32.008957247058824
0.01324000  32.03925649411765
0.01326000  32.06955574117647
0.01328000  32.09985498823529
0.01330000  32.13015423529412
0.01332000  32.16045348235294
0.01334000  32.19075272941177
0.01336000  32.22105197647059
0.01338000  32.25135122352941
0.01340000  32.28165047058823
0.01342000  32.31194971764706
0.01344000  32.34224896470588
0.01346000  32.37254821176471
0.01348000  32.40284745882353
0.01350000  32.43314670588235
0.01352000  32.46344595294118
0.01354000  32.4937452
0.01356000  32.52404444705883
0.01358000  32.55434369411765
0.01360000  32.58464294117647
0.01362000  32.6149421882353
0.01364000  32.64524143529412
0.01366000  32.675540682352946
0.01368000  32.705839929411766
0.01370000  32.73613917647059
0.01372000  32.76643842352941
0.01374000  32.796737670588236
0.01376000  32.827036917647064
0.01378000  32.857336164705885
0.01380000  32.887635411764705
0.01382000  32.917934658823526
0.01384000  32.948233905882354
0.01386000  32.97853315294118
0.01388000  33.0088324
0.01390000  33.039131647058824
0.01392000  33.069430894117644
0.01394000  33.09973014117647
0.01396000  33.1300293882353
0.01398000  33.16032863529412
0.01400000  33.19062788235294
0.01402000  33.22092712941176
0.01404000  33.25122637647059
0.01406000  33.28152562352941
0.01408000  33.31182487058824
0.01410000  33.34212411764706
0.01412000  33.37242336470588
0.01414000  33.4027226117647
0.01416000  33.43302185882353
0.01418000  33.46332110588236
0.01420000  33.49362035294118
0.01422000  33.5239196
0.01424000  33.55421884705882
0.01426000  33.58451809411765
0.01428000  33.614817341176476
0.01430000  33.6451165882353
0.01432000  33.67541583529412
0.01434000  33.70571508235294
0.01436000  33.736014329411766
0.01438000  33.766313576470594
0.01440000  33.796612823529415
0.01442000  33.826912070588236
0.01444000  33.85721131764706
0.01446000  33.887510564705885
0.01448000  33.917809811764705
0.01450000  33.94810905882353
0.01452000  33.978408305882354
0.01454000  34.008707552941175
0.01456000  34.0390068
0.01458000  34.069306047058824
0.01460000  34.09960529411765
0.01462000  34.12990454117647
0.01464000  34.16020378823529
0.01466000  34.190503035294114
0.01468000  34.22080228235294
0.01470000  34.25110152941177
0.01472000  34.28140077647059
0.01474000  34.31170002352941
0.01476000  34.34199927058823
0.01478000  34.37229851764706
0.01480000  34.40259776470589
0.01482000  34.43289701176471
0.01484000  34.46319625882353
0.01486000  34.49349550588235
0.01488000  34.52379475294118
0.01490000  34.554094000000006
0.01492000  34.58439324705883
0.01494000  34.61469249411765
0.01496000  34.64499174117647
0.01498000  34.6752909882353
0.01500000  34.70559023529412
0.01502000  34.735889482352945
0.01504000  34.766188729411766
0.01506000  34.79648797647059
0.01508000  34.82678722352941
0.01510000  34.857086470588236
0.01512000  34.887385717647064
0.01514000  34.917684964705884
0.01516000  34.947984211764705
0.01518000  34.978283458823526
0.01520000  35.008582705882354
0.01522000  35.03888195294118
0.01524000  35.0691812
0.01526000  35.09948044705882
0.01528000  35.129779694117644
0.01530000  35.16007894117647
0.01532000  35.1903781882353
0.01534000  35.22067743529412
0.01536000  35.25097668235294
0.01538000  35.28127592941176
0.01540000  35.31157517647059
0.01542000  35.34187442352941
0.01544000  35.37217367058824
0.01546000  35.40247291764706
0.01548000  35.43277216470588
0.01550000  35.46307141176471
0.01552000  35.49337065882353
0.01554000  35.52366990588236
0.01556000  35.55396915294118
0.01558000  35.5842684
0.01560000  35.61456764705882
0.01562000  35.64486689411765
0.01564000  35.675166141176476
0.01566000  35.7054653882353
0.01568000  35.73576463529412
0.01570000  35.76606388235294
0.01572000  35.796363129411766
0.01574000  35.826662376470594
0.01576000  35.856961623529415
0.01578000  35.887260870588236
0.01580000  35.91756011764706
0.01582000  35.947859364705884
0.01584000  35.97815861176471
0.01586000  36.00845785882353
0.01588000  36.038757105882354
0.01590000  36.069056352941175
0.01592000  36.0993556
0.01594000  36.12965484705882
0.01596000  36.15995409411765
0.01598000  36.19025334117647
0.01600000  36.22055258823529
0.01602000  36.250851835294114
0.01604000  36.28115108235294
0.01606000  36.31145032941177
0.01608000  36.34174957647059
0.01610000  36.37204882352941
0.01612000  36.40234807058823
0.01614000  36.43264731764706
0.01616000  36.46294656470589
0.01618000  36.49324581176471
0.01620000  36.52354505882353
0.01622000  36.55384430588235
0.01624000  36.58414355294118
0.01626000  36.614442800000006
0.01628000  36.64474204705883
0.01630000  36.67504129411765
0.01632000  36.70534054117647
0.01634000  36.7356397882353
0.01636000  36.76593903529412
0.01638000  36.796238282352945
0.01640000  36.826537529411766
0.01642000  36.85683677647059
0.01644000  36.88713602352941
0.01646000  36.917435270588236
0.01648000  36.94773451764706
0.01650000  36.978033764705884
0.01652000  37.008333011764705
0.01654000  37.038632258823526
0.01656000  37.068931505882354
0.01658000  37.09923075294118
0.01660000  37.12953
0.01662000  37.15982924705882
0.01664000  37.190128494117644
0.01666000  37.22042774117647
0.01668000  37.2507269882353
0.01670000  37.28102623529412
0.01672000  37.31132548235294
0.01674000  37.34162472941176
0.01676000  37.37192397647059
0.01678000  37.40222322352942
0.01680000  37.43252247058824
0.01682000  37.46282171764706
0.01684000  37.49312096470588
0.01686000  37.52342021176471
0.01688000  37.55371945882353
0.01690000  37.58401870588236
0.01692000  37.61431795294118
0.01694000  37.6446172
0.01696000  37.67491644705882
0.01698000  37.70521569411765
0.01700000  37.735514941176476
0.01702000  37.7658141882353
0.01704000  37.79611343529412
0.01706000  37.82641268235294
0.01708000  37.856711929411766
0.01710000  37.887011176470594
0.01712000  37.917310423529415
0.01714000  37.947609670588236
0.01716000  37.977908917647056
0.01718000  38.008208164705884
0.01720000  38.03850741176471
0.01722000  38.06880665882353
0.01724000  38.099105905882354
0.01726000  38.129405152941175
0.01728000  38.1597044
0.01730000  38.19000364705882
0.01732000  38.22030289411765
0.01734000  38.25060214117647
0.01736000  38.28090138823529
0.01738000  38.311200635294114
0.01740000  38.34149988235294
0.01742000  38.37179912941177
0.01744000  38.40209837647059
0.01746000  38.43239762352941
0.01748000  38.46269687058823
0.01750000  38.49299611764706
0.01752000  38.52329536470589
0.01754000  38.55359461176471
0.01756000  38.58389385882353
0.01758000  38.61419310588235
0.01760000  38.64449235294118
0.01762000  38.674791600000006
0.01764000  38.70509084705883
0.01766000  38.73539009411765
0.01768000  38.76568934117647
0.01770000  38.795988588235296
0.01772000  38.826287835294124
0.01774000  38.856587082352945
0.01776000  38.886886329411766
0.01778000  38.91718557647059
0.01780000  38.947484823529415
0.01782000  38.977784070588235
0.01784000  39.00808331764706
0.01786000  39.038382564705884
0.01788000  39.068681811764705
0.01790000  39.098981058823526
0.01792000  39.129280305882354
0.01794000  39.15957955294118
0.01796000  39.1898788
0.01798000  39.22017804705882
0.01800000  39.250477294117644
0.01802000  39.28077654117647
0.01804000  39.3110757882353
0.01806000  39.34137503529412
0.01808000  39.37167428235294
0.01810000  39.40197352941176
0.01812000  39.43227277647059
0.01814000  39.46257202352942
0.01816000  39.49287127058824
0.01818000  39.52317051764706
0.01820000  39.55346976470588
0.01822000  39.58376901176471
0.01824000  39.61406825882353
0.01826000  39.64436750588236
0.01828000  39.67466675294118
0.01830000  39.704966
0.01832000  39.73526524705882
0.01834000  39.76556449411765
0.01836000  39.795863741176476
0.01838000  39.826162988235296
0.01840000  39.85646223529412
0.01842000  39.88676148235294
0.01844000  39.917060729411766
0.01846000  39.947359976470594
0.01848000  39.977659223529415
0.01850000  40.007958470588235
0.01852000  40.038257717647056
0.01854000  40.068556964705884
0.01856000  40.09885621176471
0.01858000  40.12915545882353
0.01860000  40.159454705882354
0.01862000  40.189753952941174
0.01864000  40.2200532
0.01866000  40.25035244705882
0.01868000  40.28065169411765
0.01870000  40.31095094117647
0.01872000  40.34125018823529
0.01874000  40.37154943529412
0.01876000  40.40184868235294
0.01878000  40.43214792941177
0.01880000  40.46244717647059
0.01882000  40.49274642352941
0.01884000  40.52304567058823
0.01886000  40.55334491764706
0.01888000  40.58364416470589
0.01890000  40.61394341176471
0.01892000  40.64424265882353
0.01894000  40.67454190588235
0.01896000  40.70484115294118
0.01898000  40.735140400000006
0.01900000  40.76543964705883
0.01902000  40.79573889411765
0.01904000  40.82603814117647
0.01906000  40.856337388235296
0.01908000  40.886636635294124
0.01910000  40.916935882352945
0.01912000  40.947235129411766
0.01914000  40.97753437647059
0.01916000  41.007833623529415
0.01918000  41.038132870588235
0.01920000  41.06843211764706
0.01922000  41.098731364705884
0.01924000  41.129030611764705
0.01926000  41.159329858823526
0.01928000  41.189629105882354
0.01930000  41.21992835294118
0.01932000  41.2502276
0.01934000  41.28052684705882
0.01936000  41.310826094117644
0.01938000  41.34112534117647
0.01940000  41.3714245882353
0.01942000  41.40172383529412
0.01944000  41.43202308235294
0.01946000  41.46232232941176
0.01948000  41.49262157647059
0.01950000  41.52292082352942
0.01952000  41.55322007058824
0.01954000  41.58351931764706
0.01956000  41.61381856470588
0.01958000  41.64411781176471
0.01960000  41.67441705882353
0.01962000  41.70471630588236
0.01964000  41.73501555294118
0.01966000  41.7653148
0.01968000  41.79561404705883
0.01970000  41.82591329411765
0.01972000  41.856212541176475
0.01974000  41.886511788235296
0.01976000  41.91681103529412
0.01978000  41.94711028235294
0.01980000  41.977409529411766
0.01982000  42.007708776470594
0.01984000  42.038008023529414
0.01986000  42.068307270588235
0.01988000  42.098606517647056
0.01990000  42.128905764705884
0.01992000  42.15920501176471
0.01994000  42.18950425882353
0.01996000  42.21980350588235
0.01998000  42.250102752941174
0.02000000  42.280402
0.02002000  42.551865
0.02004000  42.80322
0.02006000  43.035576
0.02008000  43.251293
0.02010000  43.465393
0.02012000  43.721843
0.02014000  44.067246
0.02016000  44.534079
0.02018000  45.161318
0.02020000  45.993634
0.02022000  47.137483
0.02024000  48.913225
0.02026000  51.7455
0.02028000  56.239549
0.02030000  63.387178
0.02032000  74.883792
0.02034000  93.659101
0.02036000  124.745467
0.02038000  174.974617
0.02040000  248.815059
0.02042000  352.983117
0.02044000  509.481042
0.02046000  785.107168
0.02048000  1384.664751
0.02050000  2828.230232
0.02052000  5736.431708
0.02054000  10316.888276
0.02056000  15139.904119
0.02058000  17618.347165
0.02060000  15574.429998
0.02062000  10383.915817
0.02064000  5586.855875
0.02066000  2736.402933
0.02068000  1382.698968
0.02070000  749.81029
0.02072000  434.750348
0.02074000  266.78626
0.02076000  171.589155
0.02078000  115.207802
0.02080000  80.989278
0.02082000  59.826034
0.02084000  46.432495
0.02086000  37.713059
0.02088000  31.865712
0.02090000  27.835052
0.02092000  24.987406
0.02094000  22.933202
0.02096000  21.426471
0.02098000  20.304887
0.02100000  19.46048
0.02102000  18.819288
0.02104000  18.328833
0.02106000  17.95215
0.02108000  17.661963
0.02110000  17.437811
0.02112000  17.264302
0.02114000  17.130046
0.02116000  17.026517
0.02118000  16.946855
0.02120000  16.886189
0.02122000  16.840368
0.02124000  16.806141
0.02126000  16.78124
0.02128000  16.763542
0.02130000  16.751292
0.02132000  16.743323
0.02134000  16.738358
0.02136000  16.735473
0.02138000  16.733741
0.02140000  16.732587
0.02142000  16.731664
0.02144000  16.731087
0.02146000  16.730395
0.02148000  16.729703
0.02150000  16.728895
0.02152000  16.727857
0.02154000  16.726472
0.02156000  16.724973
0.02158000  16.723243
0.02160000  16.721282
0.02162000  16.719207
0.02164000  16.717016
0.02166000  16.71471
0.02168000  16.71229
0.02170000  16.709754
0.02172000  16.707219
0.02174000  16.704569
0.02176000  16.70192
0.02178000  16.699271
0.02180000  16.696507
0.02182000  16.693744
0.02184000  16.690981
0.02186000  16.688218
0.02188000  16.685456
0.02190000  16.68258
0.02192000  16.679819
0.02194000  16.676943
0.02196000  16.674183
0.02198000  16.671309
0.02200000  16.668434
0.02202000  16.665676
0.02204000  16.662803
0.02206000  16.65993
0.02208000  16.657058
0.02210000  16.654301
0.02212000  16.65143
0.02214000  16.648559
0.02216000  16.645689
0.02218000  16.642819
0.02220000  16.63995
0.02222000  16.637081
0.02224000  16.634213
0.02226000  16.631345
0.02228000  16.628478
0.02230000  16.625611
0.02232000  16.622745
0.02234000  16.619879
0.02236000  16.617014
0.02238000  16.614149
0.02240000  16.611285
0.02242000  16.608421
0.02244000  16.605558
0.02246000  16.602695
0.02248000  16.599833
0.02250000  16.596971
0.02252000  16.59411
0.02254000  16.591249
0.02256000  16.588389
0.02258000  16.585529
0.02260000  16.58267
0.02262000  16.579811
0.02264000  16.576953
0.02266000  16.574095
0.02268000  16.571352
0.02270000  16.568495
0.02272000  16.565638
0.02274000  16.562782
0.02276000  16.559927
0.02278000  16.557072
0.02280000  16.554218
0.02282000  16.551364
0.02284000  16.548625
0.02286000  16.545772
0.02288000  16.542919
0.02290000  16.540067
0.02292000  16.53733
0.02294000  16.534479
0.02296000  16.531628
0.02298000  16.528892
0.02300000  16.526042
0.02302000  16.556341247058825
0.02304000  16.58664049411765
0.02306000  16.61693974117647
0.02308000  16.647238988235294
0.02310000  16.67753823529412
0.02312000  16.707837482352943
0.02314000  16.738136729411764
0.02316000  16.768435976470588
0.02318000  16.798735223529413
0.02320000  16.829034470588237
0.02322000  16.859333717647058
0.02324000  16.889632964705882
0.02326000  16.919932211764706
0.02328000  16.95023145882353
0.02330000  16.98053070588235
0.02332000  17.010829952941176
0.02334000  17.0411292
0.02336000  17.071428447058825
0.02338000  17.10172769411765
0.02340000  17.13202694117647
0.02342000  17.162326188235294
0.02344000  17.19262543529412
0.02346000  17.222924682352943
0.02348000  17.253223929411764
0.02350000  17.283523176470588
0.02352000  17.313822423529412
0.02354000  17.344121670588237
0.02356000  17.374420917647058
0.02358000  17.404720164705882
0.02360000  17.435019411764706
0.02362000  17.46531865882353
0.02364000  17.495617905882355
0.02366000  17.525917152941176
0.02368000  17.5562164
0.02370000  17.586515647058825
0.02372000  17.61681489411765
0.02374000  17.64711414117647
0.02376000  17.677413388235294
0.02378000  17.70771263529412
0.02380000  17.738011882352943
0.02382000  17.768311129411764
0.02384000  17.798610376470588
0.02386000  17.828909623529412
0.02388000  17.859208870588237
0.02390000  17.889508117647058
0.02392000  17.919807364705882
0.02394000  17.950106611764706
0.02396000  17.98040585882353
0.02398000  18.01070510588235
0.02400000  18.041004352941176
0.02402000  18.0713036
0.02404000  18.101602847058825
0.02406000  18.13190209411765
0.02408000  18.16220134117647
0.02410000  18.192500588235294
0.02412000  18.22279983529412
0.02414000  18.253099082352943
0.02416000  18.283398329411764
0.02418000  18.313697576470588
0.02420000  18.343996823529412
0.02422000  18.374296070588237
0.02424000  18.404595317647058
0.02426000  18.434894564705882
0.02428000  18.465193811764706
0.02430000  18.49549305882353
0.02432000  18.525792305882355
0.02434000  18.556091552941176
0.02436000  18.5863908
0.02438000  18.616690047058825
0.02440000  18.64698929411765
0.02442000  18.67728854117647
0.02444000  18.707587788235294
0.02446000  18.73788703529412
0.02448000  18.768186282352943
0.02450000  18.798485529411764
0.02452000  18.828784776470588
0.02454000  18.859084023529412
0.02456000  18.889383270588237
0.02458000  18.91968251764706
0.02460000  18.949981764705882
0.02462000  18.980281011764706
0.02464000  19.01058025882353
0.02466000  19.04087950588235
0.02468000  19.071178752941176
0.02470000  19.101478
0.02472000  19.131777247058825
0.02474000  19.16207649411765
0.02476000  19.19237574117647
0.02478000  19.222674988235294
0.02480000  19.25297423529412
0.02482000  19.283273482352943
0.02484000  19.313572729411767
0.02486000  19.343871976470588
0.02488000  19.374171223529412
0.02490000  19.404470470588237
0.02492000  19.434769717647058
0.02494000  19.465068964705882
0.02496000  19.495368211764706
0.02498000  19.52566745882353
0.02500000  19.555966705882355
0.02502000  19.586265952941176
0.02504000  19.6165652
0.02506000  19.646864447058825
0.02508000  19.67716369411765
0.02510000  19.70746294117647
0.02512000  19.737762188235294
0.02514000  19.76806143529412
0.02516000  19.798360682352943
0.02518000  19.828659929411764
0.02520000  19.858959176470588
0.02522000  19.889258423529412
0.02524000  19.919557670588237
0.02526000  19.94985691764706
0.02528000  19.980156164705882
0.02530000  20.010455411764706
0.02532000  20.04075465882353
0.02534000  20.071053905882355
0.02536000  20.101353152941176
0.02538000  20.1316524
0.02540000  20.161951647058824
0.02542000  20.19225089411765
0.02544000  20.22255014117647
0.02546000  20.252849388235294
0.02548000  20.28314863529412
0.02550000  20.313447882352943
0.02552000  20.343747129411767
0.02554000  20.374046376470588
0.02556000  20.404345623529412
0.02558000  20.434644870588237
0.02560000  20.464944117647057
0.02562000  20.495243364705882
0.02564000  20.525542611764706
0.02566000  20.55584185882353
0.02568000  20.586141105882355
0.02570000  20.616440352941176
0.02572000  20.6467396
0.02574000  20.677038847058824
0.02576000  20.70733809411765
0.02578000  20.737637341176473
0.02580000  20.767936588235294
0.02582000  20.79823583529412
0.02584000  20.828535082352943
0.02586000  20.858834329411764
0.02588000  20.889133576470588
0.02590000  20.919432823529412
0.02592000  20.949732070588237
0.02594000  20.98003131764706
0.02596000  21.010330564705882
0.02598000  21.040629811764706
0.02600000  21.07092905882353
0.02602000  21.10122830588235
0.02604000  21.13152755294118
0.02606000  21.1618268
0.02608000  21.192126047058824
0.02610000  21.22242529411765
0.02612000  21.25272454117647
0.02614000  21.283023788235294
0.02616000  21.31332303529412
0.02618000  21.343622282352943
0.02620000  21.373921529411767
0.02622000  21.404220776470588
0.02624000  21.434520023529412
0.02626000  21.464819270588237
0.02628000  21.495118517647057
0.02630000  21.52541776470588
0.02632000  21.555717011764706
0.02634000  21.58601625882353
0.02636000  21.616315505882355
0.02638000  21.646614752941176
0.02640000  21.676914
0.02642000  21.707213247058824
0.02644000  21.73751249411765
0.02646000  21.767811741176473
0.02648000  21.798110988235294
0.02650000  21.82841023529412
0.02652000  21.858709482352943
0.02654000  21.889008729411763
0.02656000  21.919307976470588
0.02658000  21.949607223529412
0.02660000  21.979906470588237
0.02662000  22.01020571764706
0.02664000  22.04050496470588
0.02666000  22.070804211764706
0.02668000  22.10110345882353
0.02670000  22.131402705882355
0.02672000  22.16170195294118
0.02674000  22.1920012
0.02676000  22.222300447058824
0.02678000  22.25259969411765
0.02680000  22.28289894117647
0.02682000  22.313198188235294
0.02684000  22.34349743529412
0.02686000  22.373796682352943
0.02688000  22.404095929411767
0.02690000  22.434395176470588
0.02692000  22.464694423529412
0.02694000  22.494993670588237
0.02696000  22.525292917647057
0.02698000  22.55559216470588
0.02700000  22.585891411764706
0.02702000  22.61619065882353
0.02704000  22.646489905882355
0.02706000  22.676789152941176
0.02708000  22.7070884
0.02710000  22.737387647058824
0.02712000  22.76768689411765
0.02714000  22.797986141176473
0.02716000  22.828285388235294
0.02718000  22.858584635294118
0.02720000  22.888883882352943
0.02722000  22.919183129411763
0.02724000  22.949482376470588
0.02726000  22.979781623529412
0.02728000  23.010080870588236
0.02730000  23.04038011764706
0.02732000  23.07067936470588
0.02734000  23.100978611764706
0.02736000  23.13127785882353
0.02738000  23.161577105882355
0.02740000  23.19187635294118
0.02742000  23.2221756
0.02744000  23.252474847058824
0.02746000  23.28277409411765
0.02748000  23.31307334117647
0.02750000  23.343372588235294
0.02752000  23.373671835294118
0.02754000  23.403971082352943
0.02756000  23.434270329411767
0.02758000  23.464569576470588
0.02760000  23.494868823529412
0.02762000  23.525168070588236
0.02764000  23.555467317647057
0.02766000  23.585766564705885
0.02768000  23.616065811764706
0.02770000  23.64636505882353
0.02772000  23.676664305882355
0.02774000  23.706963552941176
0.02776000  23.7372628
0.02778000  23.767562047058824
0.02780000  23.79786129411765
0.02782000  23.828160541176473
0.02784000  23.858459788235294
0.02786000  23.888759035294118
0.02788000  23.919058282352943
0.02790000  23.949357529411763
0.02792000  23.979656776470588
0.02794000  24.009956023529412
0.02796000  24.040255270588236
0.02798000  24.07055451764706
0.02800000  24.10085376470588
0.02802000  24.131153011764706
0.02804000  24.16145225882353
0.02806000  24.191751505882355
0.02808000  24.22205075294118
0.02810000  24.25235
0.02812000  24.282649247058824
0.02814000  24.31294849411765
0.02816000  24.34324774117647
0.02818000  24.373546988235294
0.02820000  24.403846235294118
0.02822000  24.434145482352942
0.02824000  24.464444729411767
0.02826000  24.494743976470588
0.02828000  24.525043223529412
0.02830000  24.555342470588236
0.02832000  24.585641717647057
0.02834000  24.615940964705885
0.02836000  24.646240211764706
0.02838000  24.67653945882353
0.02840000  24.706838705882355
0.02842000  24.737137952941175
0.02844000  24.7674372
0.02846000  24.797736447058824
0.02848000  24.82803569411765
0.02850000  24.858334941176473
0.02852000  24.888634188235294
0.02854000  24.918933435294118
0.02856000  24.949232682352942
0.02858000  24.979531929411763
0.02860000  25.00983117647059
0.02862000  25.040130423529412
0.02864000  25.070429670588236
0.02866000  25.10072891764706
0.02868000  25.13102816470588
0.02870000  25.161327411764706
0.02872000  25.19162665882353
0.02874000  25.22192590588235
0.02876000  25.25222515294118
0.02878000  25.2825244
0.02880000  25.312823647058824
0.02882000  25.34312289411765
0.02884000  25.37342214117647
0.02886000  25.403721388235297
0.02888000  25.434020635294118
0.02890000  25.464319882352942
0.02892000  25.494619129411767
0.02894000  25.524918376470588
0.02896000  25.555217623529412
0.02898000  25.585516870588236
0.02900000  25.615816117647057
0.02902000  25.646115364705885
0.02904000  25.676414611764706
0.02906000  25.70671385882353
0.02908000  25.737013105882355
0.02910000  25.767312352941175
0.02912000  25.797611600000003
0.02914000  25.827910847058824
0.02916000  25.85821009411765
0.02918000  25.888509341176473
0.02920000  25.918808588235294
0.02922000  25.949107835294118
0.02924000  25.979407082352942
0.02926000  26.009706329411763
0.02928000  26.04000557647059
0.02930000  26.070304823529412
0.02932000  26.100604070588236
0.02934000  26.13090331764706
0.02936000  26.16120256470588
0.02938000  26.191501811764706
0.02940000  26.22180105882353
0.02942000  26.252100305882355
0.02944000  26.28239955294118
0.02946000  26.3126988
0.02948000  26.342998047058824
0.02950000  26.37329729411765
0.02952000  26.40359654117647
0.02954000  26.433895788235297
0.02956000  26.464195035294118
0.02958000  26.494494282352942
0.02960000  26.524793529411767
0.02962000  26.555092776470588
0.02964000  26.585392023529412
0.02966000  26.615691270588236
0.02968000  26.645990517647057
0.02970000  26.676289764705885
0.02972000  26.706589011764706
0.02974000  26.73688825882353
0.02976000  26.767187505882355
0.02978000  26.797486752941175
0.02980000  26.827786000000003
0.02982000  26.858085247058824
0.02984000  26.88838449411765
0.02986000  26.918683741176473
0.02988000  26.948982988235294
0.02990000  26.979282235294118
0.02992000  27.009581482352942
0.02994000  27.039880729411763
0.02996000  27.07017997647059
0.02998000  27.100479223529412
0.03000000  27.130778470588236
0.03002000  27.16107771764706
0.03004000  27.19137696470588
0.03006000  27.22167621176471
0.03008000  27.25197545882353
0.03010000  27.282274705882354
0.03012000  27.31257395294118
0.03014000  27.3428732
0.03016000  27.373172447058824
0.03018000  27.40347169411765
0.03020000  27.43377094117647
0.03022000  27.464070188235297
0.03024000  27.494369435294118
0.03026000  27.524668682352942
0.03028000  27.554967929411767
0.03030000  27.585267176470587
0.03032000  27.615566423529412
0.03034000  27.645865670588236
0.03036000  27.67616491764706
0.03038000  27.706464164705885
0.03040000  27.736763411764706
0.03042000  27.76706265882353
0.03044000  27.797361905882354
0.03046000  27.827661152941175
0.03048000  27.857960400000003
0.03050000  27.888259647058824
0.03052000  27.91855889411765
0.03054000  27.948858141176473
0.03056000  27.979157388235294
0.03058000  28.009456635294118
0.03060000  28.039755882352942
0.03062000  28.070055129411763
0.03064000  28.10035437647059
0.03066000  28.130653623529412
0.03068000  28.160952870588236
0.03070000  28.19125211764706
0.03072000  28.22155136470588
0.03074000  28.25185061176471
0.03076000  28.28214985882353
0.03078000  28.312449105882354
0.03080000  28.34274835294118
0.03082000  28.3730476
0.03084000  28.403346847058824
0.03086000  28.43364609411765
0.03088000  28.46394534117647
0.03090000  28.494244588235297
0.03092000  28.524543835294118
0.03094000  28.554843082352942
0.03096000  28.585142329411767
0.03098000  28.615441576470587
0.03100000  28.64574082352941
0.03102000  28.676040070588236
0.03104000  28.70633931764706
0.03106000  28.736638564705885
0.03108000  28.766937811764706
0.03110000  28.79723705882353
0.03112000  28.827536305882354
0.03114000  28.857835552941175
0.03116000  28.888134800000003
0.03118000  28.918434047058824
0.03120000  28.94873329411765
0.03122000  28.979032541176473
0.03124000  29.009331788235293
0.03126000  29.039631035294118
0.03128000  29.069930282352942
0.03130000  29.100229529411763
0.03132000  29.13052877647059
0.03134000  29.16082802352941
0.03136000  29.191127270588236
0.03138000  29.22142651764706
0.03140000  29.25172576470588
0.03142000  29.28202501176471
0.03144000  29.31232425882353
0.03146000  29.342623505882354
0.03148000  29.37292275294118
0.03150000  29.403222
0.03152000  29.433521247058824
0.03154000  29.46382049411765
0.03156000  29.49411974117647
0.03158000  29.524418988235297
0.03160000  29.554718235294118
0.03162000  29.585017482352942
0.03164000  29.615316729411767
0.03166000  29.645615976470587
0.03168000  29.675915223529415
0.03170000  29.706214470588236
0.03172000  29.73651371764706
0.03174000  29.766812964705885
0.03176000  29.797112211764706
0.03178000  29.82741145882353
0.03180000  29.857710705882354
0.03182000  29.888009952941175
0.03184000  29.918309200000003
0.03186000  29.948608447058824
0.03188000  29.978907694117648
0.03190000  30.009206941176473
0.03192000  30.039506188235293
0.03194000  30.069805435294118
0.03196000  30.100104682352942
0.03198000  30.130403929411766
0.03200000  30.16070317647059
0.03202000  30.19100242352941
0.03204000  30.221301670588236
0.03206000  30.25160091764706
0.03208000  30.28190016470588
0.03210000  30.31219941176471
0.03212000  30.34249865882353
0.03214000  30.372797905882354
0.03216000  30.40309715294118
0.03218000  30.4333964
0.03220000  30.463695647058824
0.03222000  30.493994894117648
0.03224000  30.52429414117647
0.03226000  30.554593388235297
0.03228000  30.584892635294118
0.03230000  30.615191882352942
0.03232000  30.645491129411766
0.03234000  30.675790376470587
0.03236000  30.706089623529415
0.03238000  30.736388870588236
0.03240000  30.76668811764706
0.03242000  30.796987364705885
0.03244000  30.827286611764706
0.03246000  30.85758585882353
0.03248000  30.887885105882354
0.03250000  30.918184352941175
0.03252000  30.948483600000003
0.03254000  30.978782847058824
0.03256000  31.009082094117648
0.03258000  31.039381341176473
0.03260000  31.069680588235293
0.03262000  31.09997983529412
0.03264000  31.130279082352942
0.03266000  31.160578329411766
0.03268000  31.19087757647059
0.03270000  31.22117682352941
0.03272000  31.251476070588236
0.03274000  31.28177531764706
0.03276000  31.31207456470588
0.03278000  31.34237381176471
0.03280000  31.37267305882353
0.03282000  31.402972305882354
0.03284000  31.43327155294118
0.03286000  31.4635708
0.03288000  31.493870047058824
0.03290000  31.524169294117648
0.03292000  31.554468541176472
0.03294000  31.584767788235297
0.03296000  31.615067035294118
0.03298000  31.645366282352942
0.03300000  31.675665529411766
0.03302000  31.705964776470587
0.03304000  31.736264023529415
0.03306000  31.766563270588236
0.03308000  31.79686251764706
0.03310000  31.827161764705885
0.03312000  31.857461011764705
0.03314000  31.88776025882353
0.03316000  31.918059505882354
0.03318000  31.948358752941175
0.03320000  31.978658000000003
0.03322000  32.008957247058824
0.03324000  32.03925649411765
0.03326000  32.06955574117647
0.03328000  32.09985498823529
0.03330000  32.13015423529412
0.03332000  32.16045348235294
0.03334000  32.19075272941177
0.03336000  32.22105197647059
0.03338000  32.25135122352941
0.03340000  32.28165047058823
0.03342000  32.31194971764706
0.03344000  32.34224896470588
0.03346000  32.37254821176471
0.03348000  32.40284745882353
0.03350000  32.43314670588235
0.03352000  32.46344595294118
0.03354000  32.4937452
0.03356000  32.52404444705883
0.03358000  32.55434369411765
0.03360000  32.58464294117647
0.03362000  32.6149421882353
0.03364000  32.64524143529412
0.03366000  32.675540682352946
0.03368000  32.705839929411766
0.03370000  32.73613917647059
0.03372000  32.76643842352941
0.03374000  32.796737670588236
0.03376000  32.827036917647064
0.03378000  32.857336164705885
0.03380000  32.887635411764705
0.03382000  32.917934658823526
0.03384000  32.948233905882354
0.03386000  32.97853315294118
0.03388000  33.0088324
0.03390000  33.039131647058824
0.03392000  33.069430894117644
0.03394000  33.09973014117647
0.03396000  33.1300293882353
0.03398000  33.16032863529412
0.03400000  33.19062788235294
0.03402000  33.22092712941176
0.03404000  33.25122637647059
0.03406000  33.28152562352941
0.03408000  33.31182487058824
0.03410000  33.34212411764706
0.03412000  33.37242336470588
0.03414000  33.4027226117647
0.03416000  33.43302185882353
0.03418000  33.46332110588236
0.03420000  33.49362035294118
0.03422000  33.5239196
0.03424000  33.55421884705882
0.03426000  33.58451809411765
0.03428000  33.614817341176476
0.03430000  33.6451165882353
0.03432000  33.67541583529412
0.03434000  33.70571508235294
0.03436000  33.736014329411766
0.03438000  33.766313576470594
0.03440000  33.796612823529415
0.03442000  33.826912070588236
0.03444000  33.85721131764706
0.03446000  33.887510564705885
0.03448000  33.917809811764705
0.03450000  33.94810905882353
0.03452000  33.978408305882354
0.03454000  34.008707552941175
0.03456000  34.0390068
0.03458000  34.069306047058824
0.03460000  34.09960529411765
0.03462000  34.12990454117647
0.03464000  34.16020378823529
0.03466000  34.190503035294114
0.03468000  34.22080228235294
0.03470000  34.25110152941177
0.03472000  34.28140077647059
0.03474000  34.31170002352941
0.03476000  34.34199927058823
0.03478000  34.37229851764706
0.03480000  34.40259776470589
0.03482000  34.43289701176471
0.03484000  34.46319625882353
0.03486000  34.49349550588235
0.03488000  34.52379475294118
0.03490000  34.554094000000006
0.03492000  34.58439324705883
0.03494000  34.61469249411765
0.03496000  34.64499174117647
0.03498000  34.6752909882353
0.03500000  34.70559023529412
0.03502000  34.735889482352945
0.03504000  34.766188729411766
0.03506000  34.79648797647059
0.03508000  34.82678722352941
0.03510000  34.857086470588236
0.03512000  34.887385717647064
0.03514000  34.917684964705884
0.03516000  34.947984211764705
0.03518000  34.978283458823526
0.03520000  35.008582705882354
0.03522000  35.03888195294118
0.03524000  35.0691812
0.03526000  35.09948044705882
0.03528000  35.129779694117644
0.03530000  35.16007894117647
0.03532000  35.1903781882353
0.03534000  35.22067743529412
0.03536000  35.25097668235294
0.03538000  35.28127592941176
0.03540000  35.31157517647059
0.03542000  35.34187442352941
0.03544000  35.37217367058824
0.03546000  35.40247291764706
0.03548000  35.43277216470588
0.03550000  35.46307141176471
0.03552000  35.49337065882353
0.03554000  35.52366990588236
0.03556000  35.55396915294118
0.03558000  35.5842684
0.03560000  35.61456764705882
0.03562000  35.64486689411765
0.03564000  35.675166141176476
0.03566000  35.7054653882353
0.03568000  35.73576463529412
0.03570000  35.76606388235294
0.03572000  35.796363129411766
0.03574000  35.826662376470594
0.03576000  35.856961623529415
0.03578000  35.887260870588236
0.03580000  35.91756011764706
0.03582000  35.947859364705884
0.03584000  35.97815861176471
0.03586000  36.00845785882353
0.03588000  36.038757105882354
0.03590000  36.069056352941175
0.03592000  36.0993556
0.03594000  36.12965484705882
0.03596000  36.15995409411765
0.03598000  36.19025334117647
0.03600000  36.22055258823529
0.03602000  36.250851835294114
0.03604000  36.28115108235294
0.03606000  36.31145032941177
0.03608000  36.34174957647059
0.03610000  36.37204882352941
0.03612000  36.40234807058823
0.03614000  36.43264731764706
0.03616000  36.46294656470589
0.03618000  36.49324581176471
0.03620000  36.52354505882353
0.03622000  36.55384430588235
0.03624000  36.58414355294118
0.03626000  36.614442800000006
0.03628000  36.64474204705883
0.03630000  36.67504129411765
0.03632000  36.70534054117647
0.03634000  36.7356397882353
0.03636000  36.76593903529412
0.03638000  36.796238282352945
0.03640000  36.826537529411766
0.03642000  36.85683677647059
0.03644000  36.88713602352941
0.03646000  36.917435270588236
0.03648000  36.94773451764706
0.03650000  36.978033764705884
0.03652000  37.008333011764705
0.03654000  37.038632258823526
0.03656000  37.068931505882354
0.03658000  37.09923075294118
0.03660000  37.12953
0.03662000  37.15982924705882
0.03664000  37.190128494117644
0.03666000  37.22042774117647
0.03668000  37.2507269882353
0.03670000  37.28102623529412
0.03672000  37.31132548235294
0.03674000  37.34162472941176
0.03676000  37.37192397647059
0.03678000  37.40222322352942
0.03680000  37.43252247058824
0.03682000  37.46282171764706
0.03684000  37.49312096470588
0.03686000  37.52342021176471
0.03688000  37.55371945882353
0.03690000  37.58401870588236
0.03692000  37.61431795294118
0.03694000  37.6446172
0.03696000  37.67491644705882
0.03698000  37.70521569411765
0.03700000  37.735514941176476
0.03702000  37.7658141882353
0.03704000  37.79611343529412
0.03706000  37.82641268235294
0.03708000  37.856711929411766
0.03710000  37.887011176470594
0.03712000  37.917310423529415
0.03714000  37.947609670588236
0.03716000  37.977908917647056
0.03718000  38.008208164705884
0.03720000  38.03850741176471
0.03722000  38.06880665882353
0.03724000  38.099105905882354
0.03726000  38.129405152941175
0.03728000  38.1597044
0.03730000  38.19000364705882
0.03732000  38.22030289411765
0.03734000  38.25060214117647
0.03736000  38.28090138823529
0.03738000  38.311200635294114
0.03740000  38.34149988235294
0.03742000  38.37179912941177
0.03744000  38.40209837647059
0.03746000  38.43239762352941
0.03748000  38.46269687058823
0.03750000  38.49299611764706
0.03752000  38.52329536470589
0.03754000  38.55359461176471
0.03756000  38.58389385882353
0.03758000  38.61419310588235
0.03760000  38.64449235294118
0.03762000  38.674791600000006
0.03764000  38.70509084705883
0.03766000  38.73539009411765
0.03768000  38.76568934117647
0.03770000  38.795988588235296
0.03772000  38.826287835294124
0.03774000  38.856587082352945
0.03776000  38.886886329411766
0.03778000  38.91718557647059
0.03780000  38.947484823529415
0.03782000  38.977784070588235
0.03784000  39.00808331764706
0.03786000  39.038382564705884
0.03788000  39.068681811764705
0.03790000  39.098981058823526
0.03792000  39.129280305882354
0.03794000  39.15957955294118
0.03796000  39.1898788
0.03798000  39.22017804705882
0.03800000  39.250477294117644
0.03802000  39.28077654117647
0.03804000  39.3110757882353
0.03806000  39.34137503529412
0.03808000  39.37167428235294
0.03810000  39.40197352941176
0.03812000  39.43227277647059
0.03814000  39.46257202352942
0.03816000  39.49287127058824
0.03818000  39.52317051764706
0.03820000  39.55346976470588
0.03822000  39.58376901176471
0.03824000  39.61406825882353
0.03826000  39.64436750588236
0.03828000  39.67466675294118
0.03830000  39.704966
0.03832000  39.73526524705882
0.03834000  39.76556449411765
0.03836000  39.795863741176476
0.03838000  39.826162988235296
0.03840000  39.85646223529412
0.03842000  39.88676148235294
0.03844000  39.917060729411766
0.03846000  39.947359976470594
0.03848000  39.977659223529415
0.03850000  40.007958470588235
0.03852000  40.038257717647056
0.03854000  40.068556964705884
0.03856000  40.09885621176471
0.03858000  40.12915545882353
0.03860000  40.159454705882354
0.03862000  40.189753952941174
0.03864000  40.2200532
0.03866000  40.25035244705882
0.03868000  40.28065169411765
0.03870000  40.31095094117647
0.03872000  40.34125018823529
0.03874000  40.37154943529412
0.03876000  40.40184868235294
0.03878000  40.43214792941177
0.03880000  40.46244717647059
0.03882000  40.49274642352941
0.03884000  40.52304567058823
0.03886000  40.55334491764706
0.03888000  40.58364416470589
0.03890000  40.61394341176471
0.03892000  40.64424265882353
0.03894000  40.67454190588235
0.03896000  40.70484115294118
0.03898000  40.735140400000006
0.03900000  40.76543964705883
0.03902000  40.79573889411765
0.03904000  40.82603814117647
0.03906000  40.856337388235296
0.03908000  40.886636635294124
0.03910000  40.916935882352945
0.03912000  40.947235129411766
0.03914000  40.97753437647059
0.03916000  41.007833623529415
0.03918000  41.038132870588235
0.03920000  41.06843211764706
0.03922000  41.098731364705884
0.03924000  41.129030611764705
0.03926000  41.159329858823526
0.03928000  41.189629105882354
0.03930000  41.21992835294118
0.03932000  41.2502276
0.03934000  41.28052684705882
0.03936000  41.310826094117644
0.03938000  41.34112534117647
0.03940000  41.3714245882353
0.03942000  41.40172383529412
0.03944000  41.43202308235294
0.03946000  41.46232232941176
0.03948000  41.49262157647059
0.03950000  41.52292082352942
0.03952000  41.55322007058824
0.03954000  41.58351931764706
0.03956000  41.61381856470588
0.03958000  41.64411781176471
0.03960000  41.67441705882353
0.03962000  41.70471630588236
0.03964000  41.73501555294118
0.03966000  41.7653148
0.03968000  41.79561404705883
0.03970000  41.82591329411765
0.03972000  41.856212541176475
0.03974000  41.886511788235296
0.03976000  41.91681103529412
0.03978000  41.94711028235294
0.03980000  41.977409529411766
0.03982000  42.007708776470594
0.03984000  42.038008023529414
0.03986000  42.068307270588235
0.03988000  42.098606517647056
0.03990000  42.128905764705884
0.03992000  42.15920501176471
0.03994000  42.18950425882353
0.03996000  42.21980350588235
0.03998000  42.250102752941174
0.04000000  42.280402
0.04002000  42.551865
0.04004000  42.80322
0.04006000  43.035576
0.04008000  43.251293
0.04010000  43.465393
0.04012000  43.721843
0.04014000  44.067246
0.04016000  44.534079
0.04018000  45.161318
0.04020000  45.993634
0.04022000  47.137483
0.04024000  48.913225
0.04026000  51.7455
0.04028000  56.239549
0.04030000  63.387178
0.04032000  74.883792
0.04034000  93.659101
0.04036000  124.745467
0.04038000  174.974617
0.04040000  248.815059
0.04042000  352.983117
0.04044000  509.481042
0.04046000  785.107168
0.04048000  1384.664751
0.04050000  2828.230232
0.04052000  5736.431708
0.04054000  10316.888276
0.04056000  15139.904119
0.04058000  17618.347165
0.04060000  15574.429998
0.04062000  10383.915817
0.04064000  5586.855875
0.04066000  2736.402933
0.04068000  1382.698968
0.04070000  749.81029
0.04072000  434.750348
0.04074000  266.78626
0.04076000  171.589155
0.04078000  115.207802
0.04080000  80.989278
0.04082000  59.826034
0.04084000  46.432495
0.04086000  37.713059
0.04088000  31.865712
0.04090000  27.835052
0.04092000  24.987406
0.04094000  22.933202
0.04096000  21.426471
0.04098000  20.304887
0.04100000  19.46048
0.04102000  18.819288
0.04104000  18.328833
0.04106000  17.95215
0.04108000  17.661963
0.04110000  17.437811
0.04112000  17.264302
0.04114000  17.130046
0.04116000  17.026517
0.04118000  16.946855
0.04120000  16.886189
0.04122000  16.840368
0.04124000  16.806141
0.04126000  16.78124
0.04128000  16.763542
0.04130000  16.751292
0.04132000  16.743323
0.04134000  16.738358
0.04136000  16.735473
0.04138000  16.733741
0.04140000  16.732587
0.04142000  16.731664
0.04144000  16.731087
0.04146000  16.730395
0.04148000  16.729703
0.04150000  16.728895
0.04152000  16.727857
0.04154000  16.726472
0.04156000  16.724973
0.04158000  16.723243
0.04160000  16.721282
0.04162000  16.719207
0.04164000  16.717016
0.04166000  16.71471
0.04168000  16.71229
0.04170000  16.709754
0.04172000  16.707219
0.04174000  16.704569
0.04176000  16.70192
0.04178000  16.699271
0.04180000  16.696507
0.04182000  16.693744
0.04184000  16.690981
0.04186000  16.688218
0.04188000  16.685456
0.04190000  16.68258
0.04192000  16.679819
0.04194000  16.676943
0.04196000  16.674183
0.04198000  16.671309
0.04200000  16.668434
0.04202000  16.665676
0.04204000  16.662803
0.04206000  16.65993
0.04208000  16.657058
0.04210000  16.654301
0.04212000  16.65143
0.04214000  16.648559
0.04216000  16.645689
0.04218000  16.642819
0.04220000  16.63995
0.04222000  16.637081
0.04224000  16.634213
0.04226000  16.631345
0.04228000  16.628478
0.04230000  16.625611
0.04232000  16.622745
0.04234000  16.619879
0.04236000  16.617014
0.04238000  16.614149
0.04240000  16.611285
0.04242000  16.608421
0.04244000  16.605558
0.04246000  16.602695
0.04248000  16.599833
0.04250000  16.596971
0.04252000  16.59411
0.04254000  16.591249
0.04256000  16.588389
0.04258000  16.585529
0.04260000  16.58267
0.04262000  16.579811
0.04264000  16.576953
0.04266000  16.574095
0.04268000  16.571352
0.04270000  16.568495
0.04272000  16.565638
0.04274000  16.562782
0.04276000  16.559927
0.04278000  16.557072
0.04280000  16.554218
0.04282000  16.551364
0.04284000  16.548625
0.04286000  16.545772
0.04288000  16.542919
0.04290000  16.540067
0.04292000  16.53733
0.04294000  16.534479
0.04296000  16.531628
0.04298000  16.528892
0.04300000  16.526042
0.04302000  16.556341247058825
0.04304000  16.58664049411765
0.04306000  16.61693974117647
0.04308000  16.647238988235294
0.04310000  16.67753823529412
0.04312000  16.707837482352943
0.04314000  16.738136729411764
0.04316000  16.768435976470588
0.04318000  16.798735223529413
0.04320000  16.829034470588237
0.04322000  16.859333717647058
0.04324000  16.889632964705882
0.04326000  16.919932211764706
0.04328000  16.95023145882353
0.04330000  16.98053070588235
0.04332000  17.010829952941176
0.04334000  17.0411292
0.04336000  17.071428447058825
0.04338000  17.10172769411765
0.04340000  17.13202694117647
0.04342000  17.162326188235294
0.04344000  17.19262543529412
0.04346000  17.222924682352943
0.04348000  17.253223929411764
0.04350000  17.283523176470588
0.04352000  17.313822423529412
0.04354000  17.344121670588237
0.04356000  17.374420917647058
0.04358000  17.404720164705882
0.04360000  17.435019411764706
0.04362000  17.46531865882353
0.04364000  17.495617905882355
0.04366000  17.525917152941176
0.04368000  17.5562164
0.04370000  17.586515647058825
0.04372000  17.61681489411765
0.04374000  17.64711414117647
0.04376000  17.677413388235294
0.04378000  17.70771263529412
0.04380000  17.738011882352943
0.04382000  17.768311129411764
0.04384000  17.798610376470588
0.04386000  17.828909623529412
0.04388000  17.859208870588237
0.04390000  17.889508117647058
0.04392000  17.919807364705882
0.04394000  17.950106611764706
0.04396000  17.98040585882353
0.04398000  18.01070510588235
0.04400000  18.041004352941176
0.04402000  18.0713036
0.04404000  18.101602847058825
0.04406000  18.13190209411765
0.04408000  18.16220134117647
0.04410000  18.192500588235294
0.04412000  18.22279983529412
0.04414000  18.253099082352943
0.04416000  18.283398329411764
0.04418000  18.313697576470588
0.04420000  18.343996823529412
0.04422000  18.374296070588237
0.04424000  18.404595317647058
0.04426000  18.434894564705882
0.04428000  18.465193811764706
0.04430000  18.49549305882353
0.04432000  18.525792305882355
0.04434000  18.556091552941176
0.04436000  18.5863908
0.04438000  18.616690047058825
0.04440000  18.64698929411765
0.04442000  18.67728854117647
0.04444000  18.707587788235294
0.04446000  18.73788703529412
0.04448000  18.768186282352943
0.04450000  18.798485529411764
0.04452000  18.828784776470588
0.04454000  18.859084023529412
0.04456000  18.889383270588237
0.04458000  18.91968251764706
0.04460000  18.949981764705882
0.04462000  18.980281011764706
0.04464000  19.01058025882353
0.04466000  19.04087950588235
0.04468000  19.071178752941176
0.04470000  19.101478
0.04472000  19.131777247058825
0.04474000  19.16207649411765
0.04476000  19.19237574117647
0.04478000  19.222674988235294
0.04480000  19.25297423529412
0.04482000  19.283273482352943
0.04484000  19.313572729411767
0.04486000  19.343871976470588
0.04488000  19.374171223529412
0.04490000  19.404470470588237
0.04492000  19.434769717647058
0.04494000  19.465068964705882
0.04496000  19.495368211764706
0.04498000  19.52566745882353
0.04500000  19.555966705882355
0.04502000  19.586265952941176
0.04504000  19.6165652
0.04506000  19.646864447058825
0.04508000  19.67716369411765
0.04510000  19.70746294117647
0.04512000  19.737762188235294
0.04514000  19.76806143529412
0.04516000  19.798360682352943
0.04518000  19.828659929411764
0.04520000  19.858959176470588
0.04522000  19.889258423529412
0.04524000  19.919557670588237
0.04526000  19.94985691764706
0.04528000  19.980156164705882
0.04530000  20.010455411764706
0.04532000  20.04075465882353
0.04534000  20.071053905882355
0.04536000  20.101353152941176
0.04538000  20.1316524
0.04540000  20.161951647058824
0.04542000  20.19225089411765
0.04544000  20.22255014117647
0.04546000  20.252849388235294
0.04548000  20.28314863529412
0.04550000  20.313447882352943
0.04552000  20.343747129411767
0.04554000  20.374046376470588
0.04556000  20.404345623529412
0.04558000  20.434644870588237
0.04560000  20.464944117647057
0.04562000  20.495243364705882
0.04564000  20.525542611764706
0.04566000  20.55584185882353
0.04568000  20.586141105882355
0.04570000  20.616440352941176
0.04572000  20.6467396
0.04574000  20.677038847058824
0.04576000  20.70733809411765
0.04578000  20.737637341176473
0.04580000  20.767936588235294
0.04582000  20.79823583529412
0.04584000  20.828535082352943
0.04586000  20.858834329411764
0.04588000  20.889133576470588
0.04590000  20.919432823529412
0.04592000  20.949732070588237
0.04594000  20.98003131764706
0.04596000  21.010330564705882
0.04598000  21.040629811764706
0.04600000  21.07092905882353
0.04602000  21.10122830588235
0.04604000  21.13152755294118
0.04606000  21.1618268
0.04608000  21.192126047058824
0.04610000  21.22242529411765
0.04612000  21.25272454117647
0.04614000  21.283023788235294
0.04616000  21.31332303529412
0.04618000  21.343622282352943
0.04620000  21.373921529411767
0.04622000  21.404220776470588
0.04624000  21.434520023529412
0.04626000  21.464819270588237
0.04628000  21.495118517647057
0.04630000  21.52541776470588
0.04632000  21.555717011764706
0.04634000  21.58601625882353
0.04636000  21.616315505882355
0.04638000  21.646614752941176
0.04640000  21.676914
0.04642000  21.707213247058824
0.04644000  21.73751249411765
0.04646000  21.767811741176473
0.04648000  21.798110988235294
0.04650000  21.82841023529412
0.04652000  21.858709482352943
0.04654000  21.889008729411763
0.04656000  21.919307976470588
0.04658000  21.949607223529412
0.04660000  21.979906470588237
0.04662000  22.01020571764706
0.04664000  22.04050496470588
0.04666000  22.070804211764706
0.04668000  22.10110345882353
0.04670000  22.131402705882355
0.04672000  22.16170195294118
0.04674000  22.1920012
0.04676000  22.222300447058824
0.04678000  22.25259969411765
0.04680000  22.28289894117647
0.04682000  22.313198188235294
0.04684000  22.34349743529412
0.04686000  22.373796682352943
0.04688000  22.404095929411767
0.04690000  22.434395176470588
0.04692000  22.464694423529412
0.04694000  22.494993670588237
0.04696000  22.525292917647057
0.04698000  22.55559216470588
0.04700000  22.585891411764706
0.04702000  22.61619065882353
0.04704000  22.646489905882355
0.04706000  22.676789152941176
0.04708000  22.7070884
0.04710000  22.737387647058824
0.04712000  22.76768689411765
0.04714000  22.797986141176473
0.04716000  22.828285388235294
0.04718000  22.858584635294118
0.04720000  22.888883882352943
0.04722000  22.919183129411763
0.04724000  22.949482376470588
0.04726000  22.979781623529412
0.04728000  23.010080870588236
0.04730000  23.04038011764706
0.04732000  23.07067936470588
0.04734000  23.100978611764706
0.04736000  23.13127785882353
0.04738000  23.161577105882355
0.04740000  23.19187635294118
0.04742000  23.2221756
0.04744000  23.252474847058824
0.04746000  23.28277409411765
0.04748000  23.31307334117647
0.04750000  23.343372588235294
0.04752000  23.373671835294118
0.04754000  23.403971082352943
0.04756000  23.434270329411767
0.04758000  23.464569576470588
0.04760000  23.494868823529412
0.04762000  23.525168070588236
0.04764000  23.555467317647057
0.04766000  23.585766564705885
0.04768000  23.616065811764706
0.04770000  23.64636505882353
0.04772000  23.676664305882355
0.04774000  23.706963552941176
0.04776000  23.7372628
0.04778000  23.767562047058824
0.04780000  23.79786129411765
0.04782000  23.828160541176473
0.04784000  23.858459788235294
0.04786000  23.888759035294118
0.04788000  23.919058282352943
0.04790000  23.949357529411763
0.04792000  23.979656776470588
0.04794000  24.009956023529412
0.04796000  24.040255270588236
0.04798000  24.07055451764706
0.04800000  24.10085376470588
0.04802000  24.131153011764706
0.04804000  24.16145225882353
0.04806000  24.191751505882355
0.04808000  24.22205075294118
0.04810000  24.25235
0.04812000  24.282649247058824
0.04814000  24.31294849411765
0.04816000  24.34324774117647
0.04818000  24.373546988235294
0.04820000  24.403846235294118
0.04822000  24.434145482352942
0.04824000  24.464444729411767
0.04826000  24.494743976470588
0.04828000  24.525043223529412
0.04830000  24.555342470588236
0.04832000  24.585641717647057
0.04834000  24.615940964705885
0.04836000  24.646240211764706
0.04838000  24.67653945882353
0.04840000  24.706838705882355
0.04842000  24.737137952941175
0.04844000  24.7674372
0.04846000  24.797736447058824
0.04848000  24.82803569411765
0.04850000  24.858334941176473
0.04852000  24.888634188235294
0.04854000  24.918933435294118
0.04856000  24.949232682352942
0.04858000  24.979531929411763
0.04860000  25.00983117647059
0.04862000  25.040130423529412
0.04864000  25.070429670588236
0.04866000  25.10072891764706
0.04868000  25.13102816470588
0.04870000  25.161327411764706
0.04872000  25.19162665882353
0.04874000  25.22192590588235
0.04876000  25.25222515294118
0.04878000  25.2825244
0.04880000  25.312823647058824
0.04882000  25.34312289411765
0.04884000  25.37342214117647
0.04886000  25.403721388235297
0.04888000  25.434020635294118
0.04890000  25.464319882352942
0.04892000  25.494619129411767
0.04894000  25.524918376470588
0.04896000  25.555217623529412
0.04898000  25.585516870588236
0.04900000  25.615816117647057
0.04902000  25.646115364705885
0.04904000  25.676414611764706
0.04906000  25.70671385882353
0.04908000  25.737013105882355
0.04910000  25.767312352941175
0.04912000  25.797611600000003
0.04914000  25.827910847058824
0.04916000  25.85821009411765
0.04918000  25.888509341176473
0.04920000  25.918808588235294
0.04922000  25.949107835294118
0.04924000  25.979407082352942
0.04926000  26.009706329411763
0.04928000  26.04000557647059
0.04930000  26.070304823529412
0.04932000  26.100604070588236
0.04934000  26.13090331764706
0.04936000  26.16120256470588
0.04938000  26.191501811764706
0.04940000  26.22180105882353
0.04942000  26.252100305882355
0.04944000  26.28239955294118
0.04946000  26.3126988
0.04948000  26.342998047058824
0.04950000  26.37329729411765
0.04952000  26.40359654117647
0.04954000  26.433895788235297
0.04956000  26.464195035294118
0.04958000  26.494494282352942
0.04960000  26.524793529411767
0.04962000  26.555092776470588
0.04964000  26.585392023529412
0.04966000  26.615691270588236
0.04968000  26.645990517647057
0.04970000  26.676289764705885
0.04972000  26.706589011764706
0.04974000  26.73688825882353
0.04976000  26.767187505882355
0.04978000  26.797486752941175
0.04980000  26.827786000000003
0.04982000  26.858085247058824
0.04984000  26.88838449411765
0.04986000  26.918683741176473
0.04988000  26.948982988235294
0.04990000  26.979282235294118
0.04992000  27.009581482352942
0.04994000  27.039880729411763
0.04996000  27.07017997647059
0.04998000  27.100479223529412
0.05000000  27.130778470588236
0.05002000  27.16107771764706
0.05004000  27.19137696470588
0.05006000  27.22167621176471
0.05008000  27.25197545882353
0.05010000  27.282274705882354
0.05012000  27.31257395294118
0.05014000  27.3428732
0.05016000  27.373172447058824
0.05018000  27.40347169411765
0.05020000  27.43377094117647
0.05022000  27.464070188235297
0.05024000  27.494369435294118
0.05026000  27.524668682352942
0.05028000  27.554967929411767
0.05030000  27.585267176470587
0.05032000  27.615566423529412
0.05034000  27.645865670588236
0.05036000  27.67616491764706
0.05038000  27.706464164705885
0.05040000  27.736763411764706
0.05042000  27.76706265882353
0.05044000  27.797361905882354
0.05046000  27.827661152941175
0.05048000  27.857960400000003
0.05050000  27.888259647058824
0.05052000  27.91855889411765
0.05054000  27.948858141176473
0.05056000  27.979157388235294
0.05058000  28.009456635294118
0.05060000  28.039755882352942
0.05062000  28.070055129411763
0.05064000  28.10035437647059
0.05066000  28.130653623529412
0.05068000  28.160952870588236
0.05070000  28.19125211764706
0.05072000  28.22155136470588
0.05074000  28.25185061176471
0.05076000  28.28214985882353
0.05078000  28.312449105882354
0.05080000  28.34274835294118
0.05082000  28.3730476
0.05084000  28.403346847058824
0.05086000  28.43364609411765
0.05088000  28.46394534117647
0.05090000  28.494244588235297
0.05092000  28.524543835294118
0.05094000  28.554843082352942
0.05096000  28.585142329411767
0.05098000  28.615441576470587
0.05100000  28.64574082352941
0.05102000  28.676040070588236
0.05104000  28.70633931764706
0.05106000  28.736638564705885
0.05108000  28.766937811764706
0.05110000  28.79723705882353
0.05112000  28.827536305882354
0.05114000  28.857835552941175
0.05116000  28.888134800000003
0.05118000  28.918434047058824
0.05120000  28.94873329411765
0.05122000  28.979032541176473
0.05124000  29.009331788235293
0.05126000  29.039631035294118
0.05128000  29.069930282352942
0.05130000  29.100229529411763
0.05132000  29.13052877647059
0.05134000  29.16082802352941
0.05136000  29.191127270588236
0.05138000  29.22142651764706
0.05140000  29.25172576470588
0.05142000  29.28202501176471
0.05144000  29.31232425882353
0.05146000  29.342623505882354
0.05148000  29.37292275294118
0.05150000  29.403222
0.05152000  29.433521247058824
0.05154000  29.46382049411765
0.05156000  29.49411974117647
0.05158000  29.524418988235297
0.05160000  29.554718235294118
0.05162000  29.585017482352942
0.05164000  29.615316729411767
0.05166000  29.645615976470587
0.05168000  29.675915223529415
0.05170000  29.706214470588236
0.05172000  29.73651371764706
0.05174000  29.766812964705885
0.05176000  29.797112211764706
0.05178000  29.82741145882353
0.05180000  29.857710705882354
0.05182000  29.888009952941175
0.05184000  29.918309200000003
0.05186000  29.948608447058824
0.05188000  29.978907694117648
0.05190000  30.009206941176473
0.05192000  30.039506188235293
0.05194000  30.069805435294118
0.05196000  30.100104682352942
0.05198000  30.130403929411766
0.05200000  30.16070317647059
0.05202000  30.19100242352941
0.05204000  30.221301670588236
0.05206000  30.25160091764706
0.05208000  30.28190016470588
0.05210000  30.31219941176471
0.05212000  30.34249865882353
0.05214000  30.372797905882354
0.05216000  30.40309715294118
0.05218000  30.4333964
0.05220000  30.463695647058824
0.05222000  30.493994894117648
0.05224000  30.52429414117647
0.05226000  30.554593388235297
0.05228000  30.584892635294118
0.05230000  30.615191882352942
0.05232000  30.645491129411766
0.05234000  30.675790376470587
0.05236000  30.706089623529415
0.05238000  30.736388870588236
0.05240000  30.76668811764706
0.05242000  30.796987364705885
0.05244000  30.827286611764706
0.05246000  30.85758585882353
0.05248000  30.887885105882354
0.05250000  30.918184352941175
0.05252000  30.948483600000003
0.05254000  30.978782847058824
0.05256000  31.009082094117648
0.05258000  31.039381341176473
0.05260000  31.069680588235293
0.05262000  31.09997983529412
0.05264000  31.130279082352942
0.05266000  31.160578329411766
0.05268000  31.19087757647059
0.05270000  31.22117682352941
0.05272000  31.251476070588236
0.05274000  31.28177531764706
0.05276000  31.31207456470588
0.05278000  31.34237381176471
0.05280000  31.37267305882353
0.05282000  31.402972305882354
0.05284000  31.43327155294118
0.05286000  31.4635708
0.05288000  31.493870047058824
0.05290000  31.524169294117648
0.05292000  31.554468541176472
0.05294000  31.584767788235297
0.05296000  31.615067035294118
0.05298000  31.645366282352942
0.05300000  31.675665529411766
0.05302000  31.705964776470587
0.05304000  31.736264023529415
0.05306000  31.766563270588236
0.05308000  31.79686251764706
0.05310000  31.827161764705885
0.05312000  31.857461011764705
0.05314000  31.88776025882353
0.05316000  31.918059505882354
0.05318000  31.948358752941175
0.05320000  31.978658000000003
0.05322000  32.008957247058824
0.05324000  32.03925649411765
0.05326000  32.06955574117647
0.05328000  32.09985498823529
0.05330000  32.13015423529412
0.05332000  32.16045348235294
0.05334000  32.19075272941177
0.05336000  32.22105197647059
0.05338000  32.25135122352941
0.05340000  32.28165047058823
0.05342000  32.31194971764706
0.05344000  32.34224896470588
0.05346000  32.37254821176471
0.05348000  32.40284745882353
0.05350000  32.43314670588235
0.05352000  32.46344595294118
0.05354000  32.4937452
0.05356000  32.52404444705883
0.05358000  32.55434369411765
0.05360000  32.58464294117647
0.05362000  32.6149421882353
0.05364000  32.64524143529412
0.05366000  32.675540682352946
0.05368000  32.705839929411766
0.05370000  32.73613917647059
0.05372000  32.76643842352941
0.05374000  32.796737670588236
0.05376000  32.827036917647064
0.05378000  32.857336164705885
0.05380000  32.887635411764705
0.05382000  32.917934658823526
0.05384000  32.948233905882354
0.05386000  32.97853315294118
0.05388000  33.0088324
0.05390000  33.039131647058824
0.05392000  33.069430894117644
0.05394000  33.09973014117647
0.05396000  33.1300293882353
0.05398000  33.16032863529412
0.05400000  33.19062788235294
0.05402000  33.22092712941176
0.05404000  33.25122637647059
0.05406000  33.28152562352941
0.05408000  33.31182487058824
0.05410000  33.34212411764706
0.05412000  33.37242336470588
0.05414000  33.4027226117647
0.05416000  33.43302185882353
0.05418000  33.46332110588236
0.05420000  33.49362035294118
0.05422000  33.5239196
0.05424000  33.55421884705882
0.05426000  33.58451809411765
0.05428000  33.614817341176476
0.05430000  33.6451165882353
0.05432000  33.67541583529412
0.05434000  33.70571508235294
0.05436000  33.736014329411766
0.05438000  33.766313576470594
0.05440000  33.796612823529415
0.05442000  33.826912070588236
0.05444000  33.85721131764706
0.05446000  33.887510564705885
0.05448000  33.917809811764705
0.05450000  33.94810905882353
0.05452000  33.978408305882354
0.05454000  34.008707552941175
0.05456000  34.0390068
0.05458000  34.069306047058824
0.05460000  34.09960529411765
0.05462000  34.12990454117647
0.05464000  34.16020378823529
0.05466000  34.190503035294114
0.05468000  34.22080228235294
0.05470000  34.25110152941177
0.05472000  34.28140077647059
0.05474000  34.31170002352941
0.05476000  34.34199927058823
0.05478000  34.37229851764706
0.05480000  34.40259776470589
0.05482000  34.43289701176471
0.05484000  34.46319625882353
0.05486000  34.49349550588235
0.05488000  34.52379475294118
0.05490000  34.554094000000006
0.05492000  34.58439324705883
0.05494000  34.61469249411765
0.05496000  34.64499174117647
0.05498000  34.6752909882353
0.05500000  34.70559023529412
0.05502000  34.735889482352945
0.05504000  34.766188729411766
0.05506000  34.79648797647059
0.05508000  34.82678722352941
0.05510000  34.857086470588236
0.05512000  34.887385717647064
0.05514000  34.917684964705884
0.05516000  34.947984211764705
0.05518000  34.978283458823526
0.05520000  35.008582705882354
0.05522000  35.03888195294118
0.05524000  35.0691812
0.05526000  35.09948044705882
0.05528000  35.129779694117644
0.05530000  35.16007894117647
0.05532000  35.1903781882353
0.05534000  35.22067743529412
0.05536000  35.25097668235294
0.05538000  35.28127592941176
0.05540000  35.31157517647059
0.05542000  35.34187442352941
0.05544000  35.37217367058824
0.05546000  35.40247291764706
0.05548000  35.43277216470588
0.05550000  35.46307141176471
0.05552000  35.49337065882353
0.05554000  35.52366990588236
0.05556000  35.55396915294118
0.05558000  35.5842684
0.05560000  35.61456764705882
0.05562000  35.64486689411765
0.05564000  35.675166141176476
0.05566000  35.7054653882353
0.05568000  35.73576463529412
0.05570000  35.76606388235294
0.05572000  35.796363129411766
0.05574000  35.826662376470594
0.05576000  35.856961623529415
0.05578000  35.887260870588236
0.05580000  35.91756011764706
0.05582000  35.947859364705884
0.05584000  35.97815861176471
0.05586000  36.00845785882353
0.05588000  36.038757105882354
0.05590000  36.069056352941175
0.05592000  36.0993556
0.05594000  36.12965484705882
0.05596000  36.15995409411765
0.05598000  36.19025334117647
0.05600000  36.22055258823529
0.05602000  36.250851835294114
0.05604000  36.28115108235294
0.05606000  36.31145032941177
0.05608000  36.34174957647059
0.05610000  36.37204882352941
0.05612000  36.40234807058823
0.05614000  36.43264731764706
0.05616000  36.46294656470589
0.05618000  36.49324581176471
0.05620000  36.52354505882353
0.05622000  36.55384430588235
0.05624000  36.58414355294118
0.05626000  36.614442800000006
0.05628000  36.64474204705883
0.05630000  36.67504129411765
0.05632000  36.70534054117647
0.05634000  36.7356397882353
0.05636000  36.76593903529412
0.05638000  36.796238282352945
0.05640000  36.826537529411766
0.05642000  36.85683677647059
0.05644000  36.88713602352941
0.05646000  36.917435270588236
0.05648000  36.94773451764706
0.05650000  36.978033764705884
0.05652000  37.008333011764705
0.05654000  37.038632258823526
0.05656000  37.068931505882354
0.05658000  37.09923075294118
0.05660000  37.12953
0.05662000  37.15982924705882
0.05664000  37.190128494117644
0.05666000  37.22042774117647
0.05668000  37.2507269882353
0.05670000  37.28102623529412
0.05672000  37.31132548235294
0.05674000  37.34162472941176
0.05676000  37.37192397647059
0.05678000  37.40222322352942
0.05680000  37.43252247058824
0.05682000  37.46282171764706
0.05684000  37.49312096470588
0.05686000  37.52342021176471
0.05688000  37.55371945882353
0.05690000  37.58401870588236
0.05692000  37.61431795294118
0.05694000  37.6446172
0.05696000  37.67491644705882
0.05698000  37.70521569411765
0.05700000  37.735514941176476
0.05702000  37.7658141882353
0.05704000  37.79611343529412
0.05706000  37.82641268235294
0.05708000  37.856711929411766
0.05710000  37.887011176470594
0.05712000  37.917310423529415
0.05714000  37.947609670588236
0.05716000  37.977908917647056
0.05718000  38.008208164705884
0.05720000  38.03850741176471
0.05722000  38.06880665882353
0.05724000  38.099105905882354
0.05726000  38.129405152941175
0.05728000  38.1597044
0.05730000  38.19000364705882
0.05732000  38.22030289411765
0.05734000  38.25060214117647
0.05736000  38.28090138823529
0.05738000  38.311200635294114
0.05740000  38.34149988235294
0.05742000  38.37179912941177
0.05744000  38.40209837647059
0.05746000  38.43239762352941
0.05748000  38.46269687058823
0.05750000  38.49299611764706
0.05752000  38.52329536470589
0.05754000  38.55359461176471
0.05756000  38.58389385882353
0.05758000  38.61419310588235
0.05760000  38.64449235294118
0.05762000  38.674791600000006
0.05764000  38.70509084705883
0.05766000  38.73539009411765
0.05768000  38.76568934117647
0.05770000  38.795988588235296
0.05772000  38.826287835294124
0.05774000  38.856587082352945
0.05776000  38.886886329411766
0.05778000  38.91718557647059
0.05780000  38.947484823529415
0.05782000  38.977784070588235
0.05784000  39.00808331764706
0.05786000  39.038382564705884
0.05788000  39.068681811764705
0.05790000  39.098981058823526
0.05792000  39.129280305882354
0.05794000  39.15957955294118
0.05796000  39.1898788
0.05798000  39.22017804705882
0.05800000  39.250477294117644
0.05802000  39.28077654117647
0.05804000  39.3110757882353
0.05806000  39.34137503529412
0.05808000  39.37167428235294
0.05810000  39.40197352941176
0.05812000  39.43227277647059
0.05814000  39.46257202352942
0.05816000  39.49287127058824
0.05818000  39.52317051764706
0.05820000  39.55346976470588
0.05822000  39.58376901176471
0.05824000  39.61406825882353
0.05826000  39.64436750588236
0.05828000  39.67466675294118
0.05830000  39.704966
0.05832000  39.73526524705882
0.05834000  39.76556449411765
0.05836000  39.795863741176476
0.05838000  39.826162988235296
0.05840000  39.85646223529412
0.05842000  39.88676148235294
0.05844000  39.917060729411766
0.05846000  39.947359976470594
0.05848000  39.977659223529415
0.05850000  40.007958470588235
0.05852000  40.038257717647056
0.05854000  40.068556964705884
0.05856000  40.09885621176471
0.05858000  40.12915545882353
0.05860000  40.159454705882354
0.05862000  40.189753952941174
0.05864000  40.2200532
0.05866000  40.25035244705882
0.05868000  40.28065169411765
0.05870000  40.31095094117647
0.05872000  40.34125018823529
0.05874000  40.37154943529412
0.05876000  40.40184868235294
0.05878000  40.43214792941177
0.05880000  40.46244717647059
0.05882000  40.49274642352941
0.05884000  40.52304567058823
0.05886000  40.55334491764706
0.05888000  40.58364416470589
0.05890000  40.61394341176471
0.05892000  40.64424265882353
0.05894000  40.67454190588235
0.05896000  40.70484115294118
0.05898000  40.735140400000006
0.05900000  40.76543964705883
0.05902000  40.79573889411765
0.05904000  40.82603814117647
0.05906000  40.856337388235296
0.05908000  40.886636635294124
0.05910000  40.916935882352945
0.05912000  40.947235129411766
0.05914000  40.97753437647059
0.05916000  41.007833623529415
0.05918000  41.038132870588235
0.05920000  41.06843211764706
0.05922000  41.098731364705884
0.05924000  41.129030611764705
0.05926000  41.159329858823526
0.05928000  41.189629105882354
0.05930000  41.21992835294118
0.05932000  41.2502276
0.05934000  41.28052684705882
0.05936000  41.310826094117644
0.05938000  41.34112534117647
0.05940000  41.3714245882353
0.05942000  41.40172383529412
0.05944000  41.43202308235294
0.05946000  41.46232232941176
0.05948000  41.49262157647059
0.05950000  41.52292082352942
0.05952000  41.55322007058824
0.05954000  41.58351931764706
0.05956000  41.61381856470588
0.05958000  41.64411781176471
0.05960000  41.67441705882353
0.05962000  41.70471630588236
0.05964000  41.73501555294118
0.05966000  41.7653148
0.05968000  41.79561404705883
0.05970000  41.82591329411765
0.05972000  41.856212541176475
0.05974000  41.886511788235296
0.05976000  41.91681103529412
0.05978000  41.94711028235294
0.05980000  41.977409529411766
0.05982000  42.007708776470594
0.05984000  42.038008023529414
0.05986000  42.068307270588235
0.05988000  42.098606517647056
0.05990000  42.128905764705884
0.05992000  42.15920501176471
0.05994000  42.18950425882353
0.05996000  42.21980350588235
0.05998000  42.250102752941174
0.06000000  42.280402
0.06002000  42.551865
0.06004000  42.80322
0.06006000  43.035576
0.06008000  43.251293
0.06010000  43.465393
0.06012000  43.721843
0.06014000  44.067246
0.06016000  44.534079
0.06018000  45.161318
0.06020000  45.993634
0.06022000  47.137483
0.06024000  48.913225
0.06026000  51.7455
0.06028000  56.239549
0.06030000  63.387178
0.06032000  74.883792
0.06034000  93.659101
0.06036000  124.745467
0.06038000  174.974617
0.06040000  248.815059
0.06042000  352.983117
0.06044000  509.481042
0.06046000  785.107168
0.06048000  1384.664751
0.06050000  2828.230232
0.06052000  5736.431708
0.06054000  10316.888276
0.06056000  15139.904119
0.06058000  17618.347165
0.06060000  15574.429998
0.06062000  10383.915817
0.06064000  5586.855875
0.06066000  2736.402933
0.06068000  1382.698968
0.06070000  749.81029
0.06072000  434.750348
0.06074000  266.78626
0.06076000  171.589155
0.06078000  115.207802
0.06080000  80.989278
0.06082000  59.826034
0.06084000  46.432495
0.06086000  37.713059
0.06088000  31.865712
0.06090000  27.835052
0.06092000  24.987406
0.06094000  22.933202
0.06096000  21.426471
0.06098000  20.304887
0.06100000  19.46048
0.06102000  18.819288
0.06104000  18.328833
0.06106000  17.95215
0.06108000  17.661963
0.06110000  17.437811
0.06112000  17.264302
0.06114000  17.130046
0.06116000  17.026517
0.06118000  16.946855
0.06120000  16.886189
0.06122000  16.840368
0.06124000  16.806141
0.06126000  16.78124
0.06128000  16.763542
0.06130000  16.751292
0.06132000  16.743323
0.06134000  16.738358
0.06136000  16.735473
0.06138000  16.733741
0.06140000  16.732587
0.06142000  16.731664
0.06144000  16.731087
0.06146000  16.730395
0.06148000  16.729703
0.06150000  16.728895
0.06152000  16.727857
0.06154000  16.726472
0.06156000  16.724973
0.06158000  16.723243
0.06160000  16.721282
0.06162000  16.719207
0.06164000  16.717016
0.06166000  16.71471
0.06168000  16.71229
0.06170000  16.709754
0.06172000  16.707219
0.06174000  16.704569
0.06176000  16.70192
0.06178000  16.699271
0.06180000  16.696507
0.06182000  16.693744
0.06184000  16.690981
0.06186000  16.688218
0.06188000  16.685456
0.06190000  16.68258
0.06192000  16.679819
0.06194000  16.676943
0.06196000  16.674183
0.06198000  16.671309
0.06200000  16.668434
0.06202000  16.665676
0.06204000  16.662803
0.06206000  16.65993
0.06208000  16.657058
0.06210000  16.654301
0.06212000  16.65143
0.06214000  16.648559
0.06216000  16.645689
0.06218000  16.642819
0.06220000  16.63995
0.06222000  16.637081
0.06224000  16.634213
0.06226000  16.631345
0.06228000  16.628478
0.06230000  16.625611
0.06232000  16.622745
0.06234000  16.619879
0.06236000  16.617014
0.06238000  16.614149
0.06240000  16.611285
0.06242000  16.608421
0.06244000  16.605558
0.06246000  16.602695
0.06248000  16.599833
0.06250000  16.596971
0.06252000  16.59411
0.06254000  16.591249
0.06256000  16.588389
0.06258000  16.585529
0.06260000  16.58267
0.06262000  16.579811
0.06264000  16.576953
0.06266000  16.574095
0.06268000  16.571352
0.06270000  16.568495
0.06272000  16.565638
0.06274000  16.562782
0.06276000  16.559927
0.06278000  16.557072
0.06280000  16.554218
0.06282000  16.551364
0.06284000  16.548625
0.06286000  16.545772
0.06288000  16.542919
0.06290000  16.540067
0.06292000  16.53733
0.06294000  16.534479
0.06296000  16.531628
0.06298000  16.528892
0.06300000  16.526042
