0.00000000  36.238096
0.00002000  36.471015
0.00004000  36.686197
0.00006000  36.885347
0.00008000  37.070491
0.00010000  37.253739
0.00012000  37.473539
0.00014000  37.769581
0.00016000  38.169698
0.00018000  38.707298
0.00020000  39.420668
0.00022000  40.401049
0.00024000  41.92273
0.00026000  44.349615
0.00028000  48.199344
0.00030000  54.31763
0.00032000  64.148492
0.00034000  80.168023
0.00036000  106.531633
0.00038000  148.781152
0.00040000  210.870028
0.00042000  298.120312
0.00044000  428.148265
0.00046000  655.270979
0.00048000  1140.656444
0.00050000  2277.707471
0.00052000  4532.27769
0.00054000  7944.554167
0.00056000  11298.06544
0.00058000  12613.87033
0.00060000  10619.956921
0.00062000  6688.733973
0.00064000  3381.832485
0.00066000  1563.512604
0.00068000  753.460387
0.00070000  397.047434
0.00072000  227.596198
0.00074000  139.934296
0.00076000  91.154804
0.00078000  62.524114
0.00080000  45.204055
0.00082000  34.495951
0.00084000  27.716507
0.00086000  23.306806
0.00088000  20.359595
0.00090000  18.341624
0.00092000  16.931102
0.00094000  15.928845
0.00096000  15.207785
0.00098000  14.683808
0.00100000  14.300439
0.00102000  14.018818
0.00104000  13.811629
0.00106000  13.659309
0.00108000  13.547854
0.00110000  13.466718
0.00112000  13.408056
0.00114000  13.366325
0.00116000  13.337228
0.00118000  13.317742
0.00120000  13.305532
0.00122000  13.298835
0.00124000  13.296176
0.00126000  13.296726
0.00128000  13.299477
0.00130000  13.30388
0.00132000  13.309387
0.00134000  13.315538
0.00136000  13.321876
0.00138000  13.328125
0.00140000  13.334101
0.00142000  13.339619
0.00144000  13.344772
0.00146000  13.349559
0.00148000  13.354071
0.00150000  13.358216
0.00152000  13.361994
0.00154000  13.365496
0.00156000  13.368815
0.00158000  13.371857
0.00160000  13.374624
0.00162000  13.3773
0.00164000  13.379883
0.00166000  13.382282
0.00168000  13.38459
0.00170000  13.386805
0.00172000  13.389021
0.00174000  13.391145
0.00176000  13.393177
0.00178000  13.395117
0.00180000  13.397057
0.00182000  13.398998
0.00184000  13.400846
0.00186000  13.402602
0.00188000  13.404451
0.00190000  13.406207
0.00192000  13.407872
0.00194000  13.409536
0.00196000  13.411201
0.00198000  13.412773
0.00200000  13.414346
0.00202000  13.415919
0.00204000  13.417399
0.00206000  13.41888
0.00208000  13.420361
0.00210000  13.421749
0.00212000  13.423137
0.00214000  13.424526
0.00216000  13.425822
0.00218000  13.427119
0.00220000  13.428415
0.00222000  13.429619
0.00224000  13.430823
0.00226000  13.432027
0.00228000  13.433232
0.00230000  13.434344
0.00232000  13.435455
0.00234000  13.436567
0.00236000  13.437587
0.00238000  13.438606
0.00240000  13.439626
0.00242000  13.440645
0.00244000  13.441572
0.00246000  13.442499
0.00248000  13.443426
0.00250000  13.444261
0.00252000  13.445095
0.00254000  13.44593
0.00256000  13.446764
0.00258000  13.447506
0.00260000  13.448341
0.00262000  13.449083
0.00264000  13.449732
0.00266000  13.450474
0.00268000  13.451124
0.00270000  13.451773
0.00272000  13.452423
0.00274000  13.453072
0.00276000  13.453629
0.00278000  13.454185
0.00280000  13.454742
0.00282000  13.455299
0.00284000  13.455856
0.00286000  13.45632
0.00288000  13.456784
0.00290000  13.457248
0.00292000  13.457712
0.00294000  13.458176
0.00296000  13.458547
0.00298000  13.458918
0.00300000  13.459382
0.00302000  13.486180487058823
0.00304000  13.512978974117647
0.00306000  13.53977746117647
0.00308000  13.566575948235293
0.00310000  13.593374435294118
0.00312000  13.62017292235294
0.00314000  13.646971409411764
0.00316000  13.673769896470588
0.00318000  13.700568383529411
0.00320000  13.727366870588234
0.00322000  13.754165357647059
0.00324000  13.780963844705882
0.00326000  13.807762331764705
0.00328000  13.83456081882353
0.00330000  13.861359305882353
0.00332000  13.888157792941175
0.00334000  13.91495628
0.00336000  13.941754767058823
0.00338000  13.968553254117646
0.00340000  13.99535174117647
0.00342000  14.022150228235294
0.00344000  14.048948715294117
0.00346000  14.075747202352941
0.00348000  14.102545689411764
0.00350000  14.129344176470587
0.00352000  14.156142663529412
0.00354000  14.182941150588235
0.00356000  14.209739637647058
0.00358000  14.236538124705882
0.00360000  14.263336611764705
0.00362000  14.29013509882353
0.00364000  14.316933585882353
0.00366000  14.343732072941176
0.00368000  14.370530559999999
0.00370000  14.397329047058824
0.00372000  14.424127534117646
0.00374000  14.450926021176471
0.00376000  14.477724508235294
0.00378000  14.504522995294117
0.00380000  14.53132148235294
0.00382000  14.558119969411765
0.00384000  14.584918456470588
0.00386000  14.611716943529412
0.00388000  14.638515430588235
0.00390000  14.665313917647058
0.00392000  14.692112404705881
0.00394000  14.718910891764706
0.00396000  14.745709378823529
0.00398000  14.772507865882353
0.00400000  14.799306352941176
0.00402000  14.82610484
0.00404000  14.852903327058824
0.00406000  14.879701814117647
0.00408000  14.90650030117647
0.00410000  14.933298788235295
0.00412000  14.960097275294117
0.00414000  14.98689576235294
0.00416000  15.013694249411765
0.00418000  15.040492736470588
0.00420000  15.067291223529411
0.00422000  15.094089710588236
0.00424000  15.120888197647059
0.00426000  15.147686684705882
0.00428000  15.174485171764706
0.00430000  15.20128365882353
0.00432000  15.228082145882352
0.00434000  15.254880632941177
0.00436000  15.28167912
0.00438000  15.308477607058823
0.00440000  15.335276094117647
0.00442000  15.36207458117647
0.00444000  15.388873068235293
0.00446000  15.415671555294118
0.00448000  15.44247004235294
0.00450000  15.469268529411764
0.00452000  15.496067016470588
0.00454000  15.522865503529411
0.00456000  15.549663990588234
0.00458000  15.576462477647059
0.00460000  15.603260964705882
0.00462000  15.630059451764705
0.00464000  15.65685793882353
0.00466000  15.683656425882353
0.00468000  15.710454912941177
0.00470000  15.7372534
0.00472000  15.764051887058823
0.00474000  15.790850374117646
0.00476000  15.81764886117647
0.00478000  15.844447348235294
0.00480000  15.871245835294118
0.00482000  15.898044322352941
0.00484000  15.924842809411764
0.00486000  15.951641296470587
0.00488000  15.978439783529412
0.00490000  16.005238270588237
0.00492000  16.03203675764706
0.00494000  16.058835244705882
0.00496000  16.085633731764705
0.00498000  16.11243221882353
0.00500000  16.13923070588235
0.00502000  16.166029192941178
0.00504000  16.19282768
0.00506000  16.219626167058824
0.00508000  16.246424654117646
0.00510000  16.27322314117647
0.00512000  16.300021628235292
0.00514000  16.32682011529412
0.00516000  16.35361860235294
0.00518000  16.380417089411765
0.00520000  16.407215576470588
0.00522000  16.43401406352941
0.00524000  16.460812550588233
0.00526000  16.48761103764706
0.00528000  16.514409524705883
0.00530000  16.541208011764706
0.00532000  16.56800649882353
0.00534000  16.59480498588235
0.00536000  16.621603472941175
0.00538000  16.64840196
0.00540000  16.675200447058824
0.00542000  16.701998934117647
0.00544000  16.72879742117647
0.00546000  16.755595908235293
0.00548000  16.78239439529412
0.00550000  16.809192882352942
0.00552000  16.835991369411765
0.00554000  16.862789856470588
0.00556000  16.88958834352941
0.00558000  16.916386830588234
0.00560000  16.943185317647057
0.00562000  16.969983804705883
0.00564000  16.996782291764706
0.00566000  17.02358077882353
0.00568000  17.050379265882352
0.00570000  17.077177752941175
0.00572000  17.10397624
0.00574000  17.130774727058824
0.00576000  17.157573214117647
0.00578000  17.18437170117647
0.00580000  17.211170188235293
0.00582000  17.237968675294116
0.00584000  17.26476716235294
0.00586000  17.291565649411766
0.00588000  17.31836413647059
0.00590000  17.34516262352941
0.00592000  17.371961110588234
0.00594000  17.398759597647057
0.00596000  17.425558084705884
0.00598000  17.452356571764707
0.00600000  17.47915505882353
0.00602000  17.505953545882353
0.00604000  17.532752032941175
0.00606000  17.55955052
0.00608000  17.58634900705882
0.00610000  17.613147494117648
0.00612000  17.63994598117647
0.00614000  17.666744468235294
0.00616000  17.693542955294117
0.00618000  17.72034144235294
0.00620000  17.747139929411766
0.00622000  17.77393841647059
0.00624000  17.800736903529412
0.00626000  17.827535390588235
0.00628000  17.854333877647058
0.00630000  17.881132364705884
0.00632000  17.907930851764704
0.00634000  17.93472933882353
0.00636000  17.961527825882353
0.00638000  17.988326312941176
0.00640000  18.0151248
0.00642000  18.04192328705882
0.00644000  18.06872177411765
0.00646000  18.09552026117647
0.00648000  18.122318748235294
0.00650000  18.149117235294117
0.00652000  18.17591572235294
0.00654000  18.202714209411766
0.00656000  18.229512696470586
0.00658000  18.256311183529412
0.00660000  18.283109670588235
0.00662000  18.309908157647058
0.00664000  18.33670664470588
0.00666000  18.363505131764704
0.00668000  18.39030361882353
0.00670000  18.417102105882353
0.00672000  18.443900592941176
0.00674000  18.47069908
0.00676000  18.497497567058822
0.00678000  18.52429605411765
0.00680000  18.551094541176468
0.00682000  18.577893028235295
0.00684000  18.604691515294117
0.00686000  18.63149000235294
0.00688000  18.658288489411763
0.00690000  18.685086976470586
0.00692000  18.711885463529413
0.00694000  18.738683950588236
0.00696000  18.76548243764706
0.00698000  18.79228092470588
0.00700000  18.819079411764704
0.00702000  18.84587789882353
0.00704000  18.872676385882354
0.00706000  18.899474872941177
0.00708000  18.92627336
0.00710000  18.953071847058823
0.00712000  18.979870334117646
0.00714000  19.00666882117647
0.00716000  19.033467308235295
0.00718000  19.060265795294118
0.00720000  19.08706428235294
0.00722000  19.113862769411764
0.00724000  19.140661256470587
0.00726000  19.167459743529413
0.00728000  19.194258230588236
0.00730000  19.22105671764706
0.00732000  19.247855204705882
0.00734000  19.274653691764705
0.00736000  19.301452178823528
0.00738000  19.32825066588235
0.00740000  19.355049152941177
0.00742000  19.38184764
0.00744000  19.408646127058823
0.00746000  19.435444614117646
0.00748000  19.46224310117647
0.00750000  19.489041588235295
0.00752000  19.51584007529412
0.00754000  19.54263856235294
0.00756000  19.569437049411764
0.00758000  19.596235536470587
0.00760000  19.62303402352941
0.00762000  19.649832510588233
0.00764000  19.67663099764706
0.00766000  19.703429484705882
0.00768000  19.730227971764705
0.00770000  19.75702645882353
0.00772000  19.78382494588235
0.00774000  19.810623432941178
0.00776000  19.83742192
0.00778000  19.864220407058824
0.00780000  19.891018894117646
0.00782000  19.91781738117647
0.00784000  19.944615868235296
0.00786000  19.971414355294115
0.00788000  19.99821284235294
0.00790000  20.025011329411765
0.00792000  20.051809816470588
0.00794000  20.07860830352941
0.00796000  20.105406790588233
0.00798000  20.13220527764706
0.00800000  20.159003764705883
0.00802000  20.185802251764706
0.00804000  20.21260073882353
0.00806000  20.23939922588235
0.00808000  20.266197712941178
0.00810000  20.292996199999997
0.00812000  20.319794687058824
0.00814000  20.346593174117647
0.00816000  20.37339166117647
0.00818000  20.400190148235293
0.00820000  20.426988635294116
0.00822000  20.453787122352942
0.00824000  20.480585609411765
0.00826000  20.507384096470588
0.00828000  20.53418258352941
0.00830000  20.560981070588234
0.00832000  20.58777955764706
0.00834000  20.61457804470588
0.00836000  20.641376531764706
0.00838000  20.66817501882353
0.00840000  20.694973505882352
0.00842000  20.721771992941175
0.00844000  20.748570479999998
0.00846000  20.775368967058824
0.00848000  20.802167454117647
0.00850000  20.82896594117647
0.00852000  20.855764428235293
0.00854000  20.882562915294116
0.00856000  20.909361402352943
0.00858000  20.936159889411766
0.00860000  20.96295837647059
0.00862000  20.98975686352941
0.00864000  21.016555350588234
0.00866000  21.043353837647057
0.00868000  21.07015232470588
0.00870000  21.096950811764707
0.00872000  21.12374929882353
0.00874000  21.150547785882353
0.00876000  21.177346272941175
0.00878000  21.20414476
0.00880000  21.230943247058825
0.00882000  21.257741734117648
0.00884000  21.28454022117647
0.00886000  21.311338708235294
0.00888000  21.338137195294117
0.00890000  21.36493568235294
0.00892000  21.391734169411762
0.00894000  21.41853265647059
0.00896000  21.445331143529412
0.00898000  21.472129630588235
0.00900000  21.498928117647058
0.00902000  21.52572660470588
0.00904000  21.552525091764707
0.00906000  21.579323578823526
0.00908000  21.606122065882353
0.00910000  21.632920552941176
0.00912000  21.65971904
0.00914000  21.686517527058825
0.00916000  21.713316014117645
0.00918000  21.74011450117647
0.00920000  21.766912988235294
0.00922000  21.793711475294117
0.00924000  21.82050996235294
0.00926000  21.847308449411763
0.00928000  21.87410693647059
0.00930000  21.90090542352941
0.00932000  21.927703910588235
0.00934000  21.954502397647058
0.00936000  21.98130088470588
0.00938000  22.008099371764708
0.00940000  22.034897858823527
0.00942000  22.061696345882353
0.00944000  22.088494832941176
0.00946000  22.11529332
0.00948000  22.142091807058822
0.00950000  22.168890294117645
0.00952000  22.19568878117647
0.00954000  22.22248726823529
0.00956000  22.249285755294117
0.00958000  22.27608424235294
0.00960000  22.302882729411763
0.00962000  22.32968121647059
0.00964000  22.35647970352941
0.00966000  22.383278190588236
0.00968000  22.41007667764706
0.00970000  22.43687516470588
0.00972000  22.463673651764708
0.00974000  22.490472138823527
0.00976000  22.517270625882354
0.00978000  22.544069112941177
0.00980000  22.5708676
0.00982000  22.597666087058823
0.00984000  22.624464574117646
0.00986000  22.651263061176472
0.00988000  22.67806154823529
0.00990000  22.704860035294118
0.00992000  22.73165852235294
0.00994000  22.758457009411764
0.00996000  22.78525549647059
0.00998000  22.81205398352941
0.01000000  22.838852470588236
0.01002000  22.86565095764706
0.01004000  22.892449444705882
0.01006000  22.919247931764705
0.01008000  22.946046418823528
0.01010000  22.972844905882354
0.01012000  22.999643392941174
0.01014000  23.02644188
0.01016000  23.053240367058823
0.01018000  23.080038854117646
0.01020000  23.106837341176472
0.01022000  23.133635828235292
0.01024000  23.16043431529412
0.01026000  23.18723280235294
0.01028000  23.214031289411764
0.01030000  23.240829776470587
0.01032000  23.26762826352941
0.01034000  23.294426750588237
0.01036000  23.321225237647056
0.01038000  23.348023724705882
0.01040000  23.374822211764705
0.01042000  23.40162069882353
0.01044000  23.428419185882355
0.01046000  23.455217672941174
0.01048000  23.48201616
0.01050000  23.508814647058824
0.01052000  23.535613134117646
0.01054000  23.56241162117647
0.01056000  23.589210108235292
0.01058000  23.61600859529412
0.01060000  23.642807082352938
0.01062000  23.669605569411765
0.01064000  23.696404056470588
0.01066000  23.72320254352941
0.01068000  23.750001030588237
0.01070000  23.776799517647056
0.01072000  23.803598004705883
0.01074000  23.830396491764706
0.01076000  23.85719497882353
0.01078000  23.88399346588235
0.01080000  23.910791952941175
0.01082000  23.93759044
0.01084000  23.96438892705882
0.01086000  23.991187414117647
0.01088000  24.01798590117647
0.01090000  24.044784388235293
0.01092000  24.07158287529412
0.01094000  24.09838136235294
0.01096000  24.125179849411765
0.01098000  24.151978336470588
0.01100000  24.17877682352941
0.01102000  24.205575310588234
0.01104000  24.232373797647057
0.01106000  24.259172284705883
0.01108000  24.285970771764706
0.01110000  24.31276925882353
0.01112000  24.339567745882352
0.01114000  24.366366232941175
0.01116000  24.39316472
0.01118000  24.41996320705882
0.01120000  24.446761694117647
0.01122000  24.47356018117647
0.01124000  24.500358668235293
0.01126000  24.52715715529412
0.01128000  24.55395564235294
0.01130000  24.580754129411766
0.01132000  24.60755261647059
0.01134000  24.63435110352941
0.01136000  24.661149590588234
0.01138000  24.687948077647057
0.01140000  24.714746564705884
0.01142000  24.741545051764703
0.01144000  24.76834353882353
0.01146000  24.795142025882352
0.01148000  24.821940512941175
0.01150000  24.848739000000002
0.01152000  24.87553748705882
0.01154000  24.902335974117648
0.01156000  24.92913446117647
0.01158000  24.955932948235294
0.01160000  24.982731435294117
0.01162000  25.00952992235294
0.01164000  25.036328409411766
0.01166000  25.063126896470585
0.01168000  25.089925383529412
0.01170000  25.116723870588235
0.01172000  25.143522357647058
0.01174000  25.170320844705884
0.01176000  25.197119331764704
0.01178000  25.22391781882353
0.01180000  25.250716305882353
0.01182000  25.277514792941176
0.01184000  25.30431328
0.01186000  25.33111176705882
0.01188000  25.357910254117648
0.01190000  25.384708741176468
0.01192000  25.411507228235294
0.01194000  25.438305715294117
0.01196000  25.46510420235294
0.01198000  25.491902689411766
0.01200000  25.518701176470586
0.01202000  25.545499663529412
0.01204000  25.572298150588235
0.01206000  25.599096637647058
0.01208000  25.62589512470588
0.01210000  25.652693611764704
0.01212000  25.67949209882353
0.01214000  25.70629058588235
0.01216000  25.733089072941176
0.01218000  25.75988756
0.01220000  25.786686047058822
0.01222000  25.81348453411765
0.01224000  25.840283021176468
0.01226000  25.867081508235295
0.01228000  25.893879995294117
0.01230000  25.92067848235294
0.01232000  25.947476969411763
0.01234000  25.974275456470586
0.01236000  26.001073943529413
0.01238000  26.027872430588232
0.01240000  26.05467091764706
0.01242000  26.08146940470588
0.01244000  26.108267891764704
0.01246000  26.13506637882353
0.01248000  26.16186486588235
0.01250000  26.188663352941177
0.01252000  26.21546184
0.01254000  26.242260327058823
0.01256000  26.26905881411765
0.01258000  26.29585730117647
0.01260000  26.322655788235295
0.01262000  26.349454275294118
0.01264000  26.37625276235294
0.01266000  26.403051249411764
0.01268000  26.429849736470587
0.01270000  26.456648223529413
0.01272000  26.483446710588233
0.01274000  26.51024519764706
0.01276000  26.537043684705882
0.01278000  26.563842171764705
0.01280000  26.59064065882353
0.01282000  26.61743914588235
0.01284000  26.644237632941177
0.01286000  26.67103612
0.01288000  26.697834607058823
0.01290000  26.724633094117646
0.01292000  26.75143158117647
0.01294000  26.778230068235295
0.01296000  26.805028555294115
0.01298000  26.83182704235294
0.01300000  26.858625529411764
0.01302000  26.885424016470587
0.01304000  26.912222503529414
0.01306000  26.939020990588233
0.01308000  26.96581947764706
0.01310000  26.992617964705882
0.01312000  27.019416451764705
0.01314000  27.04621493882353
0.01316000  27.07301342588235
0.01318000  27.099811912941178
0.01320000  27.126610399999997
0.01322000  27.153408887058823
0.01324000  27.180207374117646
0.01326000  27.20700586117647
0.01328000  27.233804348235296
0.01330000  27.260602835294115
0.01332000  27.28740132235294
0.01334000  27.314199809411765
0.01336000  27.340998296470588
0.01338000  27.36779678352941
0.01340000  27.394595270588233
0.01342000  27.42139375764706
0.01344000  27.44819224470588
0.01346000  27.474990731764706
0.01348000  27.50178921882353
0.01350000  27.52858770588235
0.01352000  27.555386192941178
0.01354000  27.582184679999997
0.01356000  27.608983167058824
0.01358000  27.635781654117647
0.01360000  27.66258014117647
0.01362000  27.689378628235293
0.01364000  27.716177115294116
0.01366000  27.742975602352942
0.01368000  27.76977408941176
0.01370000  27.796572576470588
0.01372000  27.82337106352941
0.01374000  27.850169550588234
0.01376000  27.87696803764706
0.01378000  27.90376652470588
0.01380000  27.930565011764706
0.01382000  27.95736349882353
0.01384000  27.984161985882352
0.01386000  28.010960472941175
0.01388000  28.037758959999998
0.01390000  28.064557447058824
0.01392000  28.091355934117644
0.01394000  28.11815442117647
0.01396000  28.144952908235293
0.01398000  28.171751395294116
0.01400000  28.198549882352943
0.01402000  28.225348369411762
0.01404000  28.25214685647059
0.01406000  28.27894534352941
0.01408000  28.305743830588234
0.01410000  28.33254231764706
0.01412000  28.35934080470588
0.01414000  28.386139291764707
0.01416000  28.41293777882353
0.01418000  28.439736265882352
0.01420000  28.466534752941175
0.01422000  28.49333324
0.01424000  28.520131727058825
0.01426000  28.546930214117644
0.01428000  28.57372870117647
0.01430000  28.600527188235294
0.01432000  28.627325675294117
0.01434000  28.654124162352943
0.01436000  28.680922649411762
0.01438000  28.70772113647059
0.01440000  28.734519623529412
0.01442000  28.761318110588235
0.01444000  28.788116597647058
0.01446000  28.81491508470588
0.01448000  28.841713571764707
0.01450000  28.868512058823526
0.01452000  28.895310545882353
0.01454000  28.922109032941176
0.01456000  28.94890752
0.01458000  28.975706007058825
0.01460000  29.002504494117645
0.01462000  29.02930298117647
0.01464000  29.056101468235294
0.01466000  29.082899955294117
0.01468000  29.10969844235294
0.01470000  29.136496929411763
0.01472000  29.16329541647059
0.01474000  29.19009390352941
0.01476000  29.216892390588235
0.01478000  29.243690877647058
0.01480000  29.27048936470588
0.01482000  29.297287851764708
0.01484000  29.324086338823527
0.01486000  29.350884825882353
0.01488000  29.377683312941176
0.01490000  29.4044818
0.01492000  29.431280287058822
0.01494000  29.458078774117645
0.01496000  29.48487726117647
0.01498000  29.51167574823529
0.01500000  29.538474235294117
0.01502000  29.565272722352944
0.01504000  29.592071209411763
0.01506000  29.61886969647059
0.01508000  29.64566818352941
0.01510000  29.672466670588236
0.01512000  29.699265157647055
0.01514000  29.72606364470588
0.01516000  29.752862131764708
0.01518000  29.779660618823527
0.01520000  29.806459105882354
0.01522000  29.833257592941173
0.01524000  29.86005608
0.01526000  29.886854567058826
0.01528000  29.913653054117646
0.01530000  29.940451541176472
0.01532000  29.96725002823529
0.01534000  29.994048515294118
0.01536000  30.020847002352937
0.01538000  30.047645489411764
0.01540000  30.07444397647059
0.01542000  30.10124246352941
0.01544000  30.128040950588236
0.01546000  30.154839437647055
0.01548000  30.181637924705882
0.01550000  30.20843641176471
0.01552000  30.235234898823528
0.01554000  30.262033385882354
0.01556000  30.288831872941174
0.01558000  30.31563036
0.01560000  30.34242884705882
0.01562000  30.369227334117646
0.01564000  30.396025821176472
0.01566000  30.422824308235292
0.01568000  30.44962279529412
0.01570000  30.476421282352938
0.01572000  30.503219769411764
0.01574000  30.53001825647059
0.01576000  30.55681674352941
0.01578000  30.583615230588236
0.01580000  30.610413717647056
0.01582000  30.637212204705882
0.01584000  30.6640106917647
0.01586000  30.690809178823528
0.01588000  30.717607665882355
0.01590000  30.744406152941174
0.01592000  30.77120464
0.01594000  30.79800312705882
0.01596000  30.824801614117646
0.01598000  30.851600101176473
0.01600000  30.878398588235292
0.01602000  30.90519707529412
0.01604000  30.931995562352938
0.01606000  30.958794049411765
0.01608000  30.985592536470584
0.01610000  31.01239102352941
0.01612000  31.039189510588237
0.01614000  31.065987997647056
0.01616000  31.092786484705883
0.01618000  31.119584971764702
0.01620000  31.14638345882353
0.01622000  31.173181945882355
0.01624000  31.199980432941175
0.01626000  31.22677892
0.01628000  31.25357740705882
0.01630000  31.280375894117647
0.01632000  31.307174381176473
0.01634000  31.333972868235293
0.01636000  31.36077135529412
0.01638000  31.38756984235294
0.01640000  31.414368329411765
0.01642000  31.441166816470584
0.01644000  31.46796530352941
0.01646000  31.494763790588237
0.01648000  31.521562277647057
0.01650000  31.548360764705883
0.01652000  31.575159251764703
0.01654000  31.60195773882353
0.01656000  31.628756225882356
0.01658000  31.655554712941175
0.01660000  31.6823532
0.01662000  31.70915168705882
0.01664000  31.735950174117647
0.01666000  31.762748661176467
0.01668000  31.789547148235293
0.01670000  31.81634563529412
0.01672000  31.84314412235294
0.01674000  31.869942609411765
0.01676000  31.896741096470585
0.01678000  31.92353958352941
0.01680000  31.950338070588238
0.01682000  31.977136557647057
0.01684000  32.003935044705884
0.01686000  32.0307335317647
0.01688000  32.05753201882353
0.01690000  32.08433050588235
0.01692000  32.111128992941175
0.01694000  32.13792748
0.01696000  32.16472596705882
0.01698000  32.19152445411765
0.01700000  32.21832294117647
0.01702000  32.245121428235294
0.01704000  32.27191991529412
0.01706000  32.29871840235294
0.01708000  32.325516889411766
0.01710000  32.352315376470585
0.01712000  32.37911386352941
0.01714000  32.40591235058823
0.01716000  32.43271083764706
0.01718000  32.459509324705884
0.01720000  32.4863078117647
0.01722000  32.51310629882353
0.01724000  32.53990478588235
0.01726000  32.566703272941176
0.01728000  32.59350176
0.01730000  32.62030024705882
0.01732000  32.64709873411765
0.01734000  32.67389722117647
0.01736000  32.700695708235294
0.01738000  32.72749419529411
0.01740000  32.75429268235294
0.01742000  32.781091169411766
0.01744000  32.807889656470586
0.01746000  32.83468814352941
0.01748000  32.86148663058823
0.01750000  32.88828511764706
0.01752000  32.915083604705885
0.01754000  32.941882091764704
0.01756000  32.96868057882353
0.01758000  32.99547906588235
0.01760000  33.022277552941176
0.01762000  33.049076039999996
0.01764000  33.07587452705882
0.01766000  33.10267301411765
0.01768000  33.12947150117647
0.01770000  33.156269988235294
0.01772000  33.183068475294114
0.01774000  33.20986696235294
0.01776000  33.23666544941177
0.01778000  33.263463936470586
0.01780000  33.29026242352941
0.01782000  33.31706091058823
0.01784000  33.34385939764706
0.01786000  33.370657884705885
0.01788000  33.397456371764704
0.01790000  33.42425485882353
0.01792000  33.45105334588235
0.01794000  33.47785183294118
0.01796000  33.504650319999996
0.01798000  33.53144880705882
0.01800000  33.55824729411765
0.01802000  33.58504578117647
0.01804000  33.611844268235295
0.01806000  33.638642755294114
0.01808000  33.66544124235294
0.01810000  33.69223972941177
0.01812000  33.71903821647059
0.01814000  33.74583670352941
0.01816000  33.77263519058823
0.01818000  33.79943367764706
0.01820000  33.82623216470588
0.01822000  33.853030651764705
0.01824000  33.87982913882353
0.01826000  33.90662762588235
0.01828000  33.93342611294118
0.01830000  33.9602246
0.01832000  33.98702308705882
0.01834000  34.01382157411765
0.01836000  34.04062006117647
0.01838000  34.067418548235295
0.01840000  34.094217035294115
0.01842000  34.12101552235294
0.01844000  34.14781400941176
0.01846000  34.17461249647059
0.01848000  34.201410983529414
0.01850000  34.22820947058823
0.01852000  34.25500795764706
0.01854000  34.28180644470588
0.01856000  34.308604931764705
0.01858000  34.33540341882353
0.01860000  34.36220190588235
0.01862000  34.38900039294118
0.01864000  34.41579888
0.01866000  34.44259736705882
0.01868000  34.46939585411764
0.01870000  34.49619434117647
0.01872000  34.522992828235296
0.01874000  34.549791315294115
0.01876000  34.57658980235294
0.01878000  34.60338828941176
0.01880000  34.63018677647059
0.01882000  34.656985263529414
0.01884000  34.68378375058823
0.01886000  34.71058223764706
0.01888000  34.73738072470588
0.01890000  34.764179211764706
0.01892000  34.790977698823525
0.01894000  34.81777618588235
0.01896000  34.84457467294118
0.01898000  34.87137316
0.01900000  34.898171647058824
0.01902000  34.92497013411764
0.01904000  34.95176862117647
0.01906000  34.978567108235296
0.01908000  35.005365595294116
0.01910000  35.03216408235294
0.01912000  35.05896256941176
0.01914000  35.08576105647059
0.01916000  35.112559543529414
0.01918000  35.139358030588234
0.01920000  35.16615651764706
0.01922000  35.19295500470588
0.01924000  35.219753491764706
0.01926000  35.246551978823526
0.01928000  35.27335046588235
0.01930000  35.30014895294118
0.01932000  35.32694744
0.01934000  35.353745927058824
0.01936000  35.380544414117644
0.01938000  35.40734290117647
0.01940000  35.4341413882353
0.01942000  35.460939875294116
0.01944000  35.48773836235294
0.01946000  35.51453684941176
0.01948000  35.54133533647059
0.01950000  35.56813382352941
0.01952000  35.594932310588234
0.01954000  35.62173079764706
0.01956000  35.64852928470588
0.01958000  35.67532777176471
0.01960000  35.702126258823526
0.01962000  35.72892474588235
0.01964000  35.75572323294118
0.01966000  35.78252172
0.01968000  35.809320207058825
0.01970000  35.836118694117644
0.01972000  35.86291718117647
0.01974000  35.88971566823529
0.01976000  35.91651415529412
0.01978000  35.94331264235294
0.01980000  35.97011112941176
0.01982000  35.99690961647059
0.01984000  36.02370810352941
0.01986000  36.050506590588235
0.01988000  36.07730507764706
0.01990000  36.10410356470588
0.01992000  36.13090205176471
0.01994000  36.157700538823526
0.01996000  36.18449902588235
0.01998000  36.21129751294117
0.02000000  36.238096
0.02002000  36.471015
0.02004000  36.686197
0.02006000  36.885347
0.02008000  37.070491
0.02010000  37.253739
0.02012000  37.473539
0.02014000  37.769581
0.02016000  38.169698
0.02018000  38.707298
0.02020000  39.420668
0.02022000  40.401049
0.02024000  41.92273
0.02026000  44.349615
0.02028000  48.199344
0.02030000  54.31763
0.02032000  64.148492
0.02034000  80.168023
0.02036000  106.531633
0.02038000  148.781152
0.02040000  210.870028
0.02042000  298.120312
0.02044000  428.148265
0.02046000  655.270979
0.02048000  1140.656444
0.02050000  2277.707471
0.02052000  4532.27769
0.02054000  7944.554167
0.02056000  11298.06544
0.02058000  12613.87033
0.02060000  10619.956921
0.02062000  6688.733973
0.02064000  3381.832485
0.02066000  1563.512604
0.02068000  753.460387
0.02070000  397.047434
0.02072000  227.596198
0.02074000  139.934296
0.02076000  91.154804
0.02078000  62.524114
0.02080000  45.204055
0.02082000  34.495951
0.02084000  27.716507
0.02086000  23.306806
0.02088000  20.359595
0.02090000  18.341624
0.02092000  16.931102
0.02094000  15.928845
0.02096000  15.207785
0.02098000  14.683808
0.02100000  14.300439
0.02102000  14.018818
0.02104000  13.811629
0.02106000  13.659309
0.02108000  13.547854
0.02110000  13.466718
0.02112000  13.408056
0.02114000  13.366325
0.02116000  13.337228
0.02118000  13.317742
0.02120000  13.305532
0.02122000  13.298835
0.02124000  13.296176
0.02126000  13.296726
0.02128000  13.299477
0.02130000  13.30388
0.02132000  13.309387
0.02134000  13.315538
0.02136000  13.321876
0.02138000  13.328125
0.02140000  13.334101
0.02142000  13.339619
0.02144000  13.344772
0.02146000  13.349559
0.02148000  13.354071
0.02150000  13.358216
0.02152000  13.361994
0.02154000  13.365496
0.02156000  13.368815
0.02158000  13.371857
0.02160000  13.374624
0.02162000  13.3773
0.02164000  13.379883
0.02166000  13.382282
0.02168000  13.38459
0.02170000  13.386805
0.02172000  13.389021
0.02174000  13.391145
0.02176000  13.393177
0.02178000  13.395117
0.02180000  13.397057
0.02182000  13.398998
0.02184000  13.400846
0.02186000  13.402602
0.02188000  13.404451
0.02190000  13.406207
0.02192000  13.407872
0.02194000  13.409536
0.02196000  13.411201
0.02198000  13.412773
0.02200000  13.414346
0.02202000  13.415919
0.02204000  13.417399
0.02206000  13.41888
0.02208000  13.420361
0.02210000  13.421749
0.02212000  13.423137
0.02214000  13.424526
0.02216000  13.425822
0.02218000  13.427119
0.02220000  13.428415
0.02222000  13.429619
0.02224000  13.430823
0.02226000  13.432027
0.02228000  13.433232
0.02230000  13.434344
0.02232000  13.435455
0.02234000  13.436567
0.02236000  13.437587
0.02238000  13.438606
0.02240000  13.439626
0.02242000  13.440645
0.02244000  13.441572
0.02246000  13.442499
0.02248000  13.443426
0.02250000  13.444261
0.02252000  13.445095
0.02254000  13.44593
0.02256000  13.446764
0.02258000  13.447506
0.02260000  13.448341
0.02262000  13.449083
0.02264000  13.449732
0.02266000  13.450474
0.02268000  13.451124
0.02270000  13.451773
0.02272000  13.452423
0.02274000  13.453072
0.02276000  13.453629
0.02278000  13.454185
0.02280000  13.454742
0.02282000  13.455299
0.02284000  13.455856
0.02286000  13.45632
0.02288000  13.456784
0.02290000  13.457248
0.02292000  13.457712
0.02294000  13.458176
0.02296000  13.458547
0.02298000  13.458918
0.02300000  13.459382
0.02302000  13.486180487058823
0.02304000  13.512978974117647
0.02306000  13.53977746117647
0.02308000  13.566575948235293
0.02310000  13.593374435294118
0.02312000  13.62017292235294
0.02314000  13.646971409411764
0.02316000  13.673769896470588
0.02318000  13.700568383529411
0.02320000  13.727366870588234
0.02322000  13.754165357647059
0.02324000  13.780963844705882
0.02326000  13.807762331764705
0.02328000  13.83456081882353
0.02330000  13.861359305882353
0.02332000  13.888157792941175
0.02334000  13.91495628
0.02336000  13.941754767058823
0.02338000  13.968553254117646
0.02340000  13.99535174117647
0.02342000  14.022150228235294
0.02344000  14.048948715294117
0.02346000  14.075747202352941
0.02348000  14.102545689411764
0.02350000  14.129344176470587
0.02352000  14.156142663529412
0.02354000  14.182941150588235
0.02356000  14.209739637647058
0.02358000  14.236538124705882
0.02360000  14.263336611764705
0.02362000  14.29013509882353
0.02364000  14.316933585882353
0.02366000  14.343732072941176
0.02368000  14.370530559999999
0.02370000  14.397329047058824
0.02372000  14.424127534117646
0.02374000  14.450926021176471
0.02376000  14.477724508235294
0.02378000  14.504522995294117
0.02380000  14.53132148235294
0.02382000  14.558119969411765
0.02384000  14.584918456470588
0.02386000  14.611716943529412
0.02388000  14.638515430588235
0.02390000  14.665313917647058
0.02392000  14.692112404705881
0.02394000  14.718910891764706
0.02396000  14.745709378823529
0.02398000  14.772507865882353
0.02400000  14.799306352941176
0.02402000  14.82610484
0.02404000  14.852903327058824
0.02406000  14.879701814117647
0.02408000  14.90650030117647
0.02410000  14.933298788235295
0.02412000  14.960097275294117
0.02414000  14.98689576235294
0.02416000  15.013694249411765
0.02418000  15.040492736470588
0.02420000  15.067291223529411
0.02422000  15.094089710588236
0.02424000  15.120888197647059
0.02426000  15.147686684705882
0.02428000  15.174485171764706
0.02430000  15.20128365882353
0.02432000  15.228082145882352
0.02434000  15.254880632941177
0.02436000  15.28167912
0.02438000  15.308477607058823
0.02440000  15.335276094117647
0.02442000  15.36207458117647
0.02444000  15.388873068235293
0.02446000  15.415671555294118
0.02448000  15.44247004235294
0.02450000  15.469268529411764
0.02452000  15.496067016470588
0.02454000  15.522865503529411
0.02456000  15.549663990588234
0.02458000  15.576462477647059
0.02460000  15.603260964705882
0.02462000  15.630059451764705
0.02464000  15.65685793882353
0.02466000  15.683656425882353
0.02468000  15.710454912941177
0.02470000  15.7372534
0.02472000  15.764051887058823
0.02474000  15.790850374117646
0.02476000  15.81764886117647
0.02478000  15.844447348235294
0.02480000  15.871245835294118
0.02482000  15.898044322352941
0.02484000  15.924842809411764
0.02486000  15.951641296470587
0.02488000  15.978439783529412
0.02490000  16.005238270588237
0.02492000  16.03203675764706
0.02494000  16.058835244705882
0.02496000  16.085633731764705
0.02498000  16.11243221882353
0.02500000  16.13923070588235
0.02502000  16.166029192941178
0.02504000  16.19282768
0.02506000  16.219626167058824
0.02508000  16.246424654117646
0.02510000  16.27322314117647
0.02512000  16.300021628235292
0.02514000  16.32682011529412
0.02516000  16.35361860235294
0.02518000  16.380417089411765
0.02520000  16.407215576470588
0.02522000  16.43401406352941
0.02524000  16.460812550588233
0.02526000  16.48761103764706
0.02528000  16.514409524705883
0.02530000  16.541208011764706
0.02532000  16.56800649882353
0.02534000  16.59480498588235
0.02536000  16.621603472941175
0.02538000  16.64840196
0.02540000  16.675200447058824
0.02542000  16.701998934117647
0.02544000  16.72879742117647
0.02546000  16.755595908235293
0.02548000  16.78239439529412
0.02550000  16.809192882352942
0.02552000  16.835991369411765
0.02554000  16.862789856470588
0.02556000  16.88958834352941
0.02558000  16.916386830588234
0.02560000  16.943185317647057
0.02562000  16.969983804705883
0.02564000  16.996782291764706
0.02566000  17.02358077882353
0.02568000  17.050379265882352
0.02570000  17.077177752941175
0.02572000  17.10397624
0.02574000  17.130774727058824
0.02576000  17.157573214117647
0.02578000  17.18437170117647
0.02580000  17.211170188235293
0.02582000  17.237968675294116
0.02584000  17.26476716235294
0.02586000  17.291565649411766
0.02588000  17.31836413647059
0.02590000  17.34516262352941
0.02592000  17.371961110588234
0.02594000  17.398759597647057
0.02596000  17.425558084705884
0.02598000  17.452356571764707
0.02600000  17.47915505882353
0.02602000  17.505953545882353
0.02604000  17.532752032941175
0.02606000  17.55955052
0.02608000  17.58634900705882
0.02610000  17.613147494117648
0.02612000  17.63994598117647
0.02614000  17.666744468235294
0.02616000  17.693542955294117
0.02618000  17.72034144235294
0.02620000  17.747139929411766
0.02622000  17.77393841647059
0.02624000  17.800736903529412
0.02626000  17.827535390588235
0.02628000  17.854333877647058
0.02630000  17.881132364705884
0.02632000  17.907930851764704
0.02634000  17.93472933882353
0.02636000  17.961527825882353
0.02638000  17.988326312941176
0.02640000  18.0151248
0.02642000  18.04192328705882
0.02644000  18.06872177411765
0.02646000  18.09552026117647
0.02648000  18.122318748235294
0.02650000  18.149117235294117
0.02652000  18.17591572235294
0.02654000  18.202714209411766
0.02656000  18.229512696470586
0.02658000  18.256311183529412
0.02660000  18.283109670588235
0.02662000  18.309908157647058
0.02664000  18.33670664470588
0.02666000  18.363505131764704
0.02668000  18.39030361882353
0.02670000  18.417102105882353
0.02672000  18.443900592941176
0.02674000  18.47069908
0.02676000  18.497497567058822
0.02678000  18.52429605411765
0.02680000  18.551094541176468
0.02682000  18.577893028235295
0.02684000  18.604691515294117
0.02686000  18.63149000235294
0.02688000  18.658288489411763
0.02690000  18.685086976470586
0.02692000  18.711885463529413
0.02694000  18.738683950588236
0.02696000  18.76548243764706
0.02698000  18.79228092470588
0.02700000  18.819079411764704
0.02702000  18.84587789882353
0.02704000  18.872676385882354
0.02706000  18.899474872941177
0.02708000  18.92627336
0.02710000  18.953071847058823
0.02712000  18.979870334117646
0.02714000  19.00666882117647
0.02716000  19.033467308235295
0.02718000  19.060265795294118
0.02720000  19.08706428235294
0.02722000  19.113862769411764
0.02724000  19.140661256470587
0.02726000  19.167459743529413
0.02728000  19.194258230588236
0.02730000  19.22105671764706
0.02732000  19.247855204705882
0.02734000  19.274653691764705
0.02736000  19.301452178823528
0.02738000  19.32825066588235
0.02740000  19.355049152941177
0.02742000  19.38184764
0.02744000  19.408646127058823
0.02746000  19.435444614117646
0.02748000  19.46224310117647
0.02750000  19.489041588235295
0.02752000  19.51584007529412
0.02754000  19.54263856235294
0.02756000  19.569437049411764
0.02758000  19.596235536470587
0.02760000  19.62303402352941
0.02762000  19.649832510588233
0.02764000  19.67663099764706
0.02766000  19.703429484705882
0.02768000  19.730227971764705
0.02770000  19.75702645882353
0.02772000  19.78382494588235
0.02774000  19.810623432941178
0.02776000  19.83742192
0.02778000  19.864220407058824
0.02780000  19.891018894117646
0.02782000  19.91781738117647
0.02784000  19.944615868235296
0.02786000  19.971414355294115
0.02788000  19.99821284235294
0.02790000  20.025011329411765
0.02792000  20.051809816470588
0.02794000  20.07860830352941
0.02796000  20.105406790588233
0.02798000  20.13220527764706
0.02800000  20.159003764705883
0.02802000  20.185802251764706
0.02804000  20.21260073882353
0.02806000  20.23939922588235
0.02808000  20.266197712941178
0.02810000  20.292996199999997
0.02812000  20.319794687058824
0.02814000  20.346593174117647
0.02816000  20.37339166117647
0.02818000  20.400190148235293
0.02820000  20.426988635294116
0.02822000  20.453787122352942
0.02824000  20.480585609411765
0.02826000  20.507384096470588
0.02828000  20.53418258352941
0.02830000  20.560981070588234
0.02832000  20.58777955764706
0.02834000  20.61457804470588
0.02836000  20.641376531764706
0.02838000  20.66817501882353
0.02840000  20.694973505882352
0.02842000  20.721771992941175
0.02844000  20.748570479999998
0.02846000  20.775368967058824
0.02848000  20.802167454117647
0.02850000  20.82896594117647
0.02852000  20.855764428235293
0.02854000  20.882562915294116
0.02856000  20.909361402352943
0.02858000  20.936159889411766
0.02860000  20.96295837647059
0.02862000  20.98975686352941
0.02864000  21.016555350588234
0.02866000  21.043353837647057
0.02868000  21.07015232470588
0.02870000  21.096950811764707
0.02872000  21.12374929882353
0.02874000  21.150547785882353
0.02876000  21.177346272941175
0.02878000  21.20414476
0.02880000  21.230943247058825
0.02882000  21.257741734117648
0.02884000  21.28454022117647
0.02886000  21.311338708235294
0.02888000  21.338137195294117
0.02890000  21.36493568235294
0.02892000  21.391734169411762
0.02894000  21.41853265647059
0.02896000  21.445331143529412
0.02898000  21.472129630588235
0.02900000  21.498928117647058
0.02902000  21.52572660470588
0.02904000  21.552525091764707
0.02906000  21.579323578823526
0.02908000  21.606122065882353
0.02910000  21.632920552941176
0.02912000  21.65971904
0.02914000  21.686517527058825
0.02916000  21.713316014117645
0.02918000  21.74011450117647
0.02920000  21.766912988235294
0.02922000  21.793711475294117
0.02924000  21.82050996235294
0.02926000  21.847308449411763
0.02928000  21.87410693647059
0.02930000  21.90090542352941
0.02932000  21.927703910588235
0.02934000  21.954502397647058
0.02936000  21.98130088470588
0.02938000  22.008099371764708
0.02940000  22.034897858823527
0.02942000  22.061696345882353
0.02944000  22.088494832941176
0.02946000  22.11529332
0.02948000  22.142091807058822
0.02950000  22.168890294117645
0.02952000  22.19568878117647
0.02954000  22.22248726823529
0.02956000  22.249285755294117
0.02958000  22.27608424235294
0.02960000  22.302882729411763
0.02962000  22.32968121647059
0.02964000  22.35647970352941
0.02966000  22.383278190588236
0.02968000  22.41007667764706
0.02970000  22.43687516470588
0.02972000  22.463673651764708
0.02974000  22.490472138823527
0.02976000  22.517270625882354
0.02978000  22.544069112941177
0.02980000  22.5708676
0.02982000  22.597666087058823
0.02984000  22.624464574117646
0.02986000  22.651263061176472
0.02988000  22.67806154823529
0.02990000  22.704860035294118
0.02992000  22.73165852235294
0.02994000  22.758457009411764
0.02996000  22.78525549647059
0.02998000  22.81205398352941
0.03000000  22.838852470588236
0.03002000  22.86565095764706
0.03004000  22.892449444705882
0.03006000  22.919247931764705
0.03008000  22.946046418823528
0.03010000  22.972844905882354
0.03012000  22.999643392941174
0.03014000  23.02644188
0.03016000  23.053240367058823
0.03018000  23.080038854117646
0.03020000  23.106837341176472
0.03022000  23.133635828235292
0.03024000  23.16043431529412
0.03026000  23.18723280235294
0.03028000  23.214031289411764
0.03030000  23.240829776470587
0.03032000  23.26762826352941
0.03034000  23.294426750588237
0.03036000  23.321225237647056
0.03038000  23.348023724705882
0.03040000  23.374822211764705
0.03042000  23.40162069882353
0.03044000  23.428419185882355
0.03046000  23.455217672941174
0.03048000  23.48201616
0.03050000  23.508814647058824
0.03052000  23.535613134117646
0.03054000  23.56241162117647
0.03056000  23.589210108235292
0.03058000  23.61600859529412
0.03060000  23.642807082352938
0.03062000  23.669605569411765
0.03064000  23.696404056470588
0.03066000  23.72320254352941
0.03068000  23.750001030588237
0.03070000  23.776799517647056
0.03072000  23.803598004705883
0.03074000  23.830396491764706
0.03076000  23.85719497882353
0.03078000  23.88399346588235
0.03080000  23.910791952941175
0.03082000  23.93759044
0.03084000  23.96438892705882
0.03086000  23.991187414117647
0.03088000  24.01798590117647
0.03090000  24.044784388235293
0.03092000  24.07158287529412
0.03094000  24.09838136235294
0.03096000  24.125179849411765
0.03098000  24.151978336470588
0.03100000  24.17877682352941
0.03102000  24.205575310588234
0.03104000  24.232373797647057
0.03106000  24.259172284705883
0.03108000  24.285970771764706
0.03110000  24.31276925882353
0.03112000  24.339567745882352
0.03114000  24.366366232941175
0.03116000  24.39316472
0.03118000  24.41996320705882
0.03120000  24.446761694117647
0.03122000  24.47356018117647
0.03124000  24.500358668235293
0.03126000  24.52715715529412
0.03128000  24.55395564235294
0.03130000  24.580754129411766
0.03132000  24.60755261647059
0.03134000  24.63435110352941
0.03136000  24.661149590588234
0.03138000  24.687948077647057
0.03140000  24.714746564705884
0.03142000  24.741545051764703
0.03144000  24.76834353882353
0.03146000  24.795142025882352
0.03148000  24.821940512941175
0.03150000  24.848739000000002
0.03152000  24.87553748705882
0.03154000  24.902335974117648
0.03156000  24.92913446117647
0.03158000  24.955932948235294
0.03160000  24.982731435294117
0.03162000  25.00952992235294
0.03164000  25.036328409411766
0.03166000  25.063126896470585
0.03168000  25.089925383529412
0.03170000  25.116723870588235
0.03172000  25.143522357647058
0.03174000  25.170320844705884
0.03176000  25.197119331764704
0.03178000  25.22391781882353
0.03180000  25.250716305882353
0.03182000  25.277514792941176
0.03184000  25.30431328
0.03186000  25.33111176705882
0.03188000  25.357910254117648
0.03190000  25.384708741176468
0.03192000  25.411507228235294
0.03194000  25.438305715294117
0.03196000  25.46510420235294
0.03198000  25.491902689411766
0.03200000  25.518701176470586
0.03202000  25.545499663529412
0.03204000  25.572298150588235
0.03206000  25.599096637647058
0.03208000  25.62589512470588
0.03210000  25.652693611764704
0.03212000  25.67949209882353
0.03214000  25.70629058588235
0.03216000  25.733089072941176
0.03218000  25.75988756
0.03220000  25.786686047058822
0.03222000  25.81348453411765
0.03224000  25.840283021176468
0.03226000  25.867081508235295
0.03228000  25.893879995294117
0.03230000  25.92067848235294
0.03232000  25.947476969411763
0.03234000  25.974275456470586
0.03236000  26.001073943529413
0.03238000  26.027872430588232
0.03240000  26.05467091764706
0.03242000  26.08146940470588
0.03244000  26.108267891764704
0.03246000  26.13506637882353
0.03248000  26.16186486588235
0.03250000  26.188663352941177
0.03252000  26.21546184
0.03254000  26.242260327058823
0.03256000  26.26905881411765
0.03258000  26.29585730117647
0.03260000  26.322655788235295
0.03262000  26.349454275294118
0.03264000  26.37625276235294
0.03266000  26.403051249411764
0.03268000  26.429849736470587
0.03270000  26.456648223529413
0.03272000  26.483446710588233
0.03274000  26.51024519764706
0.03276000  26.537043684705882
0.03278000  26.563842171764705
0.03280000  26.59064065882353
0.03282000  26.61743914588235
0.03284000  26.644237632941177
0.03286000  26.67103612
0.03288000  26.697834607058823
0.03290000  26.724633094117646
0.03292000  26.75143158117647
0.03294000  26.778230068235295
0.03296000  26.805028555294115
0.03298000  26.83182704235294
0.03300000  26.858625529411764
0.03302000  26.885424016470587
0.03304000  26.912222503529414
0.03306000  26.939020990588233
0.03308000  26.96581947764706
0.03310000  26.992617964705882
0.03312000  27.019416451764705
0.03314000  27.04621493882353
0.03316000  27.07301342588235
0.03318000  27.099811912941178
0.03320000  27.126610399999997
0.03322000  27.153408887058823
0.03324000  27.180207374117646
0.03326000  27.20700586117647
0.03328000  27.233804348235296
0.03330000  27.260602835294115
0.03332000  27.28740132235294
0.03334000  27.314199809411765
0.03336000  27.340998296470588
0.03338000  27.36779678352941
0.03340000  27.394595270588233
0.03342000  27.42139375764706
0.03344000  27.44819224470588
0.03346000  27.474990731764706
0.03348000  27.50178921882353
0.03350000  27.52858770588235
0.03352000  27.555386192941178
0.03354000  27.582184679999997
0.03356000  27.608983167058824
0.03358000  27.635781654117647
0.03360000  27.66258014117647
0.03362000  27.689378628235293
0.03364000  27.716177115294116
0.03366000  27.742975602352942
0.03368000  27.76977408941176
0.03370000  27.796572576470588
0.03372000  27.82337106352941
0.03374000  27.850169550588234
0.03376000  27.87696803764706
0.03378000  27.90376652470588
0.03380000  27.930565011764706
0.03382000  27.95736349882353
0.03384000  27.984161985882352
0.03386000  28.010960472941175
0.03388000  28.037758959999998
0.03390000  28.064557447058824
0.03392000  28.091355934117644
0.03394000  28.11815442117647
0.03396000  28.144952908235293
0.03398000  28.171751395294116
0.03400000  28.198549882352943
0.03402000  28.225348369411762
0.03404000  28.25214685647059
0.03406000  28.27894534352941
0.03408000  28.305743830588234
0.03410000  28.33254231764706
0.03412000  28.35934080470588
0.03414000  28.386139291764707
0.03416000  28.41293777882353
0.03418000  28.439736265882352
0.03420000  28.466534752941175
0.03422000  28.49333324
0.03424000  28.520131727058825
0.03426000  28.546930214117644
0.03428000  28.57372870117647
0.03430000  28.600527188235294
0.03432000  28.627325675294117
0.03434000  28.654124162352943
0.03436000  28.680922649411762
0.03438000  28.70772113647059
0.03440000  28.734519623529412
0.03442000  28.761318110588235
0.03444000  28.788116597647058
0.03446000  28.81491508470588
0.03448000  28.841713571764707
0.03450000  28.868512058823526
0.03452000  28.895310545882353
0.03454000  28.922109032941176
0.03456000  28.94890752
0.03458000  28.975706007058825
0.03460000  29.002504494117645
0.03462000  29.02930298117647
0.03464000  29.056101468235294
0.03466000  29.082899955294117
0.03468000  29.10969844235294
0.03470000  29.136496929411763
0.03472000  29.16329541647059
0.03474000  29.19009390352941
0.03476000  29.216892390588235
0.03478000  29.243690877647058
0.03480000  29.27048936470588
0.03482000  29.297287851764708
0.03484000  29.324086338823527
0.03486000  29.350884825882353
0.03488000  29.377683312941176
0.03490000  29.4044818
0.03492000  29.431280287058822
0.03494000  29.458078774117645
0.03496000  29.48487726117647
0.03498000  29.51167574823529
0.03500000  29.538474235294117
0.03502000  29.565272722352944
0.03504000  29.592071209411763
0.03506000  29.61886969647059
0.03508000  29.64566818352941
0.03510000  29.672466670588236
0.03512000  29.699265157647055
0.03514000  29.72606364470588
0.03516000  29.752862131764708
0.03518000  29.779660618823527
0.03520000  29.806459105882354
0.03522000  29.833257592941173
0.03524000  29.86005608
0.03526000  29.886854567058826
0.03528000  29.913653054117646
0.03530000  29.940451541176472
0.03532000  29.96725002823529
0.03534000  29.994048515294118
0.03536000  30.020847002352937
0.03538000  30.047645489411764
0.03540000  30.07444397647059
0.03542000  30.10124246352941
0.03544000  30.128040950588236
0.03546000  30.154839437647055
0.03548000  30.181637924705882
0.03550000  30.20843641176471
0.03552000  30.235234898823528
0.03554000  30.262033385882354
0.03556000  30.288831872941174
0.03558000  30.31563036
0.03560000  30.34242884705882
0.03562000  30.369227334117646
0.03564000  30.396025821176472
0.03566000  30.422824308235292
0.03568000  30.44962279529412
0.03570000  30.476421282352938
0.03572000  30.503219769411764
0.03574000  30.53001825647059
0.03576000  30.55681674352941
0.03578000  30.583615230588236
0.03580000  30.610413717647056
0.03582000  30.637212204705882
0.03584000  30.6640106917647
0.03586000  30.690809178823528
0.03588000  30.717607665882355
0.03590000  30.744406152941174
0.03592000  30.77120464
0.03594000  30.79800312705882
0.03596000  30.824801614117646
0.03598000  30.851600101176473
0.03600000  30.878398588235292
0.03602000  30.90519707529412
0.03604000  30.931995562352938
0.03606000  30.958794049411765
0.03608000  30.985592536470584
0.03610000  31.01239102352941
0.03612000  31.039189510588237
0.03614000  31.065987997647056
0.03616000  31.092786484705883
0.03618000  31.119584971764702
0.03620000  31.14638345882353
0.03622000  31.173181945882355
0.03624000  31.199980432941175
0.03626000  31.22677892
0.03628000  31.25357740705882
0.03630000  31.280375894117647
0.03632000  31.307174381176473
0.03634000  31.333972868235293
0.03636000  31.36077135529412
0.03638000  31.38756984235294
0.03640000  31.414368329411765
0.03642000  31.441166816470584
0.03644000  31.46796530352941
0.03646000  31.494763790588237
0.03648000  31.521562277647057
0.03650000  31.548360764705883
0.03652000  31.575159251764703
0.03654000  31.60195773882353
0.03656000  31.628756225882356
0.03658000  31.655554712941175
0.03660000  31.6823532
0.03662000  31.70915168705882
0.03664000  31.735950174117647
0.03666000  31.762748661176467
0.03668000  31.789547148235293
0.03670000  31.81634563529412
0.03672000  31.84314412235294
0.03674000  31.869942609411765
0.03676000  31.896741096470585
0.03678000  31.92353958352941
0.03680000  31.950338070588238
0.03682000  31.977136557647057
0.03684000  32.003935044705884
0.03686000  32.0307335317647
0.03688000  32.05753201882353
0.03690000  32.08433050588235
0.03692000  32.111128992941175
0.03694000  32.13792748
0.03696000  32.16472596705882
0.03698000  32.19152445411765
0.03700000  32.21832294117647
0.03702000  32.245121428235294
0.03704000  32.27191991529412
0.03706000  32.29871840235294
0.03708000  32.325516889411766
0.03710000  32.352315376470585
0.03712000  32.37911386352941
0.03714000  32.40591235058823
0.03716000  32.43271083764706
0.03718000  32.459509324705884
0.03720000  32.4863078117647
0.03722000  32.51310629882353
0.03724000  32.53990478588235
0.03726000  32.566703272941176
0.03728000  32.59350176
0.03730000  32.62030024705882
0.03732000  32.64709873411765
0.03734000  32.67389722117647
0.03736000  32.700695708235294
0.03738000  32.72749419529411
0.03740000  32.75429268235294
0.03742000  32.781091169411766
0.03744000  32.807889656470586
0.03746000  32.83468814352941
0.03748000  32.86148663058823
0.03750000  32.88828511764706
0.03752000  32.915083604705885
0.03754000  32.941882091764704
0.03756000  32.96868057882353
0.03758000  32.99547906588235
0.03760000  33.022277552941176
0.03762000  33.049076039999996
0.03764000  33.07587452705882
0.03766000  33.10267301411765
0.03768000  33.12947150117647
0.03770000  33.156269988235294
0.03772000  33.183068475294114
0.03774000  33.20986696235294
0.03776000  33.23666544941177
0.03778000  33.263463936470586
0.03780000  33.29026242352941
0.03782000  33.31706091058823
0.03784000  33.34385939764706
0.03786000  33.370657884705885
0.03788000  33.397456371764704
0.03790000  33.42425485882353
0.03792000  33.45105334588235
0.03794000  33.47785183294118
0.03796000  33.504650319999996
0.03798000  33.53144880705882
0.03800000  33.55824729411765
0.03802000  33.58504578117647
0.03804000  33.611844268235295
0.03806000  33.638642755294114
0.03808000  33.66544124235294
0.03810000  33.69223972941177
0.03812000  33.71903821647059
0.03814000  33.74583670352941
0.03816000  33.77263519058823
0.03818000  33.79943367764706
0.03820000  33.82623216470588
0.03822000  33.853030651764705
0.03824000  33.87982913882353
0.03826000  33.90662762588235
0.03828000  33.93342611294118
0.03830000  33.9602246
0.03832000  33.98702308705882
0.03834000  34.01382157411765
0.03836000  34.04062006117647
0.03838000  34.067418548235295
0.03840000  34.094217035294115
0.03842000  34.12101552235294
0.03844000  34.14781400941176
0.03846000  34.17461249647059
0.03848000  34.201410983529414
0.03850000  34.22820947058823
0.03852000  34.25500795764706
0.03854000  34.28180644470588
0.03856000  34.308604931764705
0.03858000  34.33540341882353
0.03860000  34.36220190588235
0.03862000  34.38900039294118
0.03864000  34.41579888
0.03866000  34.44259736705882
0.03868000  34.46939585411764
0.03870000  34.49619434117647
0.03872000  34.522992828235296
0.03874000  34.549791315294115
0.03876000  34.57658980235294
0.03878000  34.60338828941176
0.03880000  34.63018677647059
0.03882000  34.656985263529414
0.03884000  34.68378375058823
0.03886000  34.71058223764706
0.03888000  34.73738072470588
0.03890000  34.764179211764706
0.03892000  34.790977698823525
0.03894000  34.81777618588235
0.03896000  34.84457467294118
0.03898000  34.87137316
0.03900000  34.898171647058824
0.03902000  34.92497013411764
0.03904000  34.95176862117647
0.03906000  34.978567108235296
0.03908000  35.005365595294116
0.03910000  35.03216408235294
0.03912000  35.05896256941176
0.03914000  35.08576105647059
0.03916000  35.112559543529414
0.03918000  35.139358030588234
0.03920000  35.16615651764706
0.03922000  35.19295500470588
0.03924000  35.219753491764706
0.03926000  35.246551978823526
0.03928000  35.27335046588235
0.03930000  35.30014895294118
0.03932000  35.32694744
0.03934000  35.353745927058824
0.03936000  35.380544414117644
0.03938000  35.40734290117647
0.03940000  35.4341413882353
0.03942000  35.460939875294116
0.03944000  35.48773836235294
0.03946000  35.51453684941176
0.03948000  35.54133533647059
0.03950000  35.56813382352941
0.03952000  35.594932310588234
0.03954000  35.62173079764706
0.03956000  35.64852928470588
0.03958000  35.67532777176471
0.03960000  35.702126258823526
0.03962000  35.72892474588235
0.03964000  35.75572323294118
0.03966000  35.78252172
0.03968000  35.809320207058825
0.03970000  35.836118694117644
0.03972000  35.86291718117647
0.03974000  35.88971566823529
0.03976000  35.91651415529412
0.03978000  35.94331264235294
0.03980000  35.97011112941176
0.03982000  35.99690961647059
0.03984000  36.02370810352941
0.03986000  36.050506590588235
0.03988000  36.07730507764706
0.03990000  36.10410356470588
0.03992000  36.13090205176471
0.03994000  36.157700538823526
0.03996000  36.18449902588235
0.03998000  36.21129751294117
0.04000000  36.238096
0.04002000  36.471015
0.04004000  36.686197
0.04006000  36.885347
0.04008000  37.070491
0.04010000  37.253739
0.04012000  37.473539
0.04014000  37.769581
0.04016000  38.169698
0.04018000  38.707298
0.04020000  39.420668
0.04022000  40.401049
0.04024000  41.92273
0.04026000  44.349615
0.04028000  48.199344
0.04030000  54.31763
0.04032000  64.148492
0.04034000  80.168023
0.04036000  106.531633
0.04038000  148.781152
0.04040000  210.870028
0.04042000  298.120312
0.04044000  428.148265
0.04046000  655.270979
0.04048000  1140.656444
0.04050000  2277.707471
0.04052000  4532.27769
0.04054000  7944.554167
0.04056000  11298.06544
0.04058000  12613.87033
0.04060000  10619.956921
0.04062000  6688.733973
0.04064000  3381.832485
0.04066000  1563.512604
0.04068000  753.460387
0.04070000  397.047434
0.04072000  227.596198
0.04074000  139.934296
0.04076000  91.154804
0.04078000  62.524114
0.04080000  45.204055
0.04082000  34.495951
0.04084000  27.716507
0.04086000  23.306806
0.04088000  20.359595
0.04090000  18.341624
0.04092000  16.931102
0.04094000  15.928845
0.04096000  15.207785
0.04098000  14.683808
0.04100000  14.300439
0.04102000  14.018818
0.04104000  13.811629
0.04106000  13.659309
0.04108000  13.547854
0.04110000  13.466718
0.04112000  13.408056
0.04114000  13.366325
0.04116000  13.337228
0.04118000  13.317742
0.04120000  13.305532
0.04122000  13.298835
0.04124000  13.296176
0.04126000  13.296726
0.04128000  13.299477
0.04130000  13.30388
0.04132000  13.309387
0.04134000  13.315538
0.04136000  13.321876
0.04138000  13.328125
0.04140000  13.334101
0.04142000  13.339619
0.04144000  13.344772
0.04146000  13.349559
0.04148000  13.354071
0.04150000  13.358216
0.04152000  13.361994
0.04154000  13.365496
0.04156000  13.368815
0.04158000  13.371857
0.04160000  13.374624
0.04162000  13.3773
0.04164000  13.379883
0.04166000  13.382282
0.04168000  13.38459
0.04170000  13.386805
0.04172000  13.389021
0.04174000  13.391145
0.04176000  13.393177
0.04178000  13.395117
0.04180000  13.397057
0.04182000  13.398998
0.04184000  13.400846
0.04186000  13.402602
0.04188000  13.404451
0.04190000  13.406207
0.04192000  13.407872
0.04194000  13.409536
0.04196000  13.411201
0.04198000  13.412773
0.04200000  13.414346
0.04202000  13.415919
0.04204000  13.417399
0.04206000  13.41888
0.04208000  13.420361
0.04210000  13.421749
0.04212000  13.423137
0.04214000  13.424526
0.04216000  13.425822
0.04218000  13.427119
0.04220000  13.428415
0.04222000  13.429619
0.04224000  13.430823
0.04226000  13.432027
0.04228000  13.433232
0.04230000  13.434344
0.04232000  13.435455
0.04234000  13.436567
0.04236000  13.437587
0.04238000  13.438606
0.04240000  13.439626
0.04242000  13.440645
0.04244000  13.441572
0.04246000  13.442499
0.04248000  13.443426
0.04250000  13.444261
0.04252000  13.445095
0.04254000  13.44593
0.04256000  13.446764
0.04258000  13.447506
0.04260000  13.448341
0.04262000  13.449083
0.04264000  13.449732
0.04266000  13.450474
0.04268000  13.451124
0.04270000  13.451773
0.04272000  13.452423
0.04274000  13.453072
0.04276000  13.453629
0.04278000  13.454185
0.04280000  13.454742
0.04282000  13.455299
0.04284000  13.455856
0.04286000  13.45632
0.04288000  13.456784
0.04290000  13.457248
0.04292000  13.457712
0.04294000  13.458176
0.04296000  13.458547
0.04298000  13.458918
0.04300000  13.459382
0.04302000  13.486180487058823
0.04304000  13.512978974117647
0.04306000  13.53977746117647
0.04308000  13.566575948235293
0.04310000  13.593374435294118
0.04312000  13.62017292235294
0.04314000  13.646971409411764
0.04316000  13.673769896470588
0.04318000  13.700568383529411
0.04320000  13.727366870588234
0.04322000  13.754165357647059
0.04324000  13.780963844705882
0.04326000  13.807762331764705
0.04328000  13.83456081882353
0.04330000  13.861359305882353
0.04332000  13.888157792941175
0.04334000  13.91495628
0.04336000  13.941754767058823
0.04338000  13.968553254117646
0.04340000  13.99535174117647
0.04342000  14.022150228235294
0.04344000  14.048948715294117
0.04346000  14.075747202352941
0.04348000  14.102545689411764
0.04350000  14.129344176470587
0.04352000  14.156142663529412
0.04354000  14.182941150588235
0.04356000  14.209739637647058
0.04358000  14.236538124705882
0.04360000  14.263336611764705
0.04362000  14.29013509882353
0.04364000  14.316933585882353
0.04366000  14.343732072941176
0.04368000  14.370530559999999
0.04370000  14.397329047058824
0.04372000  14.424127534117646
0.04374000  14.450926021176471
0.04376000  14.477724508235294
0.04378000  14.504522995294117
0.04380000  14.53132148235294
0.04382000  14.558119969411765
0.04384000  14.584918456470588
0.04386000  14.611716943529412
0.04388000  14.638515430588235
0.04390000  14.665313917647058
0.04392000  14.692112404705881
0.04394000  14.718910891764706
0.04396000  14.745709378823529
0.04398000  14.772507865882353
0.04400000  14.799306352941176
0.04402000  14.82610484
0.04404000  14.852903327058824
0.04406000  14.879701814117647
0.04408000  14.90650030117647
0.04410000  14.933298788235295
0.04412000  14.960097275294117
0.04414000  14.98689576235294
0.04416000  15.013694249411765
0.04418000  15.040492736470588
0.04420000  15.067291223529411
0.04422000  15.094089710588236
0.04424000  15.120888197647059
0.04426000  15.147686684705882
0.04428000  15.174485171764706
0.04430000  15.20128365882353
0.04432000  15.228082145882352
0.04434000  15.254880632941177
0.04436000  15.28167912
0.04438000  15.308477607058823
0.04440000  15.335276094117647
0.04442000  15.36207458117647
0.04444000  15.388873068235293
0.04446000  15.415671555294118
0.04448000  15.44247004235294
0.04450000  15.469268529411764
0.04452000  15.496067016470588
0.04454000  15.522865503529411
0.04456000  15.549663990588234
0.04458000  15.576462477647059
0.04460000  15.603260964705882
0.04462000  15.630059451764705
0.04464000  15.65685793882353
0.04466000  15.683656425882353
0.04468000  15.710454912941177
0.04470000  15.7372534
0.04472000  15.764051887058823
0.04474000  15.790850374117646
0.04476000  15.81764886117647
0.04478000  15.844447348235294
0.04480000  15.871245835294118
0.04482000  15.898044322352941
0.04484000  15.924842809411764
0.04486000  15.951641296470587
0.04488000  15.978439783529412
0.04490000  16.005238270588237
0.04492000  16.03203675764706
0.04494000  16.058835244705882
0.04496000  16.085633731764705
0.04498000  16.11243221882353
0.04500000  16.13923070588235
0.04502000  16.166029192941178
0.04504000  16.19282768
0.04506000  16.219626167058824
0.04508000  16.246424654117646
0.04510000  16.27322314117647
0.04512000  16.300021628235292
0.04514000  16.32682011529412
0.04516000  16.35361860235294
0.04518000  16.380417089411765
0.04520000  16.407215576470588
0.04522000  16.43401406352941
0.04524000  16.460812550588233
0.04526000  16.48761103764706
0.04528000  16.514409524705883
0.04530000  16.541208011764706
0.04532000  16.56800649882353
0.04534000  16.59480498588235
0.04536000  16.621603472941175
0.04538000  16.64840196
0.04540000  16.675200447058824
0.04542000  16.701998934117647
0.04544000  16.72879742117647
0.04546000  16.755595908235293
0.04548000  16.78239439529412
0.04550000  16.809192882352942
0.04552000  16.835991369411765
0.04554000  16.862789856470588
0.04556000  16.88958834352941
0.04558000  16.916386830588234
0.04560000  16.943185317647057
0.04562000  16.969983804705883
0.04564000  16.996782291764706
0.04566000  17.02358077882353
0.04568000  17.050379265882352
0.04570000  17.077177752941175
0.04572000  17.10397624
0.04574000  17.130774727058824
0.04576000  17.157573214117647
0.04578000  17.18437170117647
0.04580000  17.211170188235293
0.04582000  17.237968675294116
0.04584000  17.26476716235294
0.04586000  17.291565649411766
0.04588000  17.31836413647059
0.04590000  17.34516262352941
0.04592000  17.371961110588234
0.04594000  17.398759597647057
0.04596000  17.425558084705884
0.04598000  17.452356571764707
0.04600000  17.47915505882353
0.04602000  17.505953545882353
0.04604000  17.532752032941175
0.04606000  17.55955052
0.04608000  17.58634900705882
0.04610000  17.613147494117648
0.04612000  17.63994598117647
0.04614000  17.666744468235294
0.04616000  17.693542955294117
0.04618000  17.72034144235294
0.04620000  17.747139929411766
0.04622000  17.77393841647059
0.04624000  17.800736903529412
0.04626000  17.827535390588235
0.04628000  17.854333877647058
0.04630000  17.881132364705884
0.04632000  17.907930851764704
0.04634000  17.93472933882353
0.04636000  17.961527825882353
0.04638000  17.988326312941176
0.04640000  18.0151248
0.04642000  18.04192328705882
0.04644000  18.06872177411765
0.04646000  18.09552026117647
0.04648000  18.122318748235294
0.04650000  18.149117235294117
0.04652000  18.17591572235294
0.04654000  18.202714209411766
0.04656000  18.229512696470586
0.04658000  18.256311183529412
0.04660000  18.283109670588235
0.04662000  18.309908157647058
0.04664000  18.33670664470588
0.04666000  18.363505131764704
0.04668000  18.39030361882353
0.04670000  18.417102105882353
0.04672000  18.443900592941176
0.04674000  18.47069908
0.04676000  18.497497567058822
0.04678000  18.52429605411765
0.04680000  18.551094541176468
0.04682000  18.577893028235295
0.04684000  18.604691515294117
0.04686000  18.63149000235294
0.04688000  18.658288489411763
0.04690000  18.685086976470586
0.04692000  18.711885463529413
0.04694000  18.738683950588236
0.04696000  18.76548243764706
0.04698000  18.79228092470588
0.04700000  18.819079411764704
0.04702000  18.84587789882353
0.04704000  18.872676385882354
0.04706000  18.899474872941177
0.04708000  18.92627336
0.04710000  18.953071847058823
0.04712000  18.979870334117646
0.04714000  19.00666882117647
0.04716000  19.033467308235295
0.04718000  19.060265795294118
0.04720000  19.08706428235294
0.04722000  19.113862769411764
0.04724000  19.140661256470587
0.04726000  19.167459743529413
0.04728000  19.194258230588236
0.04730000  19.22105671764706
0.04732000  19.247855204705882
0.04734000  19.274653691764705
0.04736000  19.301452178823528
0.04738000  19.32825066588235
0.04740000  19.355049152941177
0.04742000  19.38184764
0.04744000  19.408646127058823
0.04746000  19.435444614117646
0.04748000  19.46224310117647
0.04750000  19.489041588235295
0.04752000  19.51584007529412
0.04754000  19.54263856235294
0.04756000  19.569437049411764
0.04758000  19.596235536470587
0.04760000  19.62303402352941
0.04762000  19.649832510588233
0.04764000  19.67663099764706
0.04766000  19.703429484705882
0.04768000  19.730227971764705
0.04770000  19.75702645882353
0.04772000  19.78382494588235
0.04774000  19.810623432941178
0.04776000  19.83742192
0.04778000  19.864220407058824
0.04780000  19.891018894117646
0.04782000  19.91781738117647
0.04784000  19.944615868235296
0.04786000  19.971414355294115
0.04788000  19.99821284235294
0.04790000  20.025011329411765
0.04792000  20.051809816470588
0.04794000  20.07860830352941
0.04796000  20.105406790588233
0.04798000  20.13220527764706
0.04800000  20.159003764705883
0.04802000  20.185802251764706
0.04804000  20.21260073882353
0.04806000  20.23939922588235
0.04808000  20.266197712941178
0.04810000  20.292996199999997
0.04812000  20.319794687058824
0.04814000  20.346593174117647
0.04816000  20.37339166117647
0.04818000  20.400190148235293
0.04820000  20.426988635294116
0.04822000  20.453787122352942
0.04824000  20.480585609411765
0.04826000  20.507384096470588
0.04828000  20.53418258352941
0.04830000  20.560981070588234
0.04832000  20.58777955764706
0.04834000  20.61457804470588
0.04836000  20.641376531764706
0.04838000  20.66817501882353
0.04840000  20.694973505882352
0.04842000  20.721771992941175
0.04844000  20.748570479999998
0.04846000  20.775368967058824
0.04848000  20.802167454117647
0.04850000  20.82896594117647
0.04852000  20.855764428235293
0.04854000  20.882562915294116
0.04856000  20.909361402352943
0.04858000  20.936159889411766
0.04860000  20.96295837647059
0.04862000  20.98975686352941
0.04864000  21.016555350588234
0.04866000  21.043353837647057
0.04868000  21.07015232470588
0.04870000  21.096950811764707
0.04872000  21.12374929882353
0.04874000  21.150547785882353
0.04876000  21.177346272941175
0.04878000  21.20414476
0.04880000  21.230943247058825
0.04882000  21.257741734117648
0.04884000  21.28454022117647
0.04886000  21.311338708235294
0.04888000  21.338137195294117
0.04890000  21.36493568235294
0.04892000  21.391734169411762
0.04894000  21.41853265647059
0.04896000  21.445331143529412
0.04898000  21.472129630588235
0.04900000  21.498928117647058
0.04902000  21.52572660470588
0.04904000  21.552525091764707
0.04906000  21.579323578823526
0.04908000  21.606122065882353
0.04910000  21.632920552941176
0.04912000  21.65971904
0.04914000  21.686517527058825
0.04916000  21.713316014117645
0.04918000  21.74011450117647
0.04920000  21.766912988235294
0.04922000  21.793711475294117
0.04924000  21.82050996235294
0.04926000  21.847308449411763
0.04928000  21.87410693647059
0.04930000  21.90090542352941
0.04932000  21.927703910588235
0.04934000  21.954502397647058
0.04936000  21.98130088470588
0.04938000  22.008099371764708
0.04940000  22.034897858823527
0.04942000  22.061696345882353
0.04944000  22.088494832941176
0.04946000  22.11529332
0.04948000  22.142091807058822
0.04950000  22.168890294117645
0.04952000  22.19568878117647
0.04954000  22.22248726823529
0.04956000  22.249285755294117
0.04958000  22.27608424235294
0.04960000  22.302882729411763
0.04962000  22.32968121647059
0.04964000  22.35647970352941
0.04966000  22.383278190588236
0.04968000  22.41007667764706
0.04970000  22.43687516470588
0.04972000  22.463673651764708
0.04974000  22.490472138823527
0.04976000  22.517270625882354
0.04978000  22.544069112941177
0.04980000  22.5708676
0.04982000  22.597666087058823
0.04984000  22.624464574117646
0.04986000  22.651263061176472
0.04988000  22.67806154823529
0.04990000  22.704860035294118
0.04992000  22.73165852235294
0.04994000  22.758457009411764
0.04996000  22.78525549647059
0.04998000  22.81205398352941
0.05000000  22.838852470588236
0.05002000  22.86565095764706
0.05004000  22.892449444705882
0.05006000  22.919247931764705
0.05008000  22.946046418823528
0.05010000  22.972844905882354
0.05012000  22.999643392941174
0.05014000  23.02644188
0.05016000  23.053240367058823
0.05018000  23.080038854117646
0.05020000  23.106837341176472
0.05022000  23.133635828235292
0.05024000  23.16043431529412
0.05026000  23.18723280235294
0.05028000  23.214031289411764
0.05030000  23.240829776470587
0.05032000  23.26762826352941
0.05034000  23.294426750588237
0.05036000  23.321225237647056
0.05038000  23.348023724705882
0.05040000  23.374822211764705
0.05042000  23.40162069882353
0.05044000  23.428419185882355
0.05046000  23.455217672941174
0.05048000  23.48201616
0.05050000  23.508814647058824
0.05052000  23.535613134117646
0.05054000  23.56241162117647
0.05056000  23.589210108235292
0.05058000  23.61600859529412
0.05060000  23.642807082352938
0.05062000  23.669605569411765
0.05064000  23.696404056470588
0.05066000  23.72320254352941
0.05068000  23.750001030588237
0.05070000  23.776799517647056
0.05072000  23.803598004705883
0.05074000  23.830396491764706
0.05076000  23.85719497882353
0.05078000  23.88399346588235
0.05080000  23.910791952941175
0.05082000  23.93759044
0.05084000  23.96438892705882
0.05086000  23.991187414117647
0.05088000  24.01798590117647
0.05090000  24.044784388235293
0.05092000  24.07158287529412
0.05094000  24.09838136235294
0.05096000  24.125179849411765
0.05098000  24.151978336470588
0.05100000  24.17877682352941
0.05102000  24.205575310588234
0.05104000  24.232373797647057
0.05106000  24.259172284705883
0.05108000  24.285970771764706
0.05110000  24.31276925882353
0.05112000  24.339567745882352
0.05114000  24.366366232941175
0.05116000  24.39316472
0.05118000  24.41996320705882
0.05120000  24.446761694117647
0.05122000  24.47356018117647
0.05124000  24.500358668235293
0.05126000  24.52715715529412
0.05128000  24.55395564235294
0.05130000  24.580754129411766
0.05132000  24.60755261647059
0.05134000  24.63435110352941
0.05136000  24.661149590588234
0.05138000  24.687948077647057
0.05140000  24.714746564705884
0.05142000  24.741545051764703
0.05144000  24.76834353882353
0.05146000  24.795142025882352
0.05148000  24.821940512941175
0.05150000  24.848739000000002
0.05152000  24.87553748705882
0.05154000  24.902335974117648
0.05156000  24.92913446117647
0.05158000  24.955932948235294
0.05160000  24.982731435294117
0.05162000  25.00952992235294
0.05164000  25.036328409411766
0.05166000  25.063126896470585
0.05168000  25.089925383529412
0.05170000  25.116723870588235
0.05172000  25.143522357647058
0.05174000  25.170320844705884
0.05176000  25.197119331764704
0.05178000  25.22391781882353
0.05180000  25.250716305882353
0.05182000  25.277514792941176
0.05184000  25.30431328
0.05186000  25.33111176705882
0.05188000  25.357910254117648
0.05190000  25.384708741176468
0.05192000  25.411507228235294
0.05194000  25.438305715294117
0.05196000  25.46510420235294
0.05198000  25.491902689411766
0.05200000  25.518701176470586
0.05202000  25.545499663529412
0.05204000  25.572298150588235
0.05206000  25.599096637647058
0.05208000  25.62589512470588
0.05210000  25.652693611764704
0.05212000  25.67949209882353
0.05214000  25.70629058588235
0.05216000  25.733089072941176
0.05218000  25.75988756
0.05220000  25.786686047058822
0.05222000  25.81348453411765
0.05224000  25.840283021176468
0.05226000  25.867081508235295
0.05228000  25.893879995294117
0.05230000  25.92067848235294
0.05232000  25.947476969411763
0.05234000  25.974275456470586
0.05236000  26.001073943529413
0.05238000  26.027872430588232
0.05240000  26.05467091764706
0.05242000  26.08146940470588
0.05244000  26.108267891764704
0.05246000  26.13506637882353
0.05248000  26.16186486588235
0.05250000  26.188663352941177
0.05252000  26.21546184
0.05254000  26.242260327058823
0.05256000  26.26905881411765
0.05258000  26.29585730117647
0.05260000  26.322655788235295
0.05262000  26.349454275294118
0.05264000  26.37625276235294
0.05266000  26.403051249411764
0.05268000  26.429849736470587
0.05270000  26.456648223529413
0.05272000  26.483446710588233
0.05274000  26.51024519764706
0.05276000  26.537043684705882
0.05278000  26.563842171764705
0.05280000  26.59064065882353
0.05282000  26.61743914588235
0.05284000  26.644237632941177
0.05286000  26.67103612
0.05288000  26.697834607058823
0.05290000  26.724633094117646
0.05292000  26.75143158117647
0.05294000  26.778230068235295
0.05296000  26.805028555294115
0.05298000  26.83182704235294
0.05300000  26.858625529411764
0.05302000  26.885424016470587
0.05304000  26.912222503529414
0.05306000  26.939020990588233
0.05308000  26.96581947764706
0.05310000  26.992617964705882
0.05312000  27.019416451764705
0.05314000  27.04621493882353
0.05316000  27.07301342588235
0.05318000  27.099811912941178
0.05320000  27.126610399999997
0.05322000  27.153408887058823
0.05324000  27.180207374117646
0.05326000  27.20700586117647
0.05328000  27.233804348235296
0.05330000  27.260602835294115
0.05332000  27.28740132235294
0.05334000  27.314199809411765
0.05336000  27.340998296470588
0.05338000  27.36779678352941
0.05340000  27.394595270588233
0.05342000  27.42139375764706
0.05344000  27.44819224470588
0.05346000  27.474990731764706
0.05348000  27.50178921882353
0.05350000  27.52858770588235
0.05352000  27.555386192941178
0.05354000  27.582184679999997
0.05356000  27.608983167058824
0.05358000  27.635781654117647
0.05360000  27.66258014117647
0.05362000  27.689378628235293
0.05364000  27.716177115294116
0.05366000  27.742975602352942
0.05368000  27.76977408941176
0.05370000  27.796572576470588
0.05372000  27.82337106352941
0.05374000  27.850169550588234
0.05376000  27.87696803764706
0.05378000  27.90376652470588
0.05380000  27.930565011764706
0.05382000  27.95736349882353
0.05384000  27.984161985882352
0.05386000  28.010960472941175
0.05388000  28.037758959999998
0.05390000  28.064557447058824
0.05392000  28.091355934117644
0.05394000  28.11815442117647
0.05396000  28.144952908235293
0.05398000  28.171751395294116
0.05400000  28.198549882352943
0.05402000  28.225348369411762
0.05404000  28.25214685647059
0.05406000  28.27894534352941
0.05408000  28.305743830588234
0.05410000  28.33254231764706
0.05412000  28.35934080470588
0.05414000  28.386139291764707
0.05416000  28.41293777882353
0.05418000  28.439736265882352
0.05420000  28.466534752941175
0.05422000  28.49333324
0.05424000  28.520131727058825
0.05426000  28.546930214117644
0.05428000  28.57372870117647
0.05430000  28.600527188235294
0.05432000  28.627325675294117
0.05434000  28.654124162352943
0.05436000  28.680922649411762
0.05438000  28.70772113647059
0.05440000  28.734519623529412
0.05442000  28.761318110588235
0.05444000  28.788116597647058
0.05446000  28.81491508470588
0.05448000  28.841713571764707
0.05450000  28.868512058823526
0.05452000  28.895310545882353
0.05454000  28.922109032941176
0.05456000  28.94890752
0.05458000  28.975706007058825
0.05460000  29.002504494117645
0.05462000  29.02930298117647
0.05464000  29.056101468235294
0.05466000  29.082899955294117
0.05468000  29.10969844235294
0.05470000  29.136496929411763
0.05472000  29.16329541647059
0.05474000  29.19009390352941
0.05476000  29.216892390588235
0.05478000  29.243690877647058
0.05480000  29.27048936470588
0.05482000  29.297287851764708
0.05484000  29.324086338823527
0.05486000  29.350884825882353
0.05488000  29.377683312941176
0.05490000  29.4044818
0.05492000  29.431280287058822
0.05494000  29.458078774117645
0.05496000  29.48487726117647
0.05498000  29.51167574823529
0.05500000  29.538474235294117
0.05502000  29.565272722352944
0.05504000  29.592071209411763
0.05506000  29.61886969647059
0.05508000  29.64566818352941
0.05510000  29.672466670588236
0.05512000  29.699265157647055
0.05514000  29.72606364470588
0.05516000  29.752862131764708
0.05518000  29.779660618823527
0.05520000  29.806459105882354
0.05522000  29.833257592941173
0.05524000  29.86005608
0.05526000  29.886854567058826
0.05528000  29.913653054117646
0.05530000  29.940451541176472
0.05532000  29.96725002823529
0.05534000  29.994048515294118
0.05536000  30.020847002352937
0.05538000  30.047645489411764
0.05540000  30.07444397647059
0.05542000  30.10124246352941
0.05544000  30.128040950588236
0.05546000  30.154839437647055
0.05548000  30.181637924705882
0.05550000  30.20843641176471
0.05552000  30.235234898823528
0.05554000  30.262033385882354
0.05556000  30.288831872941174
0.05558000  30.31563036
0.05560000  30.34242884705882
0.05562000  30.369227334117646
0.05564000  30.396025821176472
0.05566000  30.422824308235292
0.05568000  30.44962279529412
0.05570000  30.476421282352938
0.05572000  30.503219769411764
0.05574000  30.53001825647059
0.05576000  30.55681674352941
0.05578000  30.583615230588236
0.05580000  30.610413717647056
0.05582000  30.637212204705882
0.05584000  30.6640106917647
0.05586000  30.690809178823528
0.05588000  30.717607665882355
0.05590000  30.744406152941174
0.05592000  30.77120464
0.05594000  30.79800312705882
0.05596000  30.824801614117646
0.05598000  30.851600101176473
0.05600000  30.878398588235292
0.05602000  30.90519707529412
0.05604000  30.931995562352938
0.05606000  30.958794049411765
0.05608000  30.985592536470584
0.05610000  31.01239102352941
0.05612000  31.039189510588237
0.05614000  31.065987997647056
0.05616000  31.092786484705883
0.05618000  31.119584971764702
0.05620000  31.14638345882353
0.05622000  31.173181945882355
0.05624000  31.199980432941175
0.05626000  31.22677892
0.05628000  31.25357740705882
0.05630000  31.280375894117647
0.05632000  31.307174381176473
0.05634000  31.333972868235293
0.05636000  31.36077135529412
0.05638000  31.38756984235294
0.05640000  31.414368329411765
0.05642000  31.441166816470584
0.05644000  31.46796530352941
0.05646000  31.494763790588237
0.05648000  31.521562277647057
0.05650000  31.548360764705883
0.05652000  31.575159251764703
0.05654000  31.60195773882353
0.05656000  31.628756225882356
0.05658000  31.655554712941175
0.05660000  31.6823532
0.05662000  31.70915168705882
0.05664000  31.735950174117647
0.05666000  31.762748661176467
0.05668000  31.789547148235293
0.05670000  31.81634563529412
0.05672000  31.84314412235294
0.05674000  31.869942609411765
0.05676000  31.896741096470585
0.05678000  31.92353958352941
0.05680000  31.950338070588238
0.05682000  31.977136557647057
0.05684000  32.003935044705884
0.05686000  32.0307335317647
0.05688000  32.05753201882353
0.05690000  32.08433050588235
0.05692000  32.111128992941175
0.05694000  32.13792748
0.05696000  32.16472596705882
0.05698000  32.19152445411765
0.05700000  32.21832294117647
0.05702000  32.245121428235294
0.05704000  32.27191991529412
0.05706000  32.29871840235294
0.05708000  32.325516889411766
0.05710000  32.352315376470585
0.05712000  32.37911386352941
0.05714000  32.40591235058823
0.05716000  32.43271083764706
0.05718000  32.459509324705884
0.05720000  32.4863078117647
0.05722000  32.51310629882353
0.05724000  32.53990478588235
0.05726000  32.566703272941176
0.05728000  32.59350176
0.05730000  32.62030024705882
0.05732000  32.64709873411765
0.05734000  32.67389722117647
0.05736000  32.700695708235294
0.05738000  32.72749419529411
0.05740000  32.75429268235294
0.05742000  32.781091169411766
0.05744000  32.807889656470586
0.05746000  32.83468814352941
0.05748000  32.86148663058823
0.05750000  32.88828511764706
0.05752000  32.915083604705885
0.05754000  32.941882091764704
0.05756000  32.96868057882353
0.05758000  32.99547906588235
0.05760000  33.022277552941176
0.05762000  33.049076039999996
0.05764000  33.07587452705882
0.05766000  33.10267301411765
0.05768000  33.12947150117647
0.05770000  33.156269988235294
0.05772000  33.183068475294114
0.05774000  33.20986696235294
0.05776000  33.23666544941177
0.05778000  33.263463936470586
0.05780000  33.29026242352941
0.05782000  33.31706091058823
0.05784000  33.34385939764706
0.05786000  33.370657884705885
0.05788000  33.397456371764704
0.05790000  33.42425485882353
0.05792000  33.45105334588235
0.05794000  33.47785183294118
0.05796000  33.504650319999996
0.05798000  33.53144880705882
0.05800000  33.55824729411765
0.05802000  33.58504578117647
0.05804000  33.611844268235295
0.05806000  33.638642755294114
0.05808000  33.66544124235294
0.05810000  33.69223972941177
0.05812000  33.71903821647059
0.05814000  33.74583670352941
0.05816000  33.77263519058823
0.05818000  33.79943367764706
0.05820000  33.82623216470588
0.05822000  33.853030651764705
0.05824000  33.87982913882353
0.05826000  33.90662762588235
0.05828000  33.93342611294118
0.05830000  33.9602246
0.05832000  33.98702308705882
0.05834000  34.01382157411765
0.05836000  34.04062006117647
0.05838000  34.067418548235295
0.05840000  34.094217035294115
0.05842000  34.12101552235294
0.05844000  34.14781400941176
0.05846000  34.17461249647059
0.05848000  34.201410983529414
0.05850000  34.22820947058823
0.05852000  34.25500795764706
0.05854000  34.28180644470588
0.05856000  34.308604931764705
0.05858000  34.33540341882353
0.05860000  34.36220190588235
0.05862000  34.38900039294118
0.05864000  34.41579888
0.05866000  34.44259736705882
0.05868000  34.46939585411764
0.05870000  34.49619434117647
0.05872000  34.522992828235296
0.05874000  34.549791315294115
0.05876000  34.57658980235294
0.05878000  34.60338828941176
0.05880000  34.63018677647059
0.05882000  34.656985263529414
0.05884000  34.68378375058823
0.05886000  34.71058223764706
0.05888000  34.73738072470588
0.05890000  34.764179211764706
0.05892000  34.790977698823525
0.05894000  34.81777618588235
0.05896000  34.84457467294118
0.05898000  34.87137316
0.05900000  34.898171647058824
0.05902000  34.92497013411764
0.05904000  34.95176862117647
0.05906000  34.978567108235296
0.05908000  35.005365595294116
0.05910000  35.03216408235294
0.05912000  35.05896256941176
0.05914000  35.08576105647059
0.05916000  35.112559543529414
0.05918000  35.139358030588234
0.05920000  35.16615651764706
0.05922000  35.19295500470588
0.05924000  35.219753491764706
0.05926000  35.246551978823526
0.05928000  35.27335046588235
0.05930000  35.30014895294118
0.05932000  35.32694744
0.05934000  35.353745927058824
0.05936000  35.380544414117644
0.05938000  35.40734290117647
0.05940000  35.4341413882353
0.05942000  35.460939875294116
0.05944000  35.48773836235294
0.05946000  35.51453684941176
0.05948000  35.54133533647059
0.05950000  35.56813382352941
0.05952000  35.594932310588234
0.05954000  35.62173079764706
0.05956000  35.64852928470588
0.05958000  35.67532777176471
0.05960000  35.702126258823526
0.05962000  35.72892474588235
0.05964000  35.75572323294118
0.05966000  35.78252172
0.05968000  35.809320207058825
0.05970000  35.836118694117644
0.05972000  35.86291718117647
0.05974000  35.88971566823529
0.05976000  35.91651415529412
0.05978000  35.94331264235294
0.05980000  35.97011112941176
0.05982000  35.99690961647059
0.05984000  36.02370810352941
0.05986000  36.050506590588235
0.05988000  36.07730507764706
0.05990000  36.10410356470588
0.05992000  36.13090205176471
0.05994000  36.157700538823526
0.05996000  36.18449902588235
0.05998000  36.21129751294117
0.06000000  36.238096
0.06002000  36.471015
0.06004000  36.686197
0.06006000  36.885347
0.06008000  37.070491
0.06010000  37.253739
0.06012000  37.473539
0.06014000  37.769581
0.06016000  38.169698
0.06018000  38.707298
0.06020000  39.420668
0.06022000  40.401049
0.06024000  41.92273
0.06026000  44.349615
0.06028000  48.199344
0.06030000  54.31763
0.06032000  64.148492
0.06034000  80.168023
0.06036000  106.531633
0.06038000  148.781152
0.06040000  210.870028
0.06042000  298.120312
0.06044000  428.148265
0.06046000  655.270979
0.06048000  1140.656444
0.06050000  2277.707471
0.06052000  4532.27769
0.06054000  7944.554167
0.06056000  11298.06544
0.06058000  12613.87033
0.06060000  10619.956921
0.06062000  6688.733973
0.06064000  3381.832485
0.06066000  1563.512604
0.06068000  753.460387
0.06070000  397.047434
0.06072000  227.596198
0.06074000  139.934296
0.06076000  91.154804
0.06078000  62.524114
0.06080000  45.204055
0.06082000  34.495951
0.06084000  27.716507
0.06086000  23.306806
0.06088000  20.359595
0.06090000  18.341624
0.06092000  16.931102
0.06094000  15.928845
0.06096000  15.207785
0.06098000  14.683808
0.06100000  14.300439
0.06102000  14.018818
0.06104000  13.811629
0.06106000  13.659309
0.06108000  13.547854
0.06110000  13.466718
0.06112000  13.408056
0.06114000  13.366325
0.06116000  13.337228
0.06118000  13.317742
0.06120000  13.305532
0.06122000  13.298835
0.06124000  13.296176
0.06126000  13.296726
0.06128000  13.299477
0.06130000  13.30388
0.06132000  13.309387
0.06134000  13.315538
0.06136000  13.321876
0.06138000  13.328125
0.06140000  13.334101
0.06142000  13.339619
0.06144000  13.344772
0.06146000  13.349559
0.06148000  13.354071
0.06150000  13.358216
0.06152000  13.361994
0.06154000  13.365496
0.06156000  13.368815
0.06158000  13.371857
0.06160000  13.374624
0.06162000  13.3773
0.06164000  13.379883
0.06166000  13.382282
0.06168000  13.38459
0.06170000  13.386805
0.06172000  13.389021
0.06174000  13.391145
0.06176000  13.393177
0.06178000  13.395117
0.06180000  13.397057
0.06182000  13.398998
0.06184000  13.400846
0.06186000  13.402602
0.06188000  13.404451
0.06190000  13.406207
0.06192000  13.407872
0.06194000  13.409536
0.06196000  13.411201
0.06198000  13.412773
0.06200000  13.414346
0.06202000  13.415919
0.06204000  13.417399
0.06206000  13.41888
0.06208000  13.420361
0.06210000  13.421749
0.06212000  13.423137
0.06214000  13.424526
0.06216000  13.425822
0.06218000  13.427119
0.06220000  13.428415
0.06222000  13.429619
0.06224000  13.430823
0.06226000  13.432027
0.06228000  13.433232
0.06230000  13.434344
0.06232000  13.435455
0.06234000  13.436567
0.06236000  13.437587
0.06238000  13.438606
0.06240000  13.439626
0.06242000  13.440645
0.06244000  13.441572
0.06246000  13.442499
0.06248000  13.443426
0.06250000  13.444261
0.06252000  13.445095
0.06254000  13.44593
0.06256000  13.446764
0.06258000  13.447506
0.06260000  13.448341
0.06262000  13.449083
0.06264000  13.449732
0.06266000  13.450474
0.06268000  13.451124
0.06270000  13.451773
0.06272000  13.452423
0.06274000  13.453072
0.06276000  13.453629
0.06278000  13.454185
0.06280000  13.454742
0.06282000  13.455299
0.06284000  13.455856
0.06286000  13.45632
0.06288000  13.456784
0.06290000  13.457248
0.06292000  13.457712
0.06294000  13.458176
0.06296000  13.458547
0.06298000  13.458918
0.06300000  13.459382
