0.00000000  30.200704
0.00002000  30.394608
0.00004000  30.57415
0.00006000  30.740121
0.00008000  30.894207
0.00010000  31.047137
0.00012000  31.230319
0.00014000  31.477038
0.00016000  31.810495
0.00018000  32.258529
0.00020000  32.853049
0.00022000  33.670327
0.00024000  34.9385
0.00026000  36.961836
0.00028000  40.172492
0.00030000  45.279679
0.00032000  53.49617
0.00034000  66.921046
0.00036000  89.162918
0.00038000  125.136253
0.00040000  178.100499
0.00042000  252.979033
0.00044000  365.744206
0.00046000  564.815831
0.00048000  998.827883
0.00050000  2047.360359
0.00052000  4174.520951
0.00054000  7563.422107
0.00056000  11207.297479
0.00058000  13199.681664
0.00060000  11845.620606
0.00062000  8044.865744
0.00064000  4416.486352
0.00066000  2203.82109
0.00068000  1129.644586
0.00070000  618.55275
0.00072000  360.652002
0.00074000  221.764711
0.00076000  142.479235
0.00078000  95.294175
0.00080000  66.57396
0.00082000  48.784038
0.00084000  37.517855
0.00086000  30.179883
0.00088000  25.256212
0.00090000  21.857886
0.00092000  19.452097
0.00094000  17.711672
0.00096000  16.429735
0.00098000  15.470701
0.00100000  14.744123
0.00102000  14.188192
0.00104000  13.759375
0.00106000  13.426783
0.00108000  13.167724
0.00110000  12.965064
0.00112000  12.805996
0.00114000  12.681023
0.00116000  12.582843
0.00118000  12.505847
0.00120000  12.445619
0.00122000  12.398843
0.00124000  12.36264
0.00126000  12.334877
0.00128000  12.313883
0.00130000  12.298097
0.00132000  12.286314
0.00134000  12.277589
0.00136000  12.271071
0.00138000  12.26591
0.00140000  12.261512
0.00142000  12.257792
0.00144000  12.254411
0.00146000  12.251369
0.00148000  12.248412
0.00150000  12.245455
0.00152000  12.2425
0.00154000  12.239461
0.00156000  12.236338
0.00158000  12.233132
0.00160000  12.229758
0.00162000  12.226384
0.00164000  12.222928
0.00166000  12.219472
0.00168000  12.215933
0.00170000  12.212311
0.00172000  12.208774
0.00174000  12.205154
0.00176000  12.201535
0.00178000  12.197917
0.00180000  12.194217
0.00182000  12.190601
0.00184000  12.186986
0.00186000  12.183373
0.00188000  12.17976
0.00190000  12.176149
0.00192000  12.172539
0.00194000  12.168929
0.00196000  12.165321
0.00198000  12.161798
0.00200000  12.158192
0.00202000  12.154671
0.00204000  12.15115
0.00206000  12.147631
0.00208000  12.144113
0.00210000  12.140596
0.00212000  12.13708
0.00214000  12.133649
0.00216000  12.130135
0.00218000  12.126705
0.00220000  12.123277
0.00222000  12.119849
0.00224000  12.116423
0.00226000  12.112997
0.00228000  12.109656
0.00230000  12.106233
0.00232000  12.102893
0.00234000  12.099555
0.00236000  12.096218
0.00238000  12.092881
0.00240000  12.089546
0.00242000  12.086211
0.00244000  12.082961
0.00246000  12.079628
0.00248000  12.07638
0.00250000  12.073132
0.00252000  12.069885
0.00254000  12.066639
0.00256000  12.063394
0.00258000  12.06015
0.00260000  12.05699
0.00262000  12.053747
0.00264000  12.050589
0.00266000  12.047431
0.00268000  12.044274
0.00270000  12.041118
0.00272000  12.037963
0.00274000  12.034809
0.00276000  12.031738
0.00278000  12.028668
0.00280000  12.025516
0.00282000  12.022448
0.00284000  12.019381
0.00286000  12.016314
0.00288000  12.013248
0.00290000  12.010266
0.00292000  12.007202
0.00294000  12.004138
0.00296000  12.001158
0.00298000  11.998179
0.00300000  11.995201
0.00302000  12.016619238823528
0.00304000  12.038037477647059
0.00306000  12.059455716470588
0.00308000  12.080873955294118
0.00310000  12.102292194117647
0.00312000  12.123710432941177
0.00314000  12.145128671764706
0.00316000  12.166546910588234
0.00318000  12.187965149411765
0.00320000  12.209383388235294
0.00322000  12.230801627058824
0.00324000  12.252219865882353
0.00326000  12.273638104705881
0.00328000  12.295056343529412
0.00330000  12.31647458235294
0.00332000  12.337892821176471
0.00334000  12.35931106
0.00336000  12.38072929882353
0.00338000  12.402147537647059
0.00340000  12.423565776470587
0.00342000  12.444984015294118
0.00344000  12.466402254117646
0.00346000  12.487820492941177
0.00348000  12.509238731764706
0.00350000  12.530656970588234
0.00352000  12.552075209411765
0.00354000  12.573493448235293
0.00356000  12.594911687058824
0.00358000  12.616329925882352
0.00360000  12.637748164705883
0.00362000  12.659166403529412
0.00364000  12.68058464235294
0.00366000  12.70200288117647
0.00368000  12.72342112
0.00370000  12.74483935882353
0.00372000  12.766257597647058
0.00374000  12.787675836470587
0.00376000  12.809094075294118
0.00378000  12.830512314117646
0.00380000  12.851930552941177
0.00382000  12.873348791764705
0.00384000  12.894767030588236
0.00386000  12.916185269411764
0.00388000  12.937603508235293
0.00390000  12.959021747058824
0.00392000  12.980439985882352
0.00394000  13.001858224705883
0.00396000  13.023276463529411
0.00398000  13.044694702352942
0.00400000  13.06611294117647
0.00402000  13.08753118
0.00404000  13.10894941882353
0.00406000  13.130367657647058
0.00408000  13.151785896470589
0.00410000  13.173204135294117
0.00412000  13.194622374117646
0.00414000  13.216040612941176
0.00416000  13.237458851764705
0.00418000  13.258877090588236
0.00420000  13.280295329411764
0.00422000  13.301713568235293
0.00424000  13.323131807058823
0.00426000  13.344550045882352
0.00428000  13.365968284705882
0.00430000  13.387386523529411
0.00432000  13.408804762352942
0.00434000  13.43022300117647
0.00436000  13.451641239999999
0.00438000  13.47305947882353
0.00440000  13.494477717647058
0.00442000  13.515895956470589
0.00444000  13.537314195294117
0.00446000  13.558732434117648
0.00448000  13.580150672941176
0.00450000  13.601568911764705
0.00452000  13.622987150588235
0.00454000  13.644405389411764
0.00456000  13.665823628235295
0.00458000  13.687241867058823
0.00460000  13.708660105882352
0.00462000  13.730078344705882
0.00464000  13.751496583529411
0.00466000  13.772914822352941
0.00468000  13.79433306117647
0.00470000  13.815751299999999
0.00472000  13.83716953882353
0.00474000  13.858587777647058
0.00476000  13.880006016470588
0.00478000  13.901424255294117
0.00480000  13.922842494117647
0.00482000  13.944260732941176
0.00484000  13.965678971764707
0.00486000  13.987097210588235
0.00488000  14.008515449411764
0.00490000  14.029933688235294
0.00492000  14.051351927058823
0.00494000  14.072770165882353
0.00496000  14.094188404705882
0.00498000  14.11560664352941
0.00500000  14.137024882352941
0.00502000  14.15844312117647
0.00504000  14.17986136
0.00506000  14.201279598823529
0.00508000  14.222697837647058
0.00510000  14.244116076470588
0.00512000  14.265534315294117
0.00514000  14.286952554117647
0.00516000  14.308370792941176
0.00518000  14.329789031764705
0.00520000  14.351207270588235
0.00522000  14.372625509411765
0.00524000  14.394043748235294
0.00526000  14.415461987058823
0.00528000  14.436880225882353
0.00530000  14.458298464705882
0.00532000  14.479716703529412
0.00534000  14.501134942352941
0.00536000  14.52255318117647
0.00538000  14.54397142
0.00540000  14.565389658823529
0.00542000  14.58680789764706
0.00544000  14.608226136470588
0.00546000  14.629644375294117
0.00548000  14.651062614117647
0.00550000  14.672480852941176
0.00552000  14.693899091764706
0.00554000  14.715317330588235
0.00556000  14.736735569411763
0.00558000  14.758153808235294
0.00560000  14.779572047058823
0.00562000  14.800990285882353
0.00564000  14.822408524705882
0.00566000  14.84382676352941
0.00568000  14.86524500235294
0.00570000  14.886663241176471
0.00572000  14.90808148
0.00574000  14.929499718823529
0.00576000  14.950917957647059
0.00578000  14.972336196470588
0.00580000  14.993754435294118
0.00582000  15.015172674117647
0.00584000  15.036590912941175
0.00586000  15.058009151764706
0.00588000  15.079427390588235
0.00590000  15.100845629411765
0.00592000  15.122263868235294
0.00594000  15.143682107058822
0.00596000  15.165100345882353
0.00598000  15.186518584705881
0.00600000  15.207936823529412
0.00602000  15.22935506235294
0.00604000  15.25077330117647
0.00606000  15.27219154
0.00608000  15.293609778823528
0.00610000  15.315028017647059
0.00612000  15.336446256470587
0.00614000  15.357864495294116
0.00616000  15.379282734117647
0.00618000  15.400700972941177
0.00620000  15.422119211764706
0.00622000  15.443537450588234
0.00624000  15.464955689411765
0.00626000  15.486373928235293
0.00628000  15.507792167058824
0.00630000  15.529210405882353
0.00632000  15.550628644705881
0.00634000  15.572046883529412
0.00636000  15.59346512235294
0.00638000  15.61488336117647
0.00640000  15.6363016
0.00642000  15.657719838823528
0.00644000  15.679138077647059
0.00646000  15.700556316470587
0.00648000  15.721974555294118
0.00650000  15.743392794117646
0.00652000  15.764811032941175
0.00654000  15.786229271764705
0.00656000  15.807647510588236
0.00658000  15.829065749411765
0.00660000  15.850483988235293
0.00662000  15.871902227058824
0.00664000  15.893320465882352
0.00666000  15.914738704705883
0.00668000  15.936156943529411
0.00670000  15.95757518235294
0.00672000  15.97899342117647
0.00674000  16.000411659999997
0.00676000  16.02182989882353
0.00678000  16.04324813764706
0.00680000  16.064666376470587
0.00682000  16.08608461529412
0.00684000  16.107502854117648
0.00686000  16.128921092941177
0.00688000  16.150339331764705
0.00690000  16.171757570588234
0.00692000  16.193175809411763
0.00694000  16.214594048235295
0.00696000  16.236012287058823
0.00698000  16.257430525882352
0.00700000  16.27884876470588
0.00702000  16.300267003529413
0.00704000  16.32168524235294
0.00706000  16.34310348117647
0.00708000  16.36452172
0.00710000  16.385939958823528
0.00712000  16.407358197647056
0.00714000  16.42877643647059
0.00716000  16.450194675294117
0.00718000  16.471612914117646
0.00720000  16.493031152941178
0.00722000  16.514449391764707
0.00724000  16.535867630588235
0.00726000  16.557285869411764
0.00728000  16.578704108235293
0.00730000  16.60012234705882
0.00732000  16.621540585882354
0.00734000  16.642958824705882
0.00736000  16.66437706352941
0.00738000  16.68579530235294
0.00740000  16.707213541176472
0.00742000  16.72863178
0.00744000  16.75005001882353
0.00746000  16.771468257647058
0.00748000  16.792886496470587
0.00750000  16.814304735294115
0.00752000  16.835722974117648
0.00754000  16.857141212941176
0.00756000  16.878559451764705
0.00758000  16.899977690588234
0.00760000  16.921395929411766
0.00762000  16.942814168235294
0.00764000  16.964232407058823
0.00766000  16.98565064588235
0.00768000  17.00706888470588
0.00770000  17.02848712352941
0.00772000  17.04990536235294
0.00774000  17.07132360117647
0.00776000  17.09274184
0.00778000  17.11416007882353
0.00780000  17.13557831764706
0.00782000  17.156996556470588
0.00784000  17.178414795294117
0.00786000  17.199833034117646
0.00788000  17.221251272941174
0.00790000  17.242669511764706
0.00792000  17.264087750588235
0.00794000  17.285505989411764
0.00796000  17.306924228235292
0.00798000  17.328342467058825
0.00800000  17.349760705882353
0.00802000  17.371178944705882
0.00804000  17.39259718352941
0.00806000  17.41401542235294
0.00808000  17.435433661176468
0.00810000  17.4568519
0.00812000  17.47827013882353
0.00814000  17.499688377647058
0.00816000  17.52110661647059
0.00818000  17.54252485529412
0.00820000  17.563943094117647
0.00822000  17.585361332941176
0.00824000  17.606779571764704
0.00826000  17.628197810588233
0.00828000  17.649616049411765
0.00830000  17.671034288235294
0.00832000  17.692452527058823
0.00834000  17.71387076588235
0.00836000  17.735289004705884
0.00838000  17.756707243529412
0.00840000  17.77812548235294
0.00842000  17.79954372117647
0.00844000  17.820961959999998
0.00846000  17.842380198823527
0.00848000  17.86379843764706
0.00850000  17.885216676470588
0.00852000  17.906634915294116
0.00854000  17.92805315411765
0.00856000  17.949471392941177
0.00858000  17.970889631764706
0.00860000  17.992307870588235
0.00862000  18.013726109411763
0.00864000  18.035144348235292
0.00866000  18.056562587058824
0.00868000  18.077980825882353
0.00870000  18.09939906470588
0.00872000  18.12081730352941
0.00874000  18.142235542352942
0.00876000  18.16365378117647
0.00878000  18.18507202
0.00880000  18.20649025882353
0.00882000  18.227908497647057
0.00884000  18.249326736470586
0.00886000  18.270744975294118
0.00888000  18.292163214117647
0.00890000  18.313581452941175
0.00892000  18.334999691764704
0.00894000  18.356417930588236
0.00896000  18.377836169411765
0.00898000  18.399254408235294
0.00900000  18.420672647058822
0.00902000  18.44209088588235
0.00904000  18.46350912470588
0.00906000  18.484927363529412
0.00908000  18.50634560235294
0.00910000  18.52776384117647
0.00912000  18.54918208
0.00914000  18.57060031882353
0.00916000  18.59201855764706
0.00918000  18.613436796470587
0.00920000  18.634855035294116
0.00922000  18.656273274117645
0.00924000  18.677691512941177
0.00926000  18.699109751764706
0.00928000  18.720527990588234
0.00930000  18.741946229411763
0.00932000  18.763364468235295
0.00934000  18.784782707058824
0.00936000  18.806200945882352
0.00938000  18.82761918470588
0.00940000  18.84903742352941
0.00942000  18.87045566235294
0.00944000  18.89187390117647
0.00946000  18.91329214
0.00948000  18.934710378823528
0.00950000  18.95612861764706
0.00952000  18.97754685647059
0.00954000  18.998965095294118
0.00956000  19.020383334117646
0.00958000  19.041801572941175
0.00960000  19.063219811764704
0.00962000  19.084638050588236
0.00964000  19.106056289411764
0.00966000  19.127474528235293
0.00968000  19.148892767058822
0.00970000  19.170311005882354
0.00972000  19.191729244705883
0.00974000  19.21314748352941
0.00976000  19.23456572235294
0.00978000  19.25598396117647
0.00980000  19.277402199999997
0.00982000  19.29882043882353
0.00984000  19.32023867764706
0.00986000  19.341656916470587
0.00988000  19.36307515529412
0.00990000  19.384493394117648
0.00992000  19.405911632941176
0.00994000  19.427329871764705
0.00996000  19.448748110588234
0.00998000  19.470166349411762
0.01000000  19.491584588235295
0.01002000  19.513002827058823
0.01004000  19.534421065882352
0.01006000  19.55583930470588
0.01008000  19.577257543529413
0.01010000  19.59867578235294
0.01012000  19.62009402117647
0.01014000  19.64151226
0.01016000  19.662930498823528
0.01018000  19.684348737647056
0.01020000  19.70576697647059
0.01022000  19.727185215294117
0.01024000  19.748603454117646
0.01026000  19.770021692941175
0.01028000  19.791439931764707
0.01030000  19.812858170588235
0.01032000  19.834276409411764
0.01034000  19.855694648235293
0.01036000  19.87711288705882
0.01038000  19.89853112588235
0.01040000  19.919949364705882
0.01042000  19.94136760352941
0.01044000  19.96278584235294
0.01046000  19.984204081176472
0.01048000  20.00562232
0.01050000  20.02704055882353
0.01052000  20.048458797647058
0.01054000  20.069877036470587
0.01056000  20.091295275294115
0.01058000  20.112713514117644
0.01060000  20.134131752941176
0.01062000  20.155549991764705
0.01064000  20.176968230588237
0.01066000  20.198386469411766
0.01068000  20.219804708235294
0.01070000  20.241222947058823
0.01072000  20.26264118588235
0.01074000  20.28405942470588
0.01076000  20.30547766352941
0.01078000  20.32689590235294
0.01080000  20.34831414117647
0.01082000  20.36973238
0.01084000  20.39115061882353
0.01086000  20.41256885764706
0.01088000  20.433987096470588
0.01090000  20.455405335294117
0.01092000  20.476823574117645
0.01094000  20.498241812941174
0.01096000  20.519660051764703
0.01098000  20.541078290588235
0.01100000  20.562496529411764
0.01102000  20.583914768235296
0.01104000  20.605333007058825
0.01106000  20.626751245882353
0.01108000  20.648169484705882
0.01110000  20.66958772352941
0.01112000  20.69100596235294
0.01114000  20.712424201176468
0.01116000  20.73384244
0.01118000  20.75526067882353
0.01120000  20.776678917647057
0.01122000  20.79809715647059
0.01124000  20.81951539529412
0.01126000  20.840933634117647
0.01128000  20.862351872941176
0.01130000  20.883770111764704
0.01132000  20.905188350588233
0.01134000  20.92660658941176
0.01136000  20.948024828235294
0.01138000  20.969443067058823
0.01140000  20.990861305882355
0.01142000  21.012279544705883
0.01144000  21.033697783529412
0.01146000  21.05511602235294
0.01148000  21.07653426117647
0.01150000  21.097952499999998
0.01152000  21.119370738823527
0.01154000  21.140788977647055
0.01156000  21.162207216470588
0.01158000  21.183625455294116
0.01160000  21.20504369411765
0.01162000  21.226461932941177
0.01164000  21.247880171764706
0.01166000  21.269298410588235
0.01168000  21.290716649411763
0.01170000  21.312134888235292
0.01172000  21.33355312705882
0.01174000  21.354971365882353
0.01176000  21.37638960470588
0.01178000  21.39780784352941
0.01180000  21.419226082352942
0.01182000  21.44064432117647
0.01184000  21.46206256
0.01186000  21.48348079882353
0.01188000  21.504899037647057
0.01190000  21.526317276470586
0.01192000  21.547735515294114
0.01194000  21.569153754117647
0.01196000  21.590571992941175
0.01198000  21.611990231764707
0.01200000  21.633408470588236
0.01202000  21.654826709411765
0.01204000  21.676244948235293
0.01206000  21.697663187058822
0.01208000  21.71908142588235
0.01210000  21.74049966470588
0.01212000  21.76191790352941
0.01214000  21.78333614235294
0.01216000  21.80475438117647
0.01218000  21.82617262
0.01220000  21.84759085882353
0.01222000  21.86900909764706
0.01224000  21.890427336470587
0.01226000  21.911845575294116
0.01228000  21.933263814117645
0.01230000  21.954682052941173
0.01232000  21.976100291764705
0.01234000  21.997518530588234
0.01236000  22.018936769411766
0.01238000  22.040355008235295
0.01240000  22.061773247058824
0.01242000  22.083191485882352
0.01244000  22.10460972470588
0.01246000  22.12602796352941
0.01248000  22.14744620235294
0.01250000  22.16886444117647
0.01252000  22.19028268
0.01254000  22.211700918823528
0.01256000  22.23311915764706
0.01258000  22.25453739647059
0.01260000  22.275955635294117
0.01262000  22.297373874117646
0.01264000  22.318792112941175
0.01266000  22.340210351764703
0.01268000  22.361628590588232
0.01270000  22.383046829411764
0.01272000  22.404465068235293
0.01274000  22.425883307058825
0.01276000  22.447301545882354
0.01278000  22.468719784705883
0.01280000  22.49013802352941
0.01282000  22.51155626235294
0.01284000  22.53297450117647
0.01286000  22.554392739999997
0.01288000  22.575810978823526
0.01290000  22.597229217647058
0.01292000  22.618647456470587
0.01294000  22.64006569529412
0.01296000  22.661483934117648
0.01298000  22.682902172941176
0.01300000  22.704320411764705
0.01302000  22.725738650588234
0.01304000  22.747156889411762
0.01306000  22.76857512823529
0.01308000  22.789993367058823
0.01310000  22.811411605882352
0.01312000  22.83282984470588
0.01314000  22.854248083529413
0.01316000  22.87566632235294
0.01318000  22.89708456117647
0.01320000  22.9185028
0.01322000  22.939921038823528
0.01324000  22.961339277647056
0.01326000  22.982757516470585
0.01328000  23.004175755294117
0.01330000  23.025593994117646
0.01332000  23.047012232941178
0.01334000  23.068430471764707
0.01336000  23.089848710588235
0.01338000  23.111266949411764
0.01340000  23.132685188235293
0.01342000  23.15410342705882
0.01344000  23.17552166588235
0.01346000  23.196939904705882
0.01348000  23.21835814352941
0.01350000  23.23977638235294
0.01352000  23.26119462117647
0.01354000  23.28261286
0.01356000  23.30403109882353
0.01358000  23.325449337647058
0.01360000  23.346867576470586
0.01362000  23.368285815294115
0.01364000  23.389704054117644
0.01366000  23.411122292941176
0.01368000  23.432540531764705
0.01370000  23.453958770588237
0.01372000  23.475377009411766
0.01374000  23.496795248235294
0.01376000  23.518213487058823
0.01378000  23.53963172588235
0.01380000  23.56104996470588
0.01382000  23.58246820352941
0.01384000  23.60388644235294
0.01386000  23.62530468117647
0.01388000  23.64672292
0.01390000  23.66814115882353
0.01392000  23.68955939764706
0.01394000  23.710977636470588
0.01396000  23.732395875294117
0.01398000  23.753814114117645
0.01400000  23.775232352941174
0.01402000  23.796650591764703
0.01404000  23.818068830588235
0.01406000  23.839487069411764
0.01408000  23.860905308235296
0.01410000  23.882323547058824
0.01412000  23.903741785882353
0.01414000  23.92516002470588
0.01416000  23.94657826352941
0.01418000  23.96799650235294
0.01420000  23.989414741176468
0.01422000  24.010832979999996
0.01424000  24.03225121882353
0.01426000  24.053669457647057
0.01428000  24.07508769647059
0.01430000  24.096505935294118
0.01432000  24.117924174117647
0.01434000  24.139342412941176
0.01436000  24.160760651764704
0.01438000  24.182178890588233
0.01440000  24.20359712941176
0.01442000  24.225015368235294
0.01444000  24.246433607058822
0.01446000  24.26785184588235
0.01448000  24.289270084705883
0.01450000  24.310688323529412
0.01452000  24.33210656235294
0.01454000  24.35352480117647
0.01456000  24.374943039999998
0.01458000  24.396361278823527
0.01460000  24.417779517647055
0.01462000  24.439197756470588
0.01464000  24.460615995294116
0.01466000  24.48203423411765
0.01468000  24.503452472941177
0.01470000  24.524870711764706
0.01472000  24.546288950588234
0.01474000  24.567707189411763
0.01476000  24.589125428235292
0.01478000  24.61054366705882
0.01480000  24.631961905882353
0.01482000  24.65338014470588
0.01484000  24.67479838352941
0.01486000  24.696216622352942
0.01488000  24.71763486117647
0.01490000  24.7390531
0.01492000  24.76047133882353
0.01494000  24.781889577647057
0.01496000  24.803307816470586
0.01498000  24.824726055294114
0.01500000  24.846144294117646
0.01502000  24.867562532941175
0.01504000  24.888980771764707
0.01506000  24.910399010588236
0.01508000  24.931817249411765
0.01510000  24.953235488235293
0.01512000  24.974653727058822
0.01514000  24.99607196588235
0.01516000  25.01749020470588
0.01518000  25.03890844352941
0.01520000  25.06032668235294
0.01522000  25.08174492117647
0.01524000  25.10316316
0.01526000  25.12458139882353
0.01528000  25.14599963764706
0.01530000  25.167417876470587
0.01532000  25.188836115294116
0.01534000  25.210254354117644
0.01536000  25.231672592941173
0.01538000  25.253090831764705
0.01540000  25.274509070588234
0.01542000  25.295927309411766
0.01544000  25.317345548235295
0.01546000  25.338763787058824
0.01548000  25.360182025882352
0.01550000  25.38160026470588
0.01552000  25.40301850352941
0.01554000  25.42443674235294
0.01556000  25.445854981176467
0.01558000  25.46727322
0.01560000  25.488691458823528
0.01562000  25.51010969764706
0.01564000  25.53152793647059
0.01566000  25.552946175294117
0.01568000  25.574364414117646
0.01570000  25.595782652941175
0.01572000  25.617200891764703
0.01574000  25.638619130588232
0.01576000  25.660037369411764
0.01578000  25.681455608235293
0.01580000  25.702873847058825
0.01582000  25.724292085882354
0.01584000  25.745710324705882
0.01586000  25.76712856352941
0.01588000  25.78854680235294
0.01590000  25.80996504117647
0.01592000  25.831383279999997
0.01594000  25.852801518823526
0.01596000  25.874219757647058
0.01598000  25.895637996470587
0.01600000  25.91705623529412
0.01602000  25.938474474117648
0.01604000  25.959892712941176
0.01606000  25.981310951764705
0.01608000  26.002729190588234
0.01610000  26.024147429411762
0.01612000  26.04556566823529
0.01614000  26.066983907058823
0.01616000  26.088402145882352
0.01618000  26.10982038470588
0.01620000  26.131238623529413
0.01622000  26.15265686235294
0.01624000  26.17407510117647
0.01626000  26.19549334
0.01628000  26.216911578823527
0.01630000  26.238329817647056
0.01632000  26.259748056470585
0.01634000  26.281166295294117
0.01636000  26.302584534117646
0.01638000  26.324002772941178
0.01640000  26.345421011764707
0.01642000  26.366839250588235
0.01644000  26.388257489411764
0.01646000  26.409675728235293
0.01648000  26.43109396705882
0.01650000  26.45251220588235
0.01652000  26.473930444705882
0.01654000  26.49534868352941
0.01656000  26.51676692235294
0.01658000  26.53818516117647
0.01660000  26.5596034
0.01662000  26.58102163882353
0.01664000  26.602439877647058
0.01666000  26.623858116470586
0.01668000  26.645276355294115
0.01670000  26.666694594117644
0.01672000  26.688112832941176
0.01674000  26.709531071764705
0.01676000  26.730949310588237
0.01678000  26.752367549411765
0.01680000  26.773785788235294
0.01682000  26.795204027058823
0.01684000  26.81662226588235
0.01686000  26.83804050470588
0.01688000  26.85945874352941
0.01690000  26.880876982352937
0.01692000  26.90229522117647
0.01694000  26.92371346
0.01696000  26.94513169882353
0.01698000  26.96654993764706
0.01700000  26.987968176470588
0.01702000  27.009386415294117
0.01704000  27.030804654117645
0.01706000  27.052222892941174
0.01708000  27.073641131764703
0.01710000  27.095059370588235
0.01712000  27.116477609411763
0.01714000  27.137895848235296
0.01716000  27.159314087058824
0.01718000  27.180732325882353
0.01720000  27.20215056470588
0.01722000  27.22356880352941
0.01724000  27.24498704235294
0.01726000  27.266405281176468
0.01728000  27.287823519999996
0.01730000  27.30924175882353
0.01732000  27.330659997647057
0.01734000  27.35207823647059
0.01736000  27.373496475294118
0.01738000  27.394914714117647
0.01740000  27.416332952941175
0.01742000  27.437751191764704
0.01744000  27.459169430588233
0.01746000  27.48058766941176
0.01748000  27.502005908235294
0.01750000  27.523424147058822
0.01752000  27.54484238588235
0.01754000  27.566260624705883
0.01756000  27.587678863529412
0.01758000  27.60909710235294
0.01760000  27.63051534117647
0.01762000  27.651933579999998
0.01764000  27.673351818823527
0.01766000  27.694770057647055
0.01768000  27.716188296470587
0.01770000  27.737606535294116
0.01772000  27.75902477411765
0.01774000  27.780443012941177
0.01776000  27.801861251764706
0.01778000  27.823279490588234
0.01780000  27.844697729411763
0.01782000  27.86611596823529
0.01784000  27.88753420705882
0.01786000  27.908952445882353
0.01788000  27.93037068470588
0.01790000  27.95178892352941
0.01792000  27.973207162352942
0.01794000  27.99462540117647
0.01796000  28.01604364
0.01798000  28.037461878823528
0.01800000  28.058880117647057
0.01802000  28.080298356470585
0.01804000  28.101716595294114
0.01806000  28.123134834117643
0.01808000  28.14455307294118
0.01810000  28.165971311764707
0.01812000  28.187389550588236
0.01814000  28.208807789411765
0.01816000  28.230226028235293
0.01818000  28.251644267058822
0.01820000  28.27306250588235
0.01822000  28.29448074470588
0.01824000  28.315898983529408
0.01826000  28.337317222352937
0.01828000  28.358735461176472
0.01830000  28.3801537
0.01832000  28.40157193882353
0.01834000  28.42299017764706
0.01836000  28.444408416470587
0.01838000  28.465826655294116
0.01840000  28.487244894117644
0.01842000  28.508663132941173
0.01844000  28.5300813717647
0.01846000  28.551499610588237
0.01848000  28.572917849411766
0.01850000  28.594336088235295
0.01852000  28.615754327058823
0.01854000  28.637172565882352
0.01856000  28.65859080470588
0.01858000  28.68000904352941
0.01860000  28.701427282352938
0.01862000  28.722845521176467
0.01864000  28.744263759999996
0.01866000  28.76568199882353
0.01868000  28.78710023764706
0.01870000  28.80851847647059
0.01872000  28.829936715294117
0.01874000  28.851354954117646
0.01876000  28.872773192941175
0.01878000  28.894191431764703
0.01880000  28.915609670588232
0.01882000  28.93702790941176
0.01884000  28.958446148235296
0.01886000  28.979864387058825
0.01888000  29.001282625882354
0.01890000  29.022700864705882
0.01892000  29.04411910352941
0.01894000  29.06553734235294
0.01896000  29.08695558117647
0.01898000  29.108373819999997
0.01900000  29.129792058823526
0.01902000  29.151210297647054
0.01904000  29.17262853647059
0.01906000  29.19404677529412
0.01908000  29.215465014117648
0.01910000  29.236883252941176
0.01912000  29.258301491764705
0.01914000  29.279719730588234
0.01916000  29.301137969411762
0.01918000  29.32255620823529
0.01920000  29.34397444705882
0.01922000  29.365392685882348
0.01924000  29.386810924705884
0.01926000  29.408229163529413
0.01928000  29.42964740235294
0.01930000  29.45106564117647
0.01932000  29.47248388
0.01934000  29.493902118823527
0.01936000  29.515320357647056
0.01938000  29.536738596470585
0.01940000  29.558156835294113
0.01942000  29.57957507411765
0.01944000  29.600993312941178
0.01946000  29.622411551764706
0.01948000  29.643829790588235
0.01950000  29.665248029411764
0.01952000  29.686666268235292
0.01954000  29.70808450705882
0.01956000  29.72950274588235
0.01958000  29.75092098470588
0.01960000  29.772339223529407
0.01962000  29.793757462352943
0.01964000  29.81517570117647
0.01966000  29.83659394
0.01968000  29.85801217882353
0.01970000  29.879430417647058
0.01972000  29.900848656470586
0.01974000  29.922266895294115
0.01976000  29.943685134117644
0.01978000  29.965103372941172
0.01980000  29.986521611764708
0.01982000  30.007939850588237
0.01984000  30.029358089411765
0.01986000  30.050776328235294
0.01988000  30.072194567058823
0.01990000  30.09361280588235
0.01992000  30.11503104470588
0.01994000  30.13644928352941
0.01996000  30.157867522352937
0.01998000  30.179285761176466
0.02000000  30.200704
0.02002000  30.394608
0.02004000  30.57415
0.02006000  30.740121
0.02008000  30.894207
0.02010000  31.047137
0.02012000  31.230319
0.02014000  31.477038
0.02016000  31.810495
0.02018000  32.258529
0.02020000  32.853049
0.02022000  33.670327
0.02024000  34.9385
0.02026000  36.961836
0.02028000  40.172492
0.02030000  45.279679
0.02032000  53.49617
0.02034000  66.921046
0.02036000  89.162918
0.02038000  125.136253
0.02040000  178.100499
0.02042000  252.979033
0.02044000  365.744206
0.02046000  564.815831
0.02048000  998.827883
0.02050000  2047.360359
0.02052000  4174.520951
0.02054000  7563.422107
0.02056000  11207.297479
0.02058000  13199.681664
0.02060000  11845.620606
0.02062000  8044.865744
0.02064000  4416.486352
0.02066000  2203.82109
0.02068000  1129.644586
0.02070000  618.55275
0.02072000  360.652002
0.02074000  221.764711
0.02076000  142.479235
0.02078000  95.294175
0.02080000  66.57396
0.02082000  48.784038
0.02084000  37.517855
0.02086000  30.179883
0.02088000  25.256212
0.02090000  21.857886
0.02092000  19.452097
0.02094000  17.711672
0.02096000  16.429735
0.02098000  15.470701
0.02100000  14.744123
0.02102000  14.188192
0.02104000  13.759375
0.02106000  13.426783
0.02108000  13.167724
0.02110000  12.965064
0.02112000  12.805996
0.02114000  12.681023
0.02116000  12.582843
0.02118000  12.505847
0.02120000  12.445619
0.02122000  12.398843
0.02124000  12.36264
0.02126000  12.334877
0.02128000  12.313883
0.02130000  12.298097
0.02132000  12.286314
0.02134000  12.277589
0.02136000  12.271071
0.02138000  12.26591
0.02140000  12.261512
0.02142000  12.257792
0.02144000  12.254411
0.02146000  12.251369
0.02148000  12.248412
0.02150000  12.245455
0.02152000  12.2425
0.02154000  12.239461
0.02156000  12.236338
0.02158000  12.233132
0.02160000  12.229758
0.02162000  12.226384
0.02164000  12.222928
0.02166000  12.219472
0.02168000  12.215933
0.02170000  12.212311
0.02172000  12.208774
0.02174000  12.205154
0.02176000  12.201535
0.02178000  12.197917
0.02180000  12.194217
0.02182000  12.190601
0.02184000  12.186986
0.02186000  12.183373
0.02188000  12.17976
0.02190000  12.176149
0.02192000  12.172539
0.02194000  12.168929
0.02196000  12.165321
0.02198000  12.161798
0.02200000  12.158192
0.02202000  12.154671
0.02204000  12.15115
0.02206000  12.147631
0.02208000  12.144113
0.02210000  12.140596
0.02212000  12.13708
0.02214000  12.133649
0.02216000  12.130135
0.02218000  12.126705
0.02220000  12.123277
0.02222000  12.119849
0.02224000  12.116423
0.02226000  12.112997
0.02228000  12.109656
0.02230000  12.106233
0.02232000  12.102893
0.02234000  12.099555
0.02236000  12.096218
0.02238000  12.092881
0.02240000  12.089546
0.02242000  12.086211
0.02244000  12.082961
0.02246000  12.079628
0.02248000  12.07638
0.02250000  12.073132
0.02252000  12.069885
0.02254000  12.066639
0.02256000  12.063394
0.02258000  12.06015
0.02260000  12.05699
0.02262000  12.053747
0.02264000  12.050589
0.02266000  12.047431
0.02268000  12.044274
0.02270000  12.041118
0.02272000  12.037963
0.02274000  12.034809
0.02276000  12.031738
0.02278000  12.028668
0.02280000  12.025516
0.02282000  12.022448
0.02284000  12.019381
0.02286000  12.016314
0.02288000  12.013248
0.02290000  12.010266
0.02292000  12.007202
0.02294000  12.004138
0.02296000  12.001158
0.02298000  11.998179
0.02300000  11.995201
0.02302000  12.016619238823528
0.02304000  12.038037477647059
0.02306000  12.059455716470588
0.02308000  12.080873955294118
0.02310000  12.102292194117647
0.02312000  12.123710432941177
0.02314000  12.145128671764706
0.02316000  12.166546910588234
0.02318000  12.187965149411765
0.02320000  12.209383388235294
0.02322000  12.230801627058824
0.02324000  12.252219865882353
0.02326000  12.273638104705881
0.02328000  12.295056343529412
0.02330000  12.31647458235294
0.02332000  12.337892821176471
0.02334000  12.35931106
0.02336000  12.38072929882353
0.02338000  12.402147537647059
0.02340000  12.423565776470587
0.02342000  12.444984015294118
0.02344000  12.466402254117646
0.02346000  12.487820492941177
0.02348000  12.509238731764706
0.02350000  12.530656970588234
0.02352000  12.552075209411765
0.02354000  12.573493448235293
0.02356000  12.594911687058824
0.02358000  12.616329925882352
0.02360000  12.637748164705883
0.02362000  12.659166403529412
0.02364000  12.68058464235294
0.02366000  12.70200288117647
0.02368000  12.72342112
0.02370000  12.74483935882353
0.02372000  12.766257597647058
0.02374000  12.787675836470587
0.02376000  12.809094075294118
0.02378000  12.830512314117646
0.02380000  12.851930552941177
0.02382000  12.873348791764705
0.02384000  12.894767030588236
0.02386000  12.916185269411764
0.02388000  12.937603508235293
0.02390000  12.959021747058824
0.02392000  12.980439985882352
0.02394000  13.001858224705883
0.02396000  13.023276463529411
0.02398000  13.044694702352942
0.02400000  13.06611294117647
0.02402000  13.08753118
0.02404000  13.10894941882353
0.02406000  13.130367657647058
0.02408000  13.151785896470589
0.02410000  13.173204135294117
0.02412000  13.194622374117646
0.02414000  13.216040612941176
0.02416000  13.237458851764705
0.02418000  13.258877090588236
0.02420000  13.280295329411764
0.02422000  13.301713568235293
0.02424000  13.323131807058823
0.02426000  13.344550045882352
0.02428000  13.365968284705882
0.02430000  13.387386523529411
0.02432000  13.408804762352942
0.02434000  13.43022300117647
0.02436000  13.451641239999999
0.02438000  13.47305947882353
0.02440000  13.494477717647058
0.02442000  13.515895956470589
0.02444000  13.537314195294117
0.02446000  13.558732434117648
0.02448000  13.580150672941176
0.02450000  13.601568911764705
0.02452000  13.622987150588235
0.02454000  13.644405389411764
0.02456000  13.665823628235295
0.02458000  13.687241867058823
0.02460000  13.708660105882352
0.02462000  13.730078344705882
0.02464000  13.751496583529411
0.02466000  13.772914822352941
0.02468000  13.79433306117647
0.02470000  13.815751299999999
0.02472000  13.83716953882353
0.02474000  13.858587777647058
0.02476000  13.880006016470588
0.02478000  13.901424255294117
0.02480000  13.922842494117647
0.02482000  13.944260732941176
0.02484000  13.965678971764707
0.02486000  13.987097210588235
0.02488000  14.008515449411764
0.02490000  14.029933688235294
0.02492000  14.051351927058823
0.02494000  14.072770165882353
0.02496000  14.094188404705882
0.02498000  14.11560664352941
0.02500000  14.137024882352941
0.02502000  14.15844312117647
0.02504000  14.17986136
0.02506000  14.201279598823529
0.02508000  14.222697837647058
0.02510000  14.244116076470588
0.02512000  14.265534315294117
0.02514000  14.286952554117647
0.02516000  14.308370792941176
0.02518000  14.329789031764705
0.02520000  14.351207270588235
0.02522000  14.372625509411765
0.02524000  14.394043748235294
0.02526000  14.415461987058823
0.02528000  14.436880225882353
0.02530000  14.458298464705882
0.02532000  14.479716703529412
0.02534000  14.501134942352941
0.02536000  14.52255318117647
0.02538000  14.54397142
0.02540000  14.565389658823529
0.02542000  14.58680789764706
0.02544000  14.608226136470588
0.02546000  14.629644375294117
0.02548000  14.651062614117647
0.02550000  14.672480852941176
0.02552000  14.693899091764706
0.02554000  14.715317330588235
0.02556000  14.736735569411763
0.02558000  14.758153808235294
0.02560000  14.779572047058823
0.02562000  14.800990285882353
0.02564000  14.822408524705882
0.02566000  14.84382676352941
0.02568000  14.86524500235294
0.02570000  14.886663241176471
0.02572000  14.90808148
0.02574000  14.929499718823529
0.02576000  14.950917957647059
0.02578000  14.972336196470588
0.02580000  14.993754435294118
0.02582000  15.015172674117647
0.02584000  15.036590912941175
0.02586000  15.058009151764706
0.02588000  15.079427390588235
0.02590000  15.100845629411765
0.02592000  15.122263868235294
0.02594000  15.143682107058822
0.02596000  15.165100345882353
0.02598000  15.186518584705881
0.02600000  15.207936823529412
0.02602000  15.22935506235294
0.02604000  15.25077330117647
0.02606000  15.27219154
0.02608000  15.293609778823528
0.02610000  15.315028017647059
0.02612000  15.336446256470587
0.02614000  15.357864495294116
0.02616000  15.379282734117647
0.02618000  15.400700972941177
0.02620000  15.422119211764706
0.02622000  15.443537450588234
0.02624000  15.464955689411765
0.02626000  15.486373928235293
0.02628000  15.507792167058824
0.02630000  15.529210405882353
0.02632000  15.550628644705881
0.02634000  15.572046883529412
0.02636000  15.59346512235294
0.02638000  15.61488336117647
0.02640000  15.6363016
0.02642000  15.657719838823528
0.02644000  15.679138077647059
0.02646000  15.700556316470587
0.02648000  15.721974555294118
0.02650000  15.743392794117646
0.02652000  15.764811032941175
0.02654000  15.786229271764705
0.02656000  15.807647510588236
0.02658000  15.829065749411765
0.02660000  15.850483988235293
0.02662000  15.871902227058824
0.02664000  15.893320465882352
0.02666000  15.914738704705883
0.02668000  15.936156943529411
0.02670000  15.95757518235294
0.02672000  15.97899342117647
0.02674000  16.000411659999997
0.02676000  16.02182989882353
0.02678000  16.04324813764706
0.02680000  16.064666376470587
0.02682000  16.08608461529412
0.02684000  16.107502854117648
0.02686000  16.128921092941177
0.02688000  16.150339331764705
0.02690000  16.171757570588234
0.02692000  16.193175809411763
0.02694000  16.214594048235295
0.02696000  16.236012287058823
0.02698000  16.257430525882352
0.02700000  16.27884876470588
0.02702000  16.300267003529413
0.02704000  16.32168524235294
0.02706000  16.34310348117647
0.02708000  16.36452172
0.02710000  16.385939958823528
0.02712000  16.407358197647056
0.02714000  16.42877643647059
0.02716000  16.450194675294117
0.02718000  16.471612914117646
0.02720000  16.493031152941178
0.02722000  16.514449391764707
0.02724000  16.535867630588235
0.02726000  16.557285869411764
0.02728000  16.578704108235293
0.02730000  16.60012234705882
0.02732000  16.621540585882354
0.02734000  16.642958824705882
0.02736000  16.66437706352941
0.02738000  16.68579530235294
0.02740000  16.707213541176472
0.02742000  16.72863178
0.02744000  16.75005001882353
0.02746000  16.771468257647058
0.02748000  16.792886496470587
0.02750000  16.814304735294115
0.02752000  16.835722974117648
0.02754000  16.857141212941176
0.02756000  16.878559451764705
0.02758000  16.899977690588234
0.02760000  16.921395929411766
0.02762000  16.942814168235294
0.02764000  16.964232407058823
0.02766000  16.98565064588235
0.02768000  17.00706888470588
0.02770000  17.02848712352941
0.02772000  17.04990536235294
0.02774000  17.07132360117647
0.02776000  17.09274184
0.02778000  17.11416007882353
0.02780000  17.13557831764706
0.02782000  17.156996556470588
0.02784000  17.178414795294117
0.02786000  17.199833034117646
0.02788000  17.221251272941174
0.02790000  17.242669511764706
0.02792000  17.264087750588235
0.02794000  17.285505989411764
0.02796000  17.306924228235292
0.02798000  17.328342467058825
0.02800000  17.349760705882353
0.02802000  17.371178944705882
0.02804000  17.39259718352941
0.02806000  17.41401542235294
0.02808000  17.435433661176468
0.02810000  17.4568519
0.02812000  17.47827013882353
0.02814000  17.499688377647058
0.02816000  17.52110661647059
0.02818000  17.54252485529412
0.02820000  17.563943094117647
0.02822000  17.585361332941176
0.02824000  17.606779571764704
0.02826000  17.628197810588233
0.02828000  17.649616049411765
0.02830000  17.671034288235294
0.02832000  17.692452527058823
0.02834000  17.71387076588235
0.02836000  17.735289004705884
0.02838000  17.756707243529412
0.02840000  17.77812548235294
0.02842000  17.79954372117647
0.02844000  17.820961959999998
0.02846000  17.842380198823527
0.02848000  17.86379843764706
0.02850000  17.885216676470588
0.02852000  17.906634915294116
0.02854000  17.92805315411765
0.02856000  17.949471392941177
0.02858000  17.970889631764706
0.02860000  17.992307870588235
0.02862000  18.013726109411763
0.02864000  18.035144348235292
0.02866000  18.056562587058824
0.02868000  18.077980825882353
0.02870000  18.09939906470588
0.02872000  18.12081730352941
0.02874000  18.142235542352942
0.02876000  18.16365378117647
0.02878000  18.18507202
0.02880000  18.20649025882353
0.02882000  18.227908497647057
0.02884000  18.249326736470586
0.02886000  18.270744975294118
0.02888000  18.292163214117647
0.02890000  18.313581452941175
0.02892000  18.334999691764704
0.02894000  18.356417930588236
0.02896000  18.377836169411765
0.02898000  18.399254408235294
0.02900000  18.420672647058822
0.02902000  18.44209088588235
0.02904000  18.46350912470588
0.02906000  18.484927363529412
0.02908000  18.50634560235294
0.02910000  18.52776384117647
0.02912000  18.54918208
0.02914000  18.57060031882353
0.02916000  18.59201855764706
0.02918000  18.613436796470587
0.02920000  18.634855035294116
0.02922000  18.656273274117645
0.02924000  18.677691512941177
0.02926000  18.699109751764706
0.02928000  18.720527990588234
0.02930000  18.741946229411763
0.02932000  18.763364468235295
0.02934000  18.784782707058824
0.02936000  18.806200945882352
0.02938000  18.82761918470588
0.02940000  18.84903742352941
0.02942000  18.87045566235294
0.02944000  18.89187390117647
0.02946000  18.91329214
0.02948000  18.934710378823528
0.02950000  18.95612861764706
0.02952000  18.97754685647059
0.02954000  18.998965095294118
0.02956000  19.020383334117646
0.02958000  19.041801572941175
0.02960000  19.063219811764704
0.02962000  19.084638050588236
0.02964000  19.106056289411764
0.02966000  19.127474528235293
0.02968000  19.148892767058822
0.02970000  19.170311005882354
0.02972000  19.191729244705883
0.02974000  19.21314748352941
0.02976000  19.23456572235294
0.02978000  19.25598396117647
0.02980000  19.277402199999997
0.02982000  19.29882043882353
0.02984000  19.32023867764706
0.02986000  19.341656916470587
0.02988000  19.36307515529412
0.02990000  19.384493394117648
0.02992000  19.405911632941176
0.02994000  19.427329871764705
0.02996000  19.448748110588234
0.02998000  19.470166349411762
0.03000000  19.491584588235295
0.03002000  19.513002827058823
0.03004000  19.534421065882352
0.03006000  19.55583930470588
0.03008000  19.577257543529413
0.03010000  19.59867578235294
0.03012000  19.62009402117647
0.03014000  19.64151226
0.03016000  19.662930498823528
0.03018000  19.684348737647056
0.03020000  19.70576697647059
0.03022000  19.727185215294117
0.03024000  19.748603454117646
0.03026000  19.770021692941175
0.03028000  19.791439931764707
0.03030000  19.812858170588235
0.03032000  19.834276409411764
0.03034000  19.855694648235293
0.03036000  19.87711288705882
0.03038000  19.89853112588235
0.03040000  19.919949364705882
0.03042000  19.94136760352941
0.03044000  19.96278584235294
0.03046000  19.984204081176472
0.03048000  20.00562232
0.03050000  20.02704055882353
0.03052000  20.048458797647058
0.03054000  20.069877036470587
0.03056000  20.091295275294115
0.03058000  20.112713514117644
0.03060000  20.134131752941176
0.03062000  20.155549991764705
0.03064000  20.176968230588237
0.03066000  20.198386469411766
0.03068000  20.219804708235294
0.03070000  20.241222947058823
0.03072000  20.26264118588235
0.03074000  20.28405942470588
0.03076000  20.30547766352941
0.03078000  20.32689590235294
0.03080000  20.34831414117647
0.03082000  20.36973238
0.03084000  20.39115061882353
0.03086000  20.41256885764706
0.03088000  20.433987096470588
0.03090000  20.455405335294117
0.03092000  20.476823574117645
0.03094000  20.498241812941174
0.03096000  20.519660051764703
0.03098000  20.541078290588235
0.03100000  20.562496529411764
0.03102000  20.583914768235296
0.03104000  20.605333007058825
0.03106000  20.626751245882353
0.03108000  20.648169484705882
0.03110000  20.66958772352941
0.03112000  20.69100596235294
0.03114000  20.712424201176468
0.03116000  20.73384244
0.03118000  20.75526067882353
0.03120000  20.776678917647057
0.03122000  20.79809715647059
0.03124000  20.81951539529412
0.03126000  20.840933634117647
0.03128000  20.862351872941176
0.03130000  20.883770111764704
0.03132000  20.905188350588233
0.03134000  20.92660658941176
0.03136000  20.948024828235294
0.03138000  20.969443067058823
0.03140000  20.990861305882355
0.03142000  21.012279544705883
0.03144000  21.033697783529412
0.03146000  21.05511602235294
0.03148000  21.07653426117647
0.03150000  21.097952499999998
0.03152000  21.119370738823527
0.03154000  21.140788977647055
0.03156000  21.162207216470588
0.03158000  21.183625455294116
0.03160000  21.20504369411765
0.03162000  21.226461932941177
0.03164000  21.247880171764706
0.03166000  21.269298410588235
0.03168000  21.290716649411763
0.03170000  21.312134888235292
0.03172000  21.33355312705882
0.03174000  21.354971365882353
0.03176000  21.37638960470588
0.03178000  21.39780784352941
0.03180000  21.419226082352942
0.03182000  21.44064432117647
0.03184000  21.46206256
0.03186000  21.48348079882353
0.03188000  21.504899037647057
0.03190000  21.526317276470586
0.03192000  21.547735515294114
0.03194000  21.569153754117647
0.03196000  21.590571992941175
0.03198000  21.611990231764707
0.03200000  21.633408470588236
0.03202000  21.654826709411765
0.03204000  21.676244948235293
0.03206000  21.697663187058822
0.03208000  21.71908142588235
0.03210000  21.74049966470588
0.03212000  21.76191790352941
0.03214000  21.78333614235294
0.03216000  21.80475438117647
0.03218000  21.82617262
0.03220000  21.84759085882353
0.03222000  21.86900909764706
0.03224000  21.890427336470587
0.03226000  21.911845575294116
0.03228000  21.933263814117645
0.03230000  21.954682052941173
0.03232000  21.976100291764705
0.03234000  21.997518530588234
0.03236000  22.018936769411766
0.03238000  22.040355008235295
0.03240000  22.061773247058824
0.03242000  22.083191485882352
0.03244000  22.10460972470588
0.03246000  22.12602796352941
0.03248000  22.14744620235294
0.03250000  22.16886444117647
0.03252000  22.19028268
0.03254000  22.211700918823528
0.03256000  22.23311915764706
0.03258000  22.25453739647059
0.03260000  22.275955635294117
0.03262000  22.297373874117646
0.03264000  22.318792112941175
0.03266000  22.340210351764703
0.03268000  22.361628590588232
0.03270000  22.383046829411764
0.03272000  22.404465068235293
0.03274000  22.425883307058825
0.03276000  22.447301545882354
0.03278000  22.468719784705883
0.03280000  22.49013802352941
0.03282000  22.51155626235294
0.03284000  22.53297450117647
0.03286000  22.554392739999997
0.03288000  22.575810978823526
0.03290000  22.597229217647058
0.03292000  22.618647456470587
0.03294000  22.64006569529412
0.03296000  22.661483934117648
0.03298000  22.682902172941176
0.03300000  22.704320411764705
0.03302000  22.725738650588234
0.03304000  22.747156889411762
0.03306000  22.76857512823529
0.03308000  22.789993367058823
0.03310000  22.811411605882352
0.03312000  22.83282984470588
0.03314000  22.854248083529413
0.03316000  22.87566632235294
0.03318000  22.89708456117647
0.03320000  22.9185028
0.03322000  22.939921038823528
0.03324000  22.961339277647056
0.03326000  22.982757516470585
0.03328000  23.004175755294117
0.03330000  23.025593994117646
0.03332000  23.047012232941178
0.03334000  23.068430471764707
0.03336000  23.089848710588235
0.03338000  23.111266949411764
0.03340000  23.132685188235293
0.03342000  23.15410342705882
0.03344000  23.17552166588235
0.03346000  23.196939904705882
0.03348000  23.21835814352941
0.03350000  23.23977638235294
0.03352000  23.26119462117647
0.03354000  23.28261286
0.03356000  23.30403109882353
0.03358000  23.325449337647058
0.03360000  23.346867576470586
0.03362000  23.368285815294115
0.03364000  23.389704054117644
0.03366000  23.411122292941176
0.03368000  23.432540531764705
0.03370000  23.453958770588237
0.03372000  23.475377009411766
0.03374000  23.496795248235294
0.03376000  23.518213487058823
0.03378000  23.53963172588235
0.03380000  23.56104996470588
0.03382000  23.58246820352941
0.03384000  23.60388644235294
0.03386000  23.62530468117647
0.03388000  23.64672292
0.03390000  23.66814115882353
0.03392000  23.68955939764706
0.03394000  23.710977636470588
0.03396000  23.732395875294117
0.03398000  23.753814114117645
0.03400000  23.775232352941174
0.03402000  23.796650591764703
0.03404000  23.818068830588235
0.03406000  23.839487069411764
0.03408000  23.860905308235296
0.03410000  23.882323547058824
0.03412000  23.903741785882353
0.03414000  23.92516002470588
0.03416000  23.94657826352941
0.03418000  23.96799650235294
0.03420000  23.989414741176468
0.03422000  24.010832979999996
0.03424000  24.03225121882353
0.03426000  24.053669457647057
0.03428000  24.07508769647059
0.03430000  24.096505935294118
0.03432000  24.117924174117647
0.03434000  24.139342412941176
0.03436000  24.160760651764704
0.03438000  24.182178890588233
0.03440000  24.20359712941176
0.03442000  24.225015368235294
0.03444000  24.246433607058822
0.03446000  24.26785184588235
0.03448000  24.289270084705883
0.03450000  24.310688323529412
0.03452000  24.33210656235294
0.03454000  24.35352480117647
0.03456000  24.374943039999998
0.03458000  24.396361278823527
0.03460000  24.417779517647055
0.03462000  24.439197756470588
0.03464000  24.460615995294116
0.03466000  24.48203423411765
0.03468000  24.503452472941177
0.03470000  24.524870711764706
0.03472000  24.546288950588234
0.03474000  24.567707189411763
0.03476000  24.589125428235292
0.03478000  24.61054366705882
0.03480000  24.631961905882353
0.03482000  24.65338014470588
0.03484000  24.67479838352941
0.03486000  24.696216622352942
0.03488000  24.71763486117647
0.03490000  24.7390531
0.03492000  24.76047133882353
0.03494000  24.781889577647057
0.03496000  24.803307816470586
0.03498000  24.824726055294114
0.03500000  24.846144294117646
0.03502000  24.867562532941175
0.03504000  24.888980771764707
0.03506000  24.910399010588236
0.03508000  24.931817249411765
0.03510000  24.953235488235293
0.03512000  24.974653727058822
0.03514000  24.99607196588235
0.03516000  25.01749020470588
0.03518000  25.03890844352941
0.03520000  25.06032668235294
0.03522000  25.08174492117647
0.03524000  25.10316316
0.03526000  25.12458139882353
0.03528000  25.14599963764706
0.03530000  25.167417876470587
0.03532000  25.188836115294116
0.03534000  25.210254354117644
0.03536000  25.231672592941173
0.03538000  25.253090831764705
0.03540000  25.274509070588234
0.03542000  25.295927309411766
0.03544000  25.317345548235295
0.03546000  25.338763787058824
0.03548000  25.360182025882352
0.03550000  25.38160026470588
0.03552000  25.40301850352941
0.03554000  25.42443674235294
0.03556000  25.445854981176467
0.03558000  25.46727322
0.03560000  25.488691458823528
0.03562000  25.51010969764706
0.03564000  25.53152793647059
0.03566000  25.552946175294117
0.03568000  25.574364414117646
0.03570000  25.595782652941175
0.03572000  25.617200891764703
0.03574000  25.638619130588232
0.03576000  25.660037369411764
0.03578000  25.681455608235293
0.03580000  25.702873847058825
0.03582000  25.724292085882354
0.03584000  25.745710324705882
0.03586000  25.76712856352941
0.03588000  25.78854680235294
0.03590000  25.80996504117647
0.03592000  25.831383279999997
0.03594000  25.852801518823526
0.03596000  25.874219757647058
0.03598000  25.895637996470587
0.03600000  25.91705623529412
0.03602000  25.938474474117648
0.03604000  25.959892712941176
0.03606000  25.981310951764705
0.03608000  26.002729190588234
0.03610000  26.024147429411762
0.03612000  26.04556566823529
0.03614000  26.066983907058823
0.03616000  26.088402145882352
0.03618000  26.10982038470588
0.03620000  26.131238623529413
0.03622000  26.15265686235294
0.03624000  26.17407510117647
0.03626000  26.19549334
0.03628000  26.216911578823527
0.03630000  26.238329817647056
0.03632000  26.259748056470585
0.03634000  26.281166295294117
0.03636000  26.302584534117646
0.03638000  26.324002772941178
0.03640000  26.345421011764707
0.03642000  26.366839250588235
0.03644000  26.388257489411764
0.03646000  26.409675728235293
0.03648000  26.43109396705882
0.03650000  26.45251220588235
0.03652000  26.473930444705882
0.03654000  26.49534868352941
0.03656000  26.51676692235294
0.03658000  26.53818516117647
0.03660000  26.5596034
0.03662000  26.58102163882353
0.03664000  26.602439877647058
0.03666000  26.623858116470586
0.03668000  26.645276355294115
0.03670000  26.666694594117644
0.03672000  26.688112832941176
0.03674000  26.709531071764705
0.03676000  26.730949310588237
0.03678000  26.752367549411765
0.03680000  26.773785788235294
0.03682000  26.795204027058823
0.03684000  26.81662226588235
0.03686000  26.83804050470588
0.03688000  26.85945874352941
0.03690000  26.880876982352937
0.03692000  26.90229522117647
0.03694000  26.92371346
0.03696000  26.94513169882353
0.03698000  26.96654993764706
0.03700000  26.987968176470588
0.03702000  27.009386415294117
0.03704000  27.030804654117645
0.03706000  27.052222892941174
0.03708000  27.073641131764703
0.03710000  27.095059370588235
0.03712000  27.116477609411763
0.03714000  27.137895848235296
0.03716000  27.159314087058824
0.03718000  27.180732325882353
0.03720000  27.20215056470588
0.03722000  27.22356880352941
0.03724000  27.24498704235294
0.03726000  27.266405281176468
0.03728000  27.287823519999996
0.03730000  27.30924175882353
0.03732000  27.330659997647057
0.03734000  27.35207823647059
0.03736000  27.373496475294118
0.03738000  27.394914714117647
0.03740000  27.416332952941175
0.03742000  27.437751191764704
0.03744000  27.459169430588233
0.03746000  27.48058766941176
0.03748000  27.502005908235294
0.03750000  27.523424147058822
0.03752000  27.54484238588235
0.03754000  27.566260624705883
0.03756000  27.587678863529412
0.03758000  27.60909710235294
0.03760000  27.63051534117647
0.03762000  27.651933579999998
0.03764000  27.673351818823527
0.03766000  27.694770057647055
0.03768000  27.716188296470587
0.03770000  27.737606535294116
0.03772000  27.75902477411765
0.03774000  27.780443012941177
0.03776000  27.801861251764706
0.03778000  27.823279490588234
0.03780000  27.844697729411763
0.03782000  27.86611596823529
0.03784000  27.88753420705882
0.03786000  27.908952445882353
0.03788000  27.93037068470588
0.03790000  27.95178892352941
0.03792000  27.973207162352942
0.03794000  27.99462540117647
0.03796000  28.01604364
0.03798000  28.037461878823528
0.03800000  28.058880117647057
0.03802000  28.080298356470585
0.03804000  28.101716595294114
0.03806000  28.123134834117643
0.03808000  28.14455307294118
0.03810000  28.165971311764707
0.03812000  28.187389550588236
0.03814000  28.208807789411765
0.03816000  28.230226028235293
0.03818000  28.251644267058822
0.03820000  28.27306250588235
0.03822000  28.29448074470588
0.03824000  28.315898983529408
0.03826000  28.337317222352937
0.03828000  28.358735461176472
0.03830000  28.3801537
0.03832000  28.40157193882353
0.03834000  28.42299017764706
0.03836000  28.444408416470587
0.03838000  28.465826655294116
0.03840000  28.487244894117644
0.03842000  28.508663132941173
0.03844000  28.5300813717647
0.03846000  28.551499610588237
0.03848000  28.572917849411766
0.03850000  28.594336088235295
0.03852000  28.615754327058823
0.03854000  28.637172565882352
0.03856000  28.65859080470588
0.03858000  28.68000904352941
0.03860000  28.701427282352938
0.03862000  28.722845521176467
0.03864000  28.744263759999996
0.03866000  28.76568199882353
0.03868000  28.78710023764706
0.03870000  28.80851847647059
0.03872000  28.829936715294117
0.03874000  28.851354954117646
0.03876000  28.872773192941175
0.03878000  28.894191431764703
0.03880000  28.915609670588232
0.03882000  28.93702790941176
0.03884000  28.958446148235296
0.03886000  28.979864387058825
0.03888000  29.001282625882354
0.03890000  29.022700864705882
0.03892000  29.04411910352941
0.03894000  29.06553734235294
0.03896000  29.08695558117647
0.03898000  29.108373819999997
0.03900000  29.129792058823526
0.03902000  29.151210297647054
0.03904000  29.17262853647059
0.03906000  29.19404677529412
0.03908000  29.215465014117648
0.03910000  29.236883252941176
0.03912000  29.258301491764705
0.03914000  29.279719730588234
0.03916000  29.301137969411762
0.03918000  29.32255620823529
0.03920000  29.34397444705882
0.03922000  29.365392685882348
0.03924000  29.386810924705884
0.03926000  29.408229163529413
0.03928000  29.42964740235294
0.03930000  29.45106564117647
0.03932000  29.47248388
0.03934000  29.493902118823527
0.03936000  29.515320357647056
0.03938000  29.536738596470585
0.03940000  29.558156835294113
0.03942000  29.57957507411765
0.03944000  29.600993312941178
0.03946000  29.622411551764706
0.03948000  29.643829790588235
0.03950000  29.665248029411764
0.03952000  29.686666268235292
0.03954000  29.70808450705882
0.03956000  29.72950274588235
0.03958000  29.75092098470588
0.03960000  29.772339223529407
0.03962000  29.793757462352943
0.03964000  29.81517570117647
0.03966000  29.83659394
0.03968000  29.85801217882353
0.03970000  29.879430417647058
0.03972000  29.900848656470586
0.03974000  29.922266895294115
0.03976000  29.943685134117644
0.03978000  29.965103372941172
0.03980000  29.986521611764708
0.03982000  30.007939850588237
0.03984000  30.029358089411765
0.03986000  30.050776328235294
0.03988000  30.072194567058823
0.03990000  30.09361280588235
0.03992000  30.11503104470588
0.03994000  30.13644928352941
0.03996000  30.157867522352937
0.03998000  30.179285761176466
0.04000000  30.200704
0.04002000  30.394608
0.04004000  30.57415
0.04006000  30.740121
0.04008000  30.894207
0.04010000  31.047137
0.04012000  31.230319
0.04014000  31.477038
0.04016000  31.810495
0.04018000  32.258529
0.04020000  32.853049
0.04022000  33.670327
0.04024000  34.9385
0.04026000  36.961836
0.04028000  40.172492
0.04030000  45.279679
0.04032000  53.49617
0.04034000  66.921046
0.04036000  89.162918
0.04038000  125.136253
0.04040000  178.100499
0.04042000  252.979033
0.04044000  365.744206
0.04046000  564.815831
0.04048000  998.827883
0.04050000  2047.360359
0.04052000  4174.520951
0.04054000  7563.422107
0.04056000  11207.297479
0.04058000  13199.681664
0.04060000  11845.620606
0.04062000  8044.865744
0.04064000  4416.486352
0.04066000  2203.82109
0.04068000  1129.644586
0.04070000  618.55275
0.04072000  360.652002
0.04074000  221.764711
0.04076000  142.479235
0.04078000  95.294175
0.04080000  66.57396
0.04082000  48.784038
0.04084000  37.517855
0.04086000  30.179883
0.04088000  25.256212
0.04090000  21.857886
0.04092000  19.452097
0.04094000  17.711672
0.04096000  16.429735
0.04098000  15.470701
0.04100000  14.744123
0.04102000  14.188192
0.04104000  13.759375
0.04106000  13.426783
0.04108000  13.167724
0.04110000  12.965064
0.04112000  12.805996
0.04114000  12.681023
0.04116000  12.582843
0.04118000  12.505847
0.04120000  12.445619
0.04122000  12.398843
0.04124000  12.36264
0.04126000  12.334877
0.04128000  12.313883
0.04130000  12.298097
0.04132000  12.286314
0.04134000  12.277589
0.04136000  12.271071
0.04138000  12.26591
0.04140000  12.261512
0.04142000  12.257792
0.04144000  12.254411
0.04146000  12.251369
0.04148000  12.248412
0.04150000  12.245455
0.04152000  12.2425
0.04154000  12.239461
0.04156000  12.236338
0.04158000  12.233132
0.04160000  12.229758
0.04162000  12.226384
0.04164000  12.222928
0.04166000  12.219472
0.04168000  12.215933
0.04170000  12.212311
0.04172000  12.208774
0.04174000  12.205154
0.04176000  12.201535
0.04178000  12.197917
0.04180000  12.194217
0.04182000  12.190601
0.04184000  12.186986
0.04186000  12.183373
0.04188000  12.17976
0.04190000  12.176149
0.04192000  12.172539
0.04194000  12.168929
0.04196000  12.165321
0.04198000  12.161798
0.04200000  12.158192
0.04202000  12.154671
0.04204000  12.15115
0.04206000  12.147631
0.04208000  12.144113
0.04210000  12.140596
0.04212000  12.13708
0.04214000  12.133649
0.04216000  12.130135
0.04218000  12.126705
0.04220000  12.123277
0.04222000  12.119849
0.04224000  12.116423
0.04226000  12.112997
0.04228000  12.109656
0.04230000  12.106233
0.04232000  12.102893
0.04234000  12.099555
0.04236000  12.096218
0.04238000  12.092881
0.04240000  12.089546
0.04242000  12.086211
0.04244000  12.082961
0.04246000  12.079628
0.04248000  12.07638
0.04250000  12.073132
0.04252000  12.069885
0.04254000  12.066639
0.04256000  12.063394
0.04258000  12.06015
0.04260000  12.05699
0.04262000  12.053747
0.04264000  12.050589
0.04266000  12.047431
0.04268000  12.044274
0.04270000  12.041118
0.04272000  12.037963
0.04274000  12.034809
0.04276000  12.031738
0.04278000  12.028668
0.04280000  12.025516
0.04282000  12.022448
0.04284000  12.019381
0.04286000  12.016314
0.04288000  12.013248
0.04290000  12.010266
0.04292000  12.007202
0.04294000  12.004138
0.04296000  12.001158
0.04298000  11.998179
0.04300000  11.995201
0.04302000  12.016619238823528
0.04304000  12.038037477647059
0.04306000  12.059455716470588
0.04308000  12.080873955294118
0.04310000  12.102292194117647
0.04312000  12.123710432941177
0.04314000  12.145128671764706
0.04316000  12.166546910588234
0.04318000  12.187965149411765
0.04320000  12.209383388235294
0.04322000  12.230801627058824
0.04324000  12.252219865882353
0.04326000  12.273638104705881
0.04328000  12.295056343529412
0.04330000  12.31647458235294
0.04332000  12.337892821176471
0.04334000  12.35931106
0.04336000  12.38072929882353
0.04338000  12.402147537647059
0.04340000  12.423565776470587
0.04342000  12.444984015294118
0.04344000  12.466402254117646
0.04346000  12.487820492941177
0.04348000  12.509238731764706
0.04350000  12.530656970588234
0.04352000  12.552075209411765
0.04354000  12.573493448235293
0.04356000  12.594911687058824
0.04358000  12.616329925882352
0.04360000  12.637748164705883
0.04362000  12.659166403529412
0.04364000  12.68058464235294
0.04366000  12.70200288117647
0.04368000  12.72342112
0.04370000  12.74483935882353
0.04372000  12.766257597647058
0.04374000  12.787675836470587
0.04376000  12.809094075294118
0.04378000  12.830512314117646
0.04380000  12.851930552941177
0.04382000  12.873348791764705
0.04384000  12.894767030588236
0.04386000  12.916185269411764
0.04388000  12.937603508235293
0.04390000  12.959021747058824
0.04392000  12.980439985882352
0.04394000  13.001858224705883
0.04396000  13.023276463529411
0.04398000  13.044694702352942
0.04400000  13.06611294117647
0.04402000  13.08753118
0.04404000  13.10894941882353
0.04406000  13.130367657647058
0.04408000  13.151785896470589
0.04410000  13.173204135294117
0.04412000  13.194622374117646
0.04414000  13.216040612941176
0.04416000  13.237458851764705
0.04418000  13.258877090588236
0.04420000  13.280295329411764
0.04422000  13.301713568235293
0.04424000  13.323131807058823
0.04426000  13.344550045882352
0.04428000  13.365968284705882
0.04430000  13.387386523529411
0.04432000  13.408804762352942
0.04434000  13.43022300117647
0.04436000  13.451641239999999
0.04438000  13.47305947882353
0.04440000  13.494477717647058
0.04442000  13.515895956470589
0.04444000  13.537314195294117
0.04446000  13.558732434117648
0.04448000  13.580150672941176
0.04450000  13.601568911764705
0.04452000  13.622987150588235
0.04454000  13.644405389411764
0.04456000  13.665823628235295
0.04458000  13.687241867058823
0.04460000  13.708660105882352
0.04462000  13.730078344705882
0.04464000  13.751496583529411
0.04466000  13.772914822352941
0.04468000  13.79433306117647
0.04470000  13.815751299999999
0.04472000  13.83716953882353
0.04474000  13.858587777647058
0.04476000  13.880006016470588
0.04478000  13.901424255294117
0.04480000  13.922842494117647
0.04482000  13.944260732941176
0.04484000  13.965678971764707
0.04486000  13.987097210588235
0.04488000  14.008515449411764
0.04490000  14.029933688235294
0.04492000  14.051351927058823
0.04494000  14.072770165882353
0.04496000  14.094188404705882
0.04498000  14.11560664352941
0.04500000  14.137024882352941
0.04502000  14.15844312117647
0.04504000  14.17986136
0.04506000  14.201279598823529
0.04508000  14.222697837647058
0.04510000  14.244116076470588
0.04512000  14.265534315294117
0.04514000  14.286952554117647
0.04516000  14.308370792941176
0.04518000  14.329789031764705
0.04520000  14.351207270588235
0.04522000  14.372625509411765
0.04524000  14.394043748235294
0.04526000  14.415461987058823
0.04528000  14.436880225882353
0.04530000  14.458298464705882
0.04532000  14.479716703529412
0.04534000  14.501134942352941
0.04536000  14.52255318117647
0.04538000  14.54397142
0.04540000  14.565389658823529
0.04542000  14.58680789764706
0.04544000  14.608226136470588
0.04546000  14.629644375294117
0.04548000  14.651062614117647
0.04550000  14.672480852941176
0.04552000  14.693899091764706
0.04554000  14.715317330588235
0.04556000  14.736735569411763
0.04558000  14.758153808235294
0.04560000  14.779572047058823
0.04562000  14.800990285882353
0.04564000  14.822408524705882
0.04566000  14.84382676352941
0.04568000  14.86524500235294
0.04570000  14.886663241176471
0.04572000  14.90808148
0.04574000  14.929499718823529
0.04576000  14.950917957647059
0.04578000  14.972336196470588
0.04580000  14.993754435294118
0.04582000  15.015172674117647
0.04584000  15.036590912941175
0.04586000  15.058009151764706
0.04588000  15.079427390588235
0.04590000  15.100845629411765
0.04592000  15.122263868235294
0.04594000  15.143682107058822
0.04596000  15.165100345882353
0.04598000  15.186518584705881
0.04600000  15.207936823529412
0.04602000  15.22935506235294
0.04604000  15.25077330117647
0.04606000  15.27219154
0.04608000  15.293609778823528
0.04610000  15.315028017647059
0.04612000  15.336446256470587
0.04614000  15.357864495294116
0.04616000  15.379282734117647
0.04618000  15.400700972941177
0.04620000  15.422119211764706
0.04622000  15.443537450588234
0.04624000  15.464955689411765
0.04626000  15.486373928235293
0.04628000  15.507792167058824
0.04630000  15.529210405882353
0.04632000  15.550628644705881
0.04634000  15.572046883529412
0.04636000  15.59346512235294
0.04638000  15.61488336117647
0.04640000  15.6363016
0.04642000  15.657719838823528
0.04644000  15.679138077647059
0.04646000  15.700556316470587
0.04648000  15.721974555294118
0.04650000  15.743392794117646
0.04652000  15.764811032941175
0.04654000  15.786229271764705
0.04656000  15.807647510588236
0.04658000  15.829065749411765
0.04660000  15.850483988235293
0.04662000  15.871902227058824
0.04664000  15.893320465882352
0.04666000  15.914738704705883
0.04668000  15.936156943529411
0.04670000  15.95757518235294
0.04672000  15.97899342117647
0.04674000  16.000411659999997
0.04676000  16.02182989882353
0.04678000  16.04324813764706
0.04680000  16.064666376470587
0.04682000  16.08608461529412
0.04684000  16.107502854117648
0.04686000  16.128921092941177
0.04688000  16.150339331764705
0.04690000  16.171757570588234
0.04692000  16.193175809411763
0.04694000  16.214594048235295
0.04696000  16.236012287058823
0.04698000  16.257430525882352
0.04700000  16.27884876470588
0.04702000  16.300267003529413
0.04704000  16.32168524235294
0.04706000  16.34310348117647
0.04708000  16.36452172
0.04710000  16.385939958823528
0.04712000  16.407358197647056
0.04714000  16.42877643647059
0.04716000  16.450194675294117
0.04718000  16.471612914117646
0.04720000  16.493031152941178
0.04722000  16.514449391764707
0.04724000  16.535867630588235
0.04726000  16.557285869411764
0.04728000  16.578704108235293
0.04730000  16.60012234705882
0.04732000  16.621540585882354
0.04734000  16.642958824705882
0.04736000  16.66437706352941
0.04738000  16.68579530235294
0.04740000  16.707213541176472
0.04742000  16.72863178
0.04744000  16.75005001882353
0.04746000  16.771468257647058
0.04748000  16.792886496470587
0.04750000  16.814304735294115
0.04752000  16.835722974117648
0.04754000  16.857141212941176
0.04756000  16.878559451764705
0.04758000  16.899977690588234
0.04760000  16.921395929411766
0.04762000  16.942814168235294
0.04764000  16.964232407058823
0.04766000  16.98565064588235
0.04768000  17.00706888470588
0.04770000  17.02848712352941
0.04772000  17.04990536235294
0.04774000  17.07132360117647
0.04776000  17.09274184
0.04778000  17.11416007882353
0.04780000  17.13557831764706
0.04782000  17.156996556470588
0.04784000  17.178414795294117
0.04786000  17.199833034117646
0.04788000  17.221251272941174
0.04790000  17.242669511764706
0.04792000  17.264087750588235
0.04794000  17.285505989411764
0.04796000  17.306924228235292
0.04798000  17.328342467058825
0.04800000  17.349760705882353
0.04802000  17.371178944705882
0.04804000  17.39259718352941
0.04806000  17.41401542235294
0.04808000  17.435433661176468
0.04810000  17.4568519
0.04812000  17.47827013882353
0.04814000  17.499688377647058
0.04816000  17.52110661647059
0.04818000  17.54252485529412
0.04820000  17.563943094117647
0.04822000  17.585361332941176
0.04824000  17.606779571764704
0.04826000  17.628197810588233
0.04828000  17.649616049411765
0.04830000  17.671034288235294
0.04832000  17.692452527058823
0.04834000  17.71387076588235
0.04836000  17.735289004705884
0.04838000  17.756707243529412
0.04840000  17.77812548235294
0.04842000  17.79954372117647
0.04844000  17.820961959999998
0.04846000  17.842380198823527
0.04848000  17.86379843764706
0.04850000  17.885216676470588
0.04852000  17.906634915294116
0.04854000  17.92805315411765
0.04856000  17.949471392941177
0.04858000  17.970889631764706
0.04860000  17.992307870588235
0.04862000  18.013726109411763
0.04864000  18.035144348235292
0.04866000  18.056562587058824
0.04868000  18.077980825882353
0.04870000  18.09939906470588
0.04872000  18.12081730352941
0.04874000  18.142235542352942
0.04876000  18.16365378117647
0.04878000  18.18507202
0.04880000  18.20649025882353
0.04882000  18.227908497647057
0.04884000  18.249326736470586
0.04886000  18.270744975294118
0.04888000  18.292163214117647
0.04890000  18.313581452941175
0.04892000  18.334999691764704
0.04894000  18.356417930588236
0.04896000  18.377836169411765
0.04898000  18.399254408235294
0.04900000  18.420672647058822
0.04902000  18.44209088588235
0.04904000  18.46350912470588
0.04906000  18.484927363529412
0.04908000  18.50634560235294
0.04910000  18.52776384117647
0.04912000  18.54918208
0.04914000  18.57060031882353
0.04916000  18.59201855764706
0.04918000  18.613436796470587
0.04920000  18.634855035294116
0.04922000  18.656273274117645
0.04924000  18.677691512941177
0.04926000  18.699109751764706
0.04928000  18.720527990588234
0.04930000  18.741946229411763
0.04932000  18.763364468235295
0.04934000  18.784782707058824
0.04936000  18.806200945882352
0.04938000  18.82761918470588
0.04940000  18.84903742352941
0.04942000  18.87045566235294
0.04944000  18.89187390117647
0.04946000  18.91329214
0.04948000  18.934710378823528
0.04950000  18.95612861764706
0.04952000  18.97754685647059
0.04954000  18.998965095294118
0.04956000  19.020383334117646
0.04958000  19.041801572941175
0.04960000  19.063219811764704
0.04962000  19.084638050588236
0.04964000  19.106056289411764
0.04966000  19.127474528235293
0.04968000  19.148892767058822
0.04970000  19.170311005882354
0.04972000  19.191729244705883
0.04974000  19.21314748352941
0.04976000  19.23456572235294
0.04978000  19.25598396117647
0.04980000  19.277402199999997
0.04982000  19.29882043882353
0.04984000  19.32023867764706
0.04986000  19.341656916470587
0.04988000  19.36307515529412
0.04990000  19.384493394117648
0.04992000  19.405911632941176
0.04994000  19.427329871764705
0.04996000  19.448748110588234
0.04998000  19.470166349411762
0.05000000  19.491584588235295
0.05002000  19.513002827058823
0.05004000  19.534421065882352
0.05006000  19.55583930470588
0.05008000  19.577257543529413
0.05010000  19.59867578235294
0.05012000  19.62009402117647
0.05014000  19.64151226
0.05016000  19.662930498823528
0.05018000  19.684348737647056
0.05020000  19.70576697647059
0.05022000  19.727185215294117
0.05024000  19.748603454117646
0.05026000  19.770021692941175
0.05028000  19.791439931764707
0.05030000  19.812858170588235
0.05032000  19.834276409411764
0.05034000  19.855694648235293
0.05036000  19.87711288705882
0.05038000  19.89853112588235
0.05040000  19.919949364705882
0.05042000  19.94136760352941
0.05044000  19.96278584235294
0.05046000  19.984204081176472
0.05048000  20.00562232
0.05050000  20.02704055882353
0.05052000  20.048458797647058
0.05054000  20.069877036470587
0.05056000  20.091295275294115
0.05058000  20.112713514117644
0.05060000  20.134131752941176
0.05062000  20.155549991764705
0.05064000  20.176968230588237
0.05066000  20.198386469411766
0.05068000  20.219804708235294
0.05070000  20.241222947058823
0.05072000  20.26264118588235
0.05074000  20.28405942470588
0.05076000  20.30547766352941
0.05078000  20.32689590235294
0.05080000  20.34831414117647
0.05082000  20.36973238
0.05084000  20.39115061882353
0.05086000  20.41256885764706
0.05088000  20.433987096470588
0.05090000  20.455405335294117
0.05092000  20.476823574117645
0.05094000  20.498241812941174
0.05096000  20.519660051764703
0.05098000  20.541078290588235
0.05100000  20.562496529411764
0.05102000  20.583914768235296
0.05104000  20.605333007058825
0.05106000  20.626751245882353
0.05108000  20.648169484705882
0.05110000  20.66958772352941
0.05112000  20.69100596235294
0.05114000  20.712424201176468
0.05116000  20.73384244
0.05118000  20.75526067882353
0.05120000  20.776678917647057
0.05122000  20.79809715647059
0.05124000  20.81951539529412
0.05126000  20.840933634117647
0.05128000  20.862351872941176
0.05130000  20.883770111764704
0.05132000  20.905188350588233
0.05134000  20.92660658941176
0.05136000  20.948024828235294
0.05138000  20.969443067058823
0.05140000  20.990861305882355
0.05142000  21.012279544705883
0.05144000  21.033697783529412
0.05146000  21.05511602235294
0.05148000  21.07653426117647
0.05150000  21.097952499999998
0.05152000  21.119370738823527
0.05154000  21.140788977647055
0.05156000  21.162207216470588
0.05158000  21.183625455294116
0.05160000  21.20504369411765
0.05162000  21.226461932941177
0.05164000  21.247880171764706
0.05166000  21.269298410588235
0.05168000  21.290716649411763
0.05170000  21.312134888235292
0.05172000  21.33355312705882
0.05174000  21.354971365882353
0.05176000  21.37638960470588
0.05178000  21.39780784352941
0.05180000  21.419226082352942
0.05182000  21.44064432117647
0.05184000  21.46206256
0.05186000  21.48348079882353
0.05188000  21.504899037647057
0.05190000  21.526317276470586
0.05192000  21.547735515294114
0.05194000  21.569153754117647
0.05196000  21.590571992941175
0.05198000  21.611990231764707
0.05200000  21.633408470588236
0.05202000  21.654826709411765
0.05204000  21.676244948235293
0.05206000  21.697663187058822
0.05208000  21.71908142588235
0.05210000  21.74049966470588
0.05212000  21.76191790352941
0.05214000  21.78333614235294
0.05216000  21.80475438117647
0.05218000  21.82617262
0.05220000  21.84759085882353
0.05222000  21.86900909764706
0.05224000  21.890427336470587
0.05226000  21.911845575294116
0.05228000  21.933263814117645
0.05230000  21.954682052941173
0.05232000  21.976100291764705
0.05234000  21.997518530588234
0.05236000  22.018936769411766
0.05238000  22.040355008235295
0.05240000  22.061773247058824
0.05242000  22.083191485882352
0.05244000  22.10460972470588
0.05246000  22.12602796352941
0.05248000  22.14744620235294
0.05250000  22.16886444117647
0.05252000  22.19028268
0.05254000  22.211700918823528
0.05256000  22.23311915764706
0.05258000  22.25453739647059
0.05260000  22.275955635294117
0.05262000  22.297373874117646
0.05264000  22.318792112941175
0.05266000  22.340210351764703
0.05268000  22.361628590588232
0.05270000  22.383046829411764
0.05272000  22.404465068235293
0.05274000  22.425883307058825
0.05276000  22.447301545882354
0.05278000  22.468719784705883
0.05280000  22.49013802352941
0.05282000  22.51155626235294
0.05284000  22.53297450117647
0.05286000  22.554392739999997
0.05288000  22.575810978823526
0.05290000  22.597229217647058
0.05292000  22.618647456470587
0.05294000  22.64006569529412
0.05296000  22.661483934117648
0.05298000  22.682902172941176
0.05300000  22.704320411764705
0.05302000  22.725738650588234
0.05304000  22.747156889411762
0.05306000  22.76857512823529
0.05308000  22.789993367058823
0.05310000  22.811411605882352
0.05312000  22.83282984470588
0.05314000  22.854248083529413
0.05316000  22.87566632235294
0.05318000  22.89708456117647
0.05320000  22.9185028
0.05322000  22.939921038823528
0.05324000  22.961339277647056
0.05326000  22.982757516470585
0.05328000  23.004175755294117
0.05330000  23.025593994117646
0.05332000  23.047012232941178
0.05334000  23.068430471764707
0.05336000  23.089848710588235
0.05338000  23.111266949411764
0.05340000  23.132685188235293
0.05342000  23.15410342705882
0.05344000  23.17552166588235
0.05346000  23.196939904705882
0.05348000  23.21835814352941
0.05350000  23.23977638235294
0.05352000  23.26119462117647
0.05354000  23.28261286
0.05356000  23.30403109882353
0.05358000  23.325449337647058
0.05360000  23.346867576470586
0.05362000  23.368285815294115
0.05364000  23.389704054117644
0.05366000  23.411122292941176
0.05368000  23.432540531764705
0.05370000  23.453958770588237
0.05372000  23.475377009411766
0.05374000  23.496795248235294
0.05376000  23.518213487058823
0.05378000  23.53963172588235
0.05380000  23.56104996470588
0.05382000  23.58246820352941
0.05384000  23.60388644235294
0.05386000  23.62530468117647
0.05388000  23.64672292
0.05390000  23.66814115882353
0.05392000  23.68955939764706
0.05394000  23.710977636470588
0.05396000  23.732395875294117
0.05398000  23.753814114117645
0.05400000  23.775232352941174
0.05402000  23.796650591764703
0.05404000  23.818068830588235
0.05406000  23.839487069411764
0.05408000  23.860905308235296
0.05410000  23.882323547058824
0.05412000  23.903741785882353
0.05414000  23.92516002470588
0.05416000  23.94657826352941
0.05418000  23.96799650235294
0.05420000  23.989414741176468
0.05422000  24.010832979999996
0.05424000  24.03225121882353
0.05426000  24.053669457647057
0.05428000  24.07508769647059
0.05430000  24.096505935294118
0.05432000  24.117924174117647
0.05434000  24.139342412941176
0.05436000  24.160760651764704
0.05438000  24.182178890588233
0.05440000  24.20359712941176
0.05442000  24.225015368235294
0.05444000  24.246433607058822
0.05446000  24.26785184588235
0.05448000  24.289270084705883
0.05450000  24.310688323529412
0.05452000  24.33210656235294
0.05454000  24.35352480117647
0.05456000  24.374943039999998
0.05458000  24.396361278823527
0.05460000  24.417779517647055
0.05462000  24.439197756470588
0.05464000  24.460615995294116
0.05466000  24.48203423411765
0.05468000  24.503452472941177
0.05470000  24.524870711764706
0.05472000  24.546288950588234
0.05474000  24.567707189411763
0.05476000  24.589125428235292
0.05478000  24.61054366705882
0.05480000  24.631961905882353
0.05482000  24.65338014470588
0.05484000  24.67479838352941
0.05486000  24.696216622352942
0.05488000  24.71763486117647
0.05490000  24.7390531
0.05492000  24.76047133882353
0.05494000  24.781889577647057
0.05496000  24.803307816470586
0.05498000  24.824726055294114
0.05500000  24.846144294117646
0.05502000  24.867562532941175
0.05504000  24.888980771764707
0.05506000  24.910399010588236
0.05508000  24.931817249411765
0.05510000  24.953235488235293
0.05512000  24.974653727058822
0.05514000  24.99607196588235
0.05516000  25.01749020470588
0.05518000  25.03890844352941
0.05520000  25.06032668235294
0.05522000  25.08174492117647
0.05524000  25.10316316
0.05526000  25.12458139882353
0.05528000  25.14599963764706
0.05530000  25.167417876470587
0.05532000  25.188836115294116
0.05534000  25.210254354117644
0.05536000  25.231672592941173
0.05538000  25.253090831764705
0.05540000  25.274509070588234
0.05542000  25.295927309411766
0.05544000  25.317345548235295
0.05546000  25.338763787058824
0.05548000  25.360182025882352
0.05550000  25.38160026470588
0.05552000  25.40301850352941
0.05554000  25.42443674235294
0.05556000  25.445854981176467
0.05558000  25.46727322
0.05560000  25.488691458823528
0.05562000  25.51010969764706
0.05564000  25.53152793647059
0.05566000  25.552946175294117
0.05568000  25.574364414117646
0.05570000  25.595782652941175
0.05572000  25.617200891764703
0.05574000  25.638619130588232
0.05576000  25.660037369411764
0.05578000  25.681455608235293
0.05580000  25.702873847058825
0.05582000  25.724292085882354
0.05584000  25.745710324705882
0.05586000  25.76712856352941
0.05588000  25.78854680235294
0.05590000  25.80996504117647
0.05592000  25.831383279999997
0.05594000  25.852801518823526
0.05596000  25.874219757647058
0.05598000  25.895637996470587
0.05600000  25.91705623529412
0.05602000  25.938474474117648
0.05604000  25.959892712941176
0.05606000  25.981310951764705
0.05608000  26.002729190588234
0.05610000  26.024147429411762
0.05612000  26.04556566823529
0.05614000  26.066983907058823
0.05616000  26.088402145882352
0.05618000  26.10982038470588
0.05620000  26.131238623529413
0.05622000  26.15265686235294
0.05624000  26.17407510117647
0.05626000  26.19549334
0.05628000  26.216911578823527
0.05630000  26.238329817647056
0.05632000  26.259748056470585
0.05634000  26.281166295294117
0.05636000  26.302584534117646
0.05638000  26.324002772941178
0.05640000  26.345421011764707
0.05642000  26.366839250588235
0.05644000  26.388257489411764
0.05646000  26.409675728235293
0.05648000  26.43109396705882
0.05650000  26.45251220588235
0.05652000  26.473930444705882
0.05654000  26.49534868352941
0.05656000  26.51676692235294
0.05658000  26.53818516117647
0.05660000  26.5596034
0.05662000  26.58102163882353
0.05664000  26.602439877647058
0.05666000  26.623858116470586
0.05668000  26.645276355294115
0.05670000  26.666694594117644
0.05672000  26.688112832941176
0.05674000  26.709531071764705
0.05676000  26.730949310588237
0.05678000  26.752367549411765
0.05680000  26.773785788235294
0.05682000  26.795204027058823
0.05684000  26.81662226588235
0.05686000  26.83804050470588
0.05688000  26.85945874352941
0.05690000  26.880876982352937
0.05692000  26.90229522117647
0.05694000  26.92371346
0.05696000  26.94513169882353
0.05698000  26.96654993764706
0.05700000  26.987968176470588
0.05702000  27.009386415294117
0.05704000  27.030804654117645
0.05706000  27.052222892941174
0.05708000  27.073641131764703
0.05710000  27.095059370588235
0.05712000  27.116477609411763
0.05714000  27.137895848235296
0.05716000  27.159314087058824
0.05718000  27.180732325882353
0.05720000  27.20215056470588
0.05722000  27.22356880352941
0.05724000  27.24498704235294
0.05726000  27.266405281176468
0.05728000  27.287823519999996
0.05730000  27.30924175882353
0.05732000  27.330659997647057
0.05734000  27.35207823647059
0.05736000  27.373496475294118
0.05738000  27.394914714117647
0.05740000  27.416332952941175
0.05742000  27.437751191764704
0.05744000  27.459169430588233
0.05746000  27.48058766941176
0.05748000  27.502005908235294
0.05750000  27.523424147058822
0.05752000  27.54484238588235
0.05754000  27.566260624705883
0.05756000  27.587678863529412
0.05758000  27.60909710235294
0.05760000  27.63051534117647
0.05762000  27.651933579999998
0.05764000  27.673351818823527
0.05766000  27.694770057647055
0.05768000  27.716188296470587
0.05770000  27.737606535294116
0.05772000  27.75902477411765
0.05774000  27.780443012941177
0.05776000  27.801861251764706
0.05778000  27.823279490588234
0.05780000  27.844697729411763
0.05782000  27.86611596823529
0.05784000  27.88753420705882
0.05786000  27.908952445882353
0.05788000  27.93037068470588
0.05790000  27.95178892352941
0.05792000  27.973207162352942
0.05794000  27.99462540117647
0.05796000  28.01604364
0.05798000  28.037461878823528
0.05800000  28.058880117647057
0.05802000  28.080298356470585
0.05804000  28.101716595294114
0.05806000  28.123134834117643
0.05808000  28.14455307294118
0.05810000  28.165971311764707
0.05812000  28.187389550588236
0.05814000  28.208807789411765
0.05816000  28.230226028235293
0.05818000  28.251644267058822
0.05820000  28.27306250588235
0.05822000  28.29448074470588
0.05824000  28.315898983529408
0.05826000  28.337317222352937
0.05828000  28.358735461176472
0.05830000  28.3801537
0.05832000  28.40157193882353
0.05834000  28.42299017764706
0.05836000  28.444408416470587
0.05838000  28.465826655294116
0.05840000  28.487244894117644
0.05842000  28.508663132941173
0.05844000  28.5300813717647
0.05846000  28.551499610588237
0.05848000  28.572917849411766
0.05850000  28.594336088235295
0.05852000  28.615754327058823
0.05854000  28.637172565882352
0.05856000  28.65859080470588
0.05858000  28.68000904352941
0.05860000  28.701427282352938
0.05862000  28.722845521176467
0.05864000  28.744263759999996
0.05866000  28.76568199882353
0.05868000  28.78710023764706
0.05870000  28.80851847647059
0.05872000  28.829936715294117
0.05874000  28.851354954117646
0.05876000  28.872773192941175
0.05878000  28.894191431764703
0.05880000  28.915609670588232
0.05882000  28.93702790941176
0.05884000  28.958446148235296
0.05886000  28.979864387058825
0.05888000  29.001282625882354
0.05890000  29.022700864705882
0.05892000  29.04411910352941
0.05894000  29.06553734235294
0.05896000  29.08695558117647
0.05898000  29.108373819999997
0.05900000  29.129792058823526
0.05902000  29.151210297647054
0.05904000  29.17262853647059
0.05906000  29.19404677529412
0.05908000  29.215465014117648
0.05910000  29.236883252941176
0.05912000  29.258301491764705
0.05914000  29.279719730588234
0.05916000  29.301137969411762
0.05918000  29.32255620823529
0.05920000  29.34397444705882
0.05922000  29.365392685882348
0.05924000  29.386810924705884
0.05926000  29.408229163529413
0.05928000  29.42964740235294
0.05930000  29.45106564117647
0.05932000  29.47248388
0.05934000  29.493902118823527
0.05936000  29.515320357647056
0.05938000  29.536738596470585
0.05940000  29.558156835294113
0.05942000  29.57957507411765
0.05944000  29.600993312941178
0.05946000  29.622411551764706
0.05948000  29.643829790588235
0.05950000  29.665248029411764
0.05952000  29.686666268235292
0.05954000  29.70808450705882
0.05956000  29.72950274588235
0.05958000  29.75092098470588
0.05960000  29.772339223529407
0.05962000  29.793757462352943
0.05964000  29.81517570117647
0.05966000  29.83659394
0.05968000  29.85801217882353
0.05970000  29.879430417647058
0.05972000  29.900848656470586
0.05974000  29.922266895294115
0.05976000  29.943685134117644
0.05978000  29.965103372941172
0.05980000  29.986521611764708
0.05982000  30.007939850588237
0.05984000  30.029358089411765
0.05986000  30.050776328235294
0.05988000  30.072194567058823
0.05990000  30.09361280588235
0.05992000  30.11503104470588
0.05994000  30.13644928352941
0.05996000  30.157867522352937
0.05998000  30.179285761176466
0.06000000  30.200704
0.06002000  30.394608
0.06004000  30.57415
0.06006000  30.740121
0.06008000  30.894207
0.06010000  31.047137
0.06012000  31.230319
0.06014000  31.477038
0.06016000  31.810495
0.06018000  32.258529
0.06020000  32.853049
0.06022000  33.670327
0.06024000  34.9385
0.06026000  36.961836
0.06028000  40.172492
0.06030000  45.279679
0.06032000  53.49617
0.06034000  66.921046
0.06036000  89.162918
0.06038000  125.136253
0.06040000  178.100499
0.06042000  252.979033
0.06044000  365.744206
0.06046000  564.815831
0.06048000  998.827883
0.06050000  2047.360359
0.06052000  4174.520951
0.06054000  7563.422107
0.06056000  11207.297479
0.06058000  13199.681664
0.06060000  11845.620606
0.06062000  8044.865744
0.06064000  4416.486352
0.06066000  2203.82109
0.06068000  1129.644586
0.06070000  618.55275
0.06072000  360.652002
0.06074000  221.764711
0.06076000  142.479235
0.06078000  95.294175
0.06080000  66.57396
0.06082000  48.784038
0.06084000  37.517855
0.06086000  30.179883
0.06088000  25.256212
0.06090000  21.857886
0.06092000  19.452097
0.06094000  17.711672
0.06096000  16.429735
0.06098000  15.470701
0.06100000  14.744123
0.06102000  14.188192
0.06104000  13.759375
0.06106000  13.426783
0.06108000  13.167724
0.06110000  12.965064
0.06112000  12.805996
0.06114000  12.681023
0.06116000  12.582843
0.06118000  12.505847
0.06120000  12.445619
0.06122000  12.398843
0.06124000  12.36264
0.06126000  12.334877
0.06128000  12.313883
0.06130000  12.298097
0.06132000  12.286314
0.06134000  12.277589
0.06136000  12.271071
0.06138000  12.26591
0.06140000  12.261512
0.06142000  12.257792
0.06144000  12.254411
0.06146000  12.251369
0.06148000  12.248412
0.06150000  12.245455
0.06152000  12.2425
0.06154000  12.239461
0.06156000  12.236338
0.06158000  12.233132
0.06160000  12.229758
0.06162000  12.226384
0.06164000  12.222928
0.06166000  12.219472
0.06168000  12.215933
0.06170000  12.212311
0.06172000  12.208774
0.06174000  12.205154
0.06176000  12.201535
0.06178000  12.197917
0.06180000  12.194217
0.06182000  12.190601
0.06184000  12.186986
0.06186000  12.183373
0.06188000  12.17976
0.06190000  12.176149
0.06192000  12.172539
0.06194000  12.168929
0.06196000  12.165321
0.06198000  12.161798
0.06200000  12.158192
0.06202000  12.154671
0.06204000  12.15115
0.06206000  12.147631
0.06208000  12.144113
0.06210000  12.140596
0.06212000  12.13708
0.06214000  12.133649
0.06216000  12.130135
0.06218000  12.126705
0.06220000  12.123277
0.06222000  12.119849
0.06224000  12.116423
0.06226000  12.112997
0.06228000  12.109656
0.06230000  12.106233
0.06232000  12.102893
0.06234000  12.099555
0.06236000  12.096218
0.06238000  12.092881
0.06240000  12.089546
0.06242000  12.086211
0.06244000  12.082961
0.06246000  12.079628
0.06248000  12.07638
0.06250000  12.073132
0.06252000  12.069885
0.06254000  12.066639
0.06256000  12.063394
0.06258000  12.06015
0.06260000  12.05699
0.06262000  12.053747
0.06264000  12.050589
0.06266000  12.047431
0.06268000  12.044274
0.06270000  12.041118
0.06272000  12.037963
0.06274000  12.034809
0.06276000  12.031738
0.06278000  12.028668
0.06280000  12.025516
0.06282000  12.022448
0.06284000  12.019381
0.06286000  12.016314
0.06288000  12.013248
0.06290000  12.010266
0.06292000  12.007202
0.06294000  12.004138
0.06296000  12.001158
0.06298000  11.998179
0.06300000  11.995201
