0.00000000  30.197163
0.00002000  30.391045
0.00004000  30.570566
0.00006000  30.736517
0.00008000  30.890585
0.00010000  31.043498
0.00012000  31.226657
0.00014000  31.473131
0.00016000  31.806546
0.00018000  32.254525
0.00020000  32.848971
0.00022000  33.665916
0.00024000  34.933922
0.00026000  36.955974
0.00028000  40.162242
0.00030000  45.255952
0.00032000  53.433487
0.00034000  66.742674
0.00036000  88.603874
0.00038000  123.540456
0.00040000  174.660579
0.00042000  246.031195
0.00044000  351.572855
0.00046000  534.881134
0.00048000  924.75358
0.00050000  1830.860027
0.00052000  3597.208867
0.00054000  6189.033402
0.00056000  8581.480972
0.00058000  9304.545626
0.00060000  7571.929217
0.00062000  4589.88414
0.00064000  2233.566442
0.00066000  1001.027723
0.00068000  473.325103
0.00070000  247.672328
0.00072000  142.236735
0.00074000  88.124271
0.00076000  58.141862
0.00078000  40.581829
0.00080000  29.960475
0.00082000  23.389309
0.00084000  19.228685
0.00086000  16.526786
0.00088000  14.728675
0.00090000  13.506375
0.00092000  12.661011
0.00094000  12.06847
0.00096000  11.649443
0.00098000  11.351087
0.00100000  11.13799
0.00102000  10.985796
0.00104000  10.877386
0.00106000  10.800765
0.00108000  10.747266
0.00110000  10.71064
0.00112000  10.686144
0.00114000  10.670458
0.00116000  10.661264
0.00118000  10.65678
0.00120000  10.655824
0.00122000  10.657441
0.00124000  10.660823
0.00126000  10.665603
0.00128000  10.671342
0.00130000  10.677673
0.00132000  10.684302
0.00134000  10.691083
0.00136000  10.697795
0.00138000  10.704142
0.00140000  10.710197
0.00142000  10.715738
0.00144000  10.720986
0.00146000  10.725941
0.00148000  10.730603
0.00150000  10.73497
0.00152000  10.739116
0.00154000  10.742968
0.00156000  10.746674
0.00158000  10.750232
0.00160000  10.753643
0.00162000  10.75698
0.00164000  10.760171
0.00166000  10.763214
0.00168000  10.766258
0.00170000  10.769302
0.00172000  10.772199
0.00174000  10.775023
0.00176000  10.777847
0.00178000  10.780672
0.00180000  10.783423
0.00182000  10.786101
0.00184000  10.788779
0.00186000  10.791384
0.00188000  10.793989
0.00190000  10.796594
0.00192000  10.799126
0.00194000  10.801584
0.00196000  10.804043
0.00198000  10.806502
0.00200000  10.808887
0.00202000  10.811273
0.00204000  10.813659
0.00206000  10.815971
0.00208000  10.818209
0.00210000  10.820448
0.00212000  10.822687
0.00214000  10.824926
0.00216000  10.827091
0.00218000  10.829182
0.00220000  10.831274
0.00222000  10.833365
0.00224000  10.835457
0.00226000  10.837475
0.00228000  10.839419
0.00230000  10.841437
0.00232000  10.843381
0.00234000  10.845251
0.00236000  10.847121
0.00238000  10.848992
0.00240000  10.850862
0.00242000  10.852658
0.00244000  10.854455
0.00246000  10.856177
0.00248000  10.857899
0.00250000  10.859621
0.00252000  10.861269
0.00254000  10.862917
0.00256000  10.864565
0.00258000  10.866214
0.00260000  10.867788
0.00262000  10.869362
0.00264000  10.870861
0.00266000  10.872361
0.00268000  10.87386
0.00270000  10.87536
0.00272000  10.876786
0.00274000  10.878211
0.00276000  10.879636
0.00278000  10.880987
0.00280000  10.882338
0.00282000  10.883689
0.00284000  10.884965
0.00286000  10.886316
0.00288000  10.887593
0.00290000  10.888869
0.00292000  10.890071
0.00294000  10.891273
0.00296000  10.892474
0.00298000  10.893676
0.00300000  10.894879
0.00302000  10.917587569411765
0.00304000  10.940296138823529
0.00306000  10.963004708235294
0.00308000  10.985713277647058
0.00310000  11.008421847058823
0.00312000  11.031130416470587
0.00314000  11.053838985882352
0.00316000  11.076547555294118
0.00318000  11.099256124705882
0.00320000  11.121964694117647
0.00322000  11.14467326352941
0.00324000  11.167381832941176
0.00326000  11.19009040235294
0.00328000  11.212798971764705
0.00330000  11.23550754117647
0.00332000  11.258216110588235
0.00334000  11.28092468
0.00336000  11.303633249411764
0.00338000  11.32634181882353
0.00340000  11.349050388235293
0.00342000  11.371758957647058
0.00344000  11.394467527058824
0.00346000  11.417176096470588
0.00348000  11.439884665882353
0.00350000  11.462593235294117
0.00352000  11.485301804705882
0.00354000  11.508010374117646
0.00356000  11.530718943529411
0.00358000  11.553427512941177
0.00360000  11.57613608235294
0.00362000  11.598844651764706
0.00364000  11.62155322117647
0.00366000  11.644261790588235
0.00368000  11.666970359999999
0.00370000  11.689678929411764
0.00372000  11.71238749882353
0.00374000  11.735096068235293
0.00376000  11.757804637647059
0.00378000  11.780513207058823
0.00380000  11.803221776470588
0.00382000  11.825930345882352
0.00384000  11.848638915294117
0.00386000  11.871347484705883
0.00388000  11.894056054117646
0.00390000  11.916764623529412
0.00392000  11.939473192941175
0.00394000  11.962181762352941
0.00396000  11.984890331764706
0.00398000  12.00759890117647
0.00400000  12.030307470588236
0.00402000  12.05301604
0.00404000  12.075724609411765
0.00406000  12.098433178823528
0.00408000  12.121141748235294
0.00410000  12.143850317647058
0.00412000  12.166558887058823
0.00414000  12.189267456470589
0.00416000  12.211976025882352
0.00418000  12.234684595294118
0.00420000  12.257393164705881
0.00422000  12.280101734117647
0.00424000  12.302810303529412
0.00426000  12.325518872941176
0.00428000  12.348227442352941
0.00430000  12.370936011764705
0.00432000  12.39364458117647
0.00434000  12.416353150588234
0.00436000  12.43906172
0.00438000  12.461770289411763
0.00440000  12.484478858823529
0.00442000  12.507187428235294
0.00444000  12.529895997647058
0.00446000  12.552604567058824
0.00448000  12.575313136470587
0.00450000  12.598021705882353
0.00452000  12.620730275294118
0.00454000  12.643438844705882
0.00456000  12.666147414117647
0.00458000  12.688855983529411
0.00460000  12.711564552941176
0.00462000  12.73427312235294
0.00464000  12.756981691764706
0.00466000  12.77969026117647
0.00468000  12.802398830588235
0.00470000  12.8251074
0.00472000  12.847815969411764
0.00474000  12.87052453882353
0.00476000  12.893233108235293
0.00478000  12.915941677647059
0.00480000  12.938650247058824
0.00482000  12.961358816470588
0.00484000  12.984067385882353
0.00486000  13.006775955294117
0.00488000  13.029484524705882
0.00490000  13.052193094117646
0.00492000  13.074901663529412
0.00494000  13.097610232941175
0.00496000  13.12031880235294
0.00498000  13.143027371764706
0.00500000  13.16573594117647
0.00502000  13.188444510588235
0.00504000  13.211153079999999
0.00506000  13.233861649411764
0.00508000  13.25657021882353
0.00510000  13.279278788235294
0.00512000  13.301987357647059
0.00514000  13.324695927058823
0.00516000  13.347404496470588
0.00518000  13.370113065882354
0.00520000  13.392821635294117
0.00522000  13.415530204705881
0.00524000  13.438238774117647
0.00526000  13.460947343529412
0.00528000  13.483655912941176
0.00530000  13.506364482352941
0.00532000  13.529073051764705
0.00534000  13.55178162117647
0.00536000  13.574490190588236
0.00538000  13.59719876
0.00540000  13.619907329411765
0.00542000  13.642615898823529
0.00544000  13.665324468235294
0.00546000  13.68803303764706
0.00548000  13.710741607058823
0.00550000  13.733450176470587
0.00552000  13.756158745882352
0.00554000  13.778867315294118
0.00556000  13.801575884705882
0.00558000  13.824284454117647
0.00560000  13.84699302352941
0.00562000  13.869701592941176
0.00564000  13.892410162352942
0.00566000  13.915118731764705
0.00568000  13.93782730117647
0.00570000  13.960535870588235
0.00572000  13.98324444
0.00574000  14.005953009411765
0.00576000  14.02866157882353
0.00578000  14.051370148235293
0.00580000  14.074078717647058
0.00582000  14.096787287058824
0.00584000  14.119495856470587
0.00586000  14.142204425882353
0.00588000  14.164912995294117
0.00590000  14.187621564705882
0.00592000  14.210330134117648
0.00594000  14.233038703529411
0.00596000  14.255747272941177
0.00598000  14.27845584235294
0.00600000  14.301164411764706
0.00602000  14.323872981176471
0.00604000  14.346581550588235
0.00606000  14.369290119999999
0.00608000  14.391998689411764
0.00610000  14.41470725882353
0.00612000  14.437415828235293
0.00614000  14.460124397647059
0.00616000  14.482832967058823
0.00618000  14.505541536470588
0.00620000  14.528250105882353
0.00622000  14.550958675294117
0.00624000  14.573667244705883
0.00626000  14.596375814117646
0.00628000  14.619084383529412
0.00630000  14.641792952941177
0.00632000  14.664501522352941
0.00634000  14.687210091764705
0.00636000  14.70991866117647
0.00638000  14.732627230588236
0.00640000  14.7553358
0.00642000  14.778044369411765
0.00644000  14.800752938823528
0.00646000  14.823461508235294
0.00648000  14.84617007764706
0.00650000  14.868878647058823
0.00652000  14.891587216470588
0.00654000  14.914295785882352
0.00656000  14.937004355294118
0.00658000  14.959712924705883
0.00660000  14.982421494117647
0.00662000  15.00513006352941
0.00664000  15.027838632941176
0.00666000  15.050547202352941
0.00668000  15.073255771764707
0.00670000  15.09596434117647
0.00672000  15.118672910588234
0.00674000  15.14138148
0.00676000  15.164090049411765
0.00678000  15.186798618823529
0.00680000  15.209507188235293
0.00682000  15.232215757647058
0.00684000  15.254924327058824
0.00686000  15.277632896470589
0.00688000  15.300341465882353
0.00690000  15.323050035294116
0.00692000  15.345758604705882
0.00694000  15.368467174117647
0.00696000  15.391175743529413
0.00698000  15.413884312941176
0.00700000  15.43659288235294
0.00702000  15.459301451764706
0.00704000  15.482010021176471
0.00706000  15.504718590588235
0.00708000  15.527427159999998
0.00710000  15.550135729411764
0.00712000  15.57284429882353
0.00714000  15.595552868235295
0.00716000  15.618261437647059
0.00718000  15.640970007058822
0.00720000  15.663678576470588
0.00722000  15.686387145882353
0.00724000  15.709095715294119
0.00726000  15.731804284705882
0.00728000  15.754512854117646
0.00730000  15.777221423529411
0.00732000  15.799929992941177
0.00734000  15.82263856235294
0.00736000  15.845347131764706
0.00738000  15.86805570117647
0.00740000  15.890764270588235
0.00742000  15.91347284
0.00744000  15.936181409411764
0.00746000  15.958889978823528
0.00748000  15.981598548235294
0.00750000  16.00430711764706
0.00752000  16.027015687058825
0.00754000  16.04972425647059
0.00756000  16.072432825882352
0.00758000  16.095141395294117
0.00760000  16.117849964705883
0.00762000  16.140558534117645
0.00764000  16.163267103529414
0.00766000  16.185975672941176
0.00768000  16.20868424235294
0.00770000  16.231392811764707
0.00772000  16.25410138117647
0.00774000  16.276809950588234
0.00776000  16.29951852
0.00778000  16.322227089411765
0.00780000  16.34493565882353
0.00782000  16.367644228235292
0.00784000  16.390352797647058
0.00786000  16.413061367058823
0.00788000  16.43576993647059
0.00790000  16.458478505882354
0.00792000  16.481187075294116
0.00794000  16.50389564470588
0.00796000  16.526604214117647
0.00798000  16.549312783529412
0.00800000  16.572021352941178
0.00802000  16.59472992235294
0.00804000  16.617438491764705
0.00806000  16.64014706117647
0.00808000  16.662855630588236
0.00810000  16.6855642
0.00812000  16.708272769411764
0.00814000  16.73098133882353
0.00816000  16.753689908235295
0.00818000  16.776398477647056
0.00820000  16.799107047058826
0.00822000  16.821815616470587
0.00824000  16.844524185882353
0.00826000  16.86723275529412
0.00828000  16.88994132470588
0.00830000  16.912649894117646
0.00832000  16.93535846352941
0.00834000  16.958067032941177
0.00836000  16.980775602352942
0.00838000  17.003484171764704
0.00840000  17.02619274117647
0.00842000  17.048901310588235
0.00844000  17.07160988
0.00846000  17.094318449411766
0.00848000  17.117027018823528
0.00850000  17.139735588235293
0.00852000  17.16244415764706
0.00854000  17.185152727058824
0.00856000  17.20786129647059
0.00858000  17.23056986588235
0.00860000  17.253278435294117
0.00862000  17.275987004705883
0.00864000  17.298695574117648
0.00866000  17.321404143529413
0.00868000  17.344112712941175
0.00870000  17.36682128235294
0.00872000  17.389529851764706
0.00874000  17.41223842117647
0.00876000  17.434946990588237
0.00878000  17.45765556
0.00880000  17.480364129411765
0.00882000  17.50307269882353
0.00884000  17.525781268235292
0.00886000  17.548489837647057
0.00888000  17.571198407058823
0.00890000  17.59390697647059
0.00892000  17.616615545882354
0.00894000  17.639324115294116
0.00896000  17.66203268470588
0.00898000  17.684741254117647
0.00900000  17.707449823529412
0.00902000  17.730158392941178
0.00904000  17.75286696235294
0.00906000  17.775575531764705
0.00908000  17.79828410117647
0.00910000  17.820992670588236
0.00912000  17.84370124
0.00914000  17.866409809411763
0.00916000  17.88911837882353
0.00918000  17.911826948235294
0.00920000  17.93453551764706
0.00922000  17.957244087058825
0.00924000  17.979952656470587
0.00926000  18.002661225882353
0.00928000  18.025369795294118
0.00930000  18.048078364705884
0.00932000  18.07078693411765
0.00934000  18.09349550352941
0.00936000  18.116204072941176
0.00938000  18.138912642352942
0.00940000  18.161621211764704
0.00942000  18.18432978117647
0.00944000  18.207038350588235
0.00946000  18.22974692
0.00948000  18.252455489411766
0.00950000  18.275164058823528
0.00952000  18.297872628235293
0.00954000  18.32058119764706
0.00956000  18.343289767058824
0.00958000  18.36599833647059
0.00960000  18.38870690588235
0.00962000  18.411415475294117
0.00964000  18.434124044705882
0.00966000  18.456832614117648
0.00968000  18.479541183529413
0.00970000  18.502249752941175
0.00972000  18.52495832235294
0.00974000  18.547666891764706
0.00976000  18.57037546117647
0.00978000  18.593084030588237
0.00980000  18.6157926
0.00982000  18.638501169411764
0.00984000  18.66120973882353
0.00986000  18.683918308235295
0.00988000  18.70662687764706
0.00990000  18.729335447058823
0.00992000  18.752044016470588
0.00994000  18.774752585882354
0.00996000  18.797461155294116
0.00998000  18.82016972470588
0.01000000  18.842878294117646
0.01002000  18.865586863529412
0.01004000  18.888295432941177
0.01006000  18.91100400235294
0.01008000  18.93371257176471
0.01010000  18.95642114117647
0.01012000  18.979129710588236
0.01014000  19.00183828
0.01016000  19.024546849411763
0.01018000  19.04725541882353
0.01020000  19.069963988235294
0.01022000  19.09267255764706
0.01024000  19.115381127058825
0.01026000  19.138089696470587
0.01028000  19.160798265882352
0.01030000  19.183506835294118
0.01032000  19.20621540470588
0.01034000  19.22892397411765
0.01036000  19.25163254352941
0.01038000  19.274341112941176
0.01040000  19.29704968235294
0.01042000  19.319758251764704
0.01044000  19.342466821176473
0.01046000  19.365175390588234
0.01048000  19.38788396
0.01050000  19.410592529411765
0.01052000  19.433301098823527
0.01054000  19.456009668235296
0.01056000  19.47871823764706
0.01058000  19.501426807058824
0.01060000  19.52413537647059
0.01062000  19.54684394588235
0.01064000  19.56955251529412
0.01066000  19.592261084705882
0.01068000  19.614969654117647
0.01070000  19.637678223529413
0.01072000  19.660386792941175
0.01074000  19.68309536235294
0.01076000  19.705803931764706
0.01078000  19.72851250117647
0.01080000  19.751221070588237
0.01082000  19.77392964
0.01084000  19.796638209411764
0.01086000  19.81934677882353
0.01088000  19.84205534823529
0.01090000  19.86476391764706
0.01092000  19.887472487058822
0.01094000  19.910181056470588
0.01096000  19.932889625882353
0.01098000  19.955598195294115
0.01100000  19.978306764705884
0.01102000  20.001015334117646
0.01104000  20.02372390352941
0.01106000  20.046432472941177
0.01108000  20.06914104235294
0.01110000  20.091849611764708
0.01112000  20.11455818117647
0.01114000  20.137266750588235
0.01116000  20.15997532
0.01118000  20.182683889411763
0.01120000  20.205392458823532
0.01122000  20.228101028235294
0.01124000  20.25080959764706
0.01126000  20.273518167058825
0.01128000  20.296226736470587
0.01130000  20.318935305882352
0.01132000  20.341643875294118
0.01134000  20.364352444705883
0.01136000  20.38706101411765
0.01138000  20.40976958352941
0.01140000  20.432478152941176
0.01142000  20.45518672235294
0.01144000  20.477895291764703
0.01146000  20.500603861176472
0.01148000  20.523312430588234
0.01150000  20.546021
0.01152000  20.568729569411765
0.01154000  20.591438138823527
0.01156000  20.614146708235296
0.01158000  20.636855277647058
0.01160000  20.659563847058823
0.01162000  20.68227241647059
0.01164000  20.70498098588235
0.01166000  20.72768955529412
0.01168000  20.75039812470588
0.01170000  20.773106694117647
0.01172000  20.795815263529413
0.01174000  20.818523832941175
0.01176000  20.841232402352944
0.01178000  20.863940971764706
0.01180000  20.88664954117647
0.01182000  20.909358110588236
0.01184000  20.93206668
0.01186000  20.954775249411767
0.01188000  20.97748381882353
0.01190000  21.000192388235295
0.01192000  21.02290095764706
0.01194000  21.045609527058822
0.01196000  21.068318096470588
0.01198000  21.091026665882353
0.01200000  21.11373523529412
0.01202000  21.136443804705884
0.01204000  21.159152374117646
0.01206000  21.18186094352941
0.01208000  21.204569512941177
0.01210000  21.22727808235294
0.01212000  21.249986651764708
0.01214000  21.27269522117647
0.01216000  21.295403790588235
0.01218000  21.31811236
0.01220000  21.340820929411763
0.01222000  21.36352949882353
0.01224000  21.386238068235293
0.01226000  21.40894663764706
0.01228000  21.431655207058824
0.01230000  21.454363776470586
0.01232000  21.477072345882355
0.01234000  21.499780915294117
0.01236000  21.522489484705883
0.01238000  21.545198054117648
0.01240000  21.56790662352941
0.01242000  21.59061519294118
0.01244000  21.61332376235294
0.01246000  21.636032331764707
0.01248000  21.658740901176472
0.01250000  21.681449470588234
0.01252000  21.70415804
0.01254000  21.726866609411765
0.01256000  21.74957517882353
0.01258000  21.772283748235296
0.01260000  21.794992317647058
0.01262000  21.817700887058823
0.01264000  21.84040945647059
0.01266000  21.86311802588235
0.01268000  21.88582659529412
0.01270000  21.90853516470588
0.01272000  21.931243734117647
0.01274000  21.953952303529412
0.01276000  21.976660872941174
0.01278000  21.999369442352943
0.01280000  22.022078011764705
0.01282000  22.04478658117647
0.01284000  22.067495150588236
0.01286000  22.090203719999998
0.01288000  22.112912289411767
0.01290000  22.13562085882353
0.01292000  22.158329428235295
0.01294000  22.18103799764706
0.01296000  22.203746567058822
0.01298000  22.22645513647059
0.01300000  22.249163705882353
0.01302000  22.27187227529412
0.01304000  22.294580844705884
0.01306000  22.317289414117646
0.01308000  22.33999798352941
0.01310000  22.362706552941177
0.01312000  22.385415122352942
0.01314000  22.408123691764708
0.01316000  22.43083226117647
0.01318000  22.453540830588235
0.01320000  22.4762494
0.01322000  22.498957969411762
0.01324000  22.52166653882353
0.01326000  22.544375108235293
0.01328000  22.56708367764706
0.01330000  22.589792247058824
0.01332000  22.612500816470586
0.01334000  22.635209385882355
0.01336000  22.657917955294117
0.01338000  22.680626524705882
0.01340000  22.703335094117648
0.01342000  22.72604366352941
0.01344000  22.74875223294118
0.01346000  22.77146080235294
0.01348000  22.794169371764706
0.01350000  22.81687794117647
0.01352000  22.839586510588234
0.01354000  22.862295080000003
0.01356000  22.885003649411765
0.01358000  22.90771221882353
0.01360000  22.930420788235296
0.01362000  22.953129357647057
0.01364000  22.975837927058823
0.01366000  22.99854649647059
0.01368000  23.021255065882354
0.01370000  23.04396363529412
0.01372000  23.06667220470588
0.01374000  23.089380774117647
0.01376000  23.112089343529412
0.01378000  23.134797912941174
0.01380000  23.157506482352943
0.01382000  23.180215051764705
0.01384000  23.20292362117647
0.01386000  23.225632190588236
0.01388000  23.248340759999998
0.01390000  23.271049329411767
0.01392000  23.29375789882353
0.01394000  23.316466468235294
0.01396000  23.33917503764706
0.01398000  23.36188360705882
0.01400000  23.38459217647059
0.01402000  23.407300745882353
0.01404000  23.430009315294118
0.01406000  23.452717884705883
0.01408000  23.475426454117645
0.01410000  23.498135023529414
0.01412000  23.520843592941176
0.01414000  23.543552162352942
0.01416000  23.566260731764707
0.01418000  23.58896930117647
0.01420000  23.611677870588235
0.01422000  23.63438644
0.01424000  23.657095009411766
0.01426000  23.67980357882353
0.01428000  23.702512148235293
0.01430000  23.72522071764706
0.01432000  23.747929287058824
0.01434000  23.770637856470586
0.01436000  23.793346425882355
0.01438000  23.816054995294117
0.01440000  23.838763564705882
0.01442000  23.861472134117648
0.01444000  23.88418070352941
0.01446000  23.90688927294118
0.01448000  23.92959784235294
0.01450000  23.952306411764706
0.01452000  23.97501498117647
0.01454000  23.997723550588233
0.01456000  24.020432120000002
0.01458000  24.043140689411764
0.01460000  24.06584925882353
0.01462000  24.088557828235295
0.01464000  24.111266397647057
0.01466000  24.133974967058826
0.01468000  24.156683536470588
0.01470000  24.179392105882354
0.01472000  24.20210067529412
0.01474000  24.22480924470588
0.01476000  24.247517814117646
0.01478000  24.270226383529412
0.01480000  24.292934952941177
0.01482000  24.315643522352943
0.01484000  24.338352091764705
0.01486000  24.36106066117647
0.01488000  24.383769230588236
0.01490000  24.406477799999998
0.01492000  24.429186369411767
0.01494000  24.45189493882353
0.01496000  24.474603508235294
0.01498000  24.49731207764706
0.01500000  24.52002064705882
0.01502000  24.54272921647059
0.01504000  24.565437785882352
0.01506000  24.588146355294118
0.01508000  24.610854924705883
0.01510000  24.633563494117645
0.01512000  24.656272063529414
0.01514000  24.678980632941176
0.01516000  24.70168920235294
0.01518000  24.724397771764707
0.01520000  24.74710634117647
0.01522000  24.769814910588238
0.01524000  24.79252348
0.01526000  24.815232049411765
0.01528000  24.83794061882353
0.01530000  24.860649188235293
0.01532000  24.88335775764706
0.01534000  24.906066327058824
0.01536000  24.92877489647059
0.01538000  24.951483465882355
0.01540000  24.974192035294116
0.01542000  24.996900604705882
0.01544000  25.019609174117647
0.01546000  25.042317743529413
0.01548000  25.06502631294118
0.01550000  25.08773488235294
0.01552000  25.110443451764706
0.01554000  25.13315202117647
0.01556000  25.155860590588233
0.01558000  25.178569160000002
0.01560000  25.201277729411764
0.01562000  25.22398629882353
0.01564000  25.246694868235295
0.01566000  25.269403437647057
0.01568000  25.292112007058826
0.01570000  25.314820576470588
0.01572000  25.337529145882353
0.01574000  25.36023771529412
0.01576000  25.38294628470588
0.01578000  25.40565485411765
0.01580000  25.42836342352941
0.01582000  25.451071992941177
0.01584000  25.473780562352943
0.01586000  25.496489131764704
0.01588000  25.519197701176473
0.01590000  25.541906270588235
0.01592000  25.56461484
0.01594000  25.587323409411766
0.01596000  25.610031978823528
0.01598000  25.632740548235294
0.01600000  25.65544911764706
0.01602000  25.678157687058825
0.01604000  25.70086625647059
0.01606000  25.723574825882352
0.01608000  25.746283395294117
0.01610000  25.768991964705883
0.01612000  25.791700534117645
0.01614000  25.814409103529414
0.01616000  25.837117672941176
0.01618000  25.85982624235294
0.01620000  25.882534811764707
0.01622000  25.90524338117647
0.01624000  25.927951950588238
0.01626000  25.95066052
0.01628000  25.973369089411765
0.01630000  25.99607765882353
0.01632000  26.018786228235292
0.01634000  26.04149479764706
0.01636000  26.064203367058823
0.01638000  26.08691193647059
0.01640000  26.109620505882354
0.01642000  26.132329075294116
0.01644000  26.155037644705885
0.01646000  26.177746214117647
0.01648000  26.200454783529413
0.01650000  26.223163352941178
0.01652000  26.24587192235294
0.01654000  26.268580491764705
0.01656000  26.29128906117647
0.01658000  26.313997630588236
0.01660000  26.336706200000002
0.01662000  26.359414769411764
0.01664000  26.38212333882353
0.01666000  26.404831908235295
0.01668000  26.427540477647057
0.01670000  26.450249047058826
0.01672000  26.472957616470588
0.01674000  26.495666185882353
0.01676000  26.51837475529412
0.01678000  26.54108332470588
0.01680000  26.56379189411765
0.01682000  26.58650046352941
0.01684000  26.609209032941177
0.01686000  26.631917602352942
0.01688000  26.654626171764704
0.01690000  26.677334741176473
0.01692000  26.700043310588235
0.01694000  26.72275188
0.01696000  26.745460449411766
0.01698000  26.768169018823528
0.01700000  26.790877588235297
0.01702000  26.81358615764706
0.01704000  26.836294727058824
0.01706000  26.85900329647059
0.01708000  26.88171186588235
0.01710000  26.904420435294117
0.01712000  26.927129004705883
0.01714000  26.949837574117648
0.01716000  26.972546143529414
0.01718000  26.995254712941176
0.01720000  27.01796328235294
0.01722000  27.040671851764706
0.01724000  27.063380421176472
0.01726000  27.086088990588237
0.01728000  27.10879756
0.01730000  27.131506129411765
0.01732000  27.15421469882353
0.01734000  27.176923268235296
0.01736000  27.199631837647058
0.01738000  27.222340407058823
0.01740000  27.24504897647059
0.01742000  27.267757545882354
0.01744000  27.29046611529412
0.01746000  27.31317468470588
0.01748000  27.335883254117647
0.01750000  27.358591823529412
0.01752000  27.381300392941178
0.01754000  27.404008962352943
0.01756000  27.426717531764705
0.01758000  27.44942610117647
0.01760000  27.472134670588236
0.01762000  27.49484324
0.01764000  27.517551809411763
0.01766000  27.54026037882353
0.01768000  27.562968948235294
0.01770000  27.58567751764706
0.01772000  27.608386087058825
0.01774000  27.631094656470587
0.01776000  27.653803225882353
0.01778000  27.676511795294118
0.01780000  27.699220364705884
0.01782000  27.72192893411765
0.01784000  27.74463750352941
0.01786000  27.767346072941177
0.01788000  27.790054642352942
0.01790000  27.812763211764707
0.01792000  27.83547178117647
0.01794000  27.858180350588235
0.01796000  27.88088892
0.01798000  27.903597489411766
0.01800000  27.92630605882353
0.01802000  27.949014628235293
0.01804000  27.97172319764706
0.01806000  27.994431767058824
0.01808000  28.01714033647059
0.01810000  28.039848905882355
0.01812000  28.062557475294117
0.01814000  28.085266044705882
0.01816000  28.107974614117648
0.01818000  28.130683183529413
0.01820000  28.153391752941175
0.01822000  28.17610032235294
0.01824000  28.198808891764706
0.01826000  28.22151746117647
0.01828000  28.244226030588237
0.01830000  28.2669346
0.01832000  28.289643169411764
0.01834000  28.31235173882353
0.01836000  28.335060308235295
0.01838000  28.35776887764706
0.01840000  28.380477447058823
0.01842000  28.40318601647059
0.01844000  28.425894585882354
0.01846000  28.44860315529412
0.01848000  28.47131172470588
0.01850000  28.494020294117647
0.01852000  28.516728863529412
0.01854000  28.539437432941178
0.01856000  28.562146002352943
0.01858000  28.584854571764705
0.01860000  28.60756314117647
0.01862000  28.630271710588236
0.01864000  28.65298028
0.01866000  28.675688849411767
0.01868000  28.69839741882353
0.01870000  28.721105988235294
0.01872000  28.74381455764706
0.01874000  28.766523127058825
0.01876000  28.789231696470587
0.01878000  28.811940265882352
0.01880000  28.834648835294118
0.01882000  28.857357404705883
0.01884000  28.88006597411765
0.01886000  28.90277454352941
0.01888000  28.925483112941176
0.01890000  28.94819168235294
0.01892000  28.970900251764707
0.01894000  28.993608821176473
0.01896000  29.016317390588235
0.01898000  29.03902596
0.01900000  29.061734529411765
0.01902000  29.08444309882353
0.01904000  29.107151668235293
0.01906000  29.12986023764706
0.01908000  29.152568807058824
0.01910000  29.17527737647059
0.01912000  29.197985945882355
0.01914000  29.220694515294117
0.01916000  29.243403084705882
0.01918000  29.266111654117648
0.01920000  29.288820223529413
0.01922000  29.31152879294118
0.01924000  29.33423736235294
0.01926000  29.356945931764706
0.01928000  29.37965450117647
0.01930000  29.402363070588237
0.01932000  29.42507164
0.01934000  29.447780209411764
0.01936000  29.47048877882353
0.01938000  29.493197348235295
0.01940000  29.51590591764706
0.01942000  29.538614487058823
0.01944000  29.561323056470588
0.01946000  29.584031625882353
0.01948000  29.60674019529412
0.01950000  29.629448764705884
0.01952000  29.652157334117646
0.01954000  29.674865903529412
0.01956000  29.697574472941177
0.01958000  29.720283042352943
0.01960000  29.742991611764705
0.01962000  29.76570018117647
0.01964000  29.788408750588236
0.01966000  29.81111732
0.01968000  29.833825889411766
0.01970000  29.85653445882353
0.01972000  29.879243028235294
0.01974000  29.90195159764706
0.01976000  29.924660167058825
0.01978000  29.94736873647059
0.01980000  29.970077305882352
0.01982000  29.992785875294118
0.01984000  30.015494444705883
0.01986000  30.03820301411765
0.01988000  30.06091158352941
0.01990000  30.083620152941176
0.01992000  30.10632872235294
0.01994000  30.129037291764707
0.01996000  30.151745861176472
0.01998000  30.174454430588234
0.02000000  30.197163
0.02002000  30.391045
0.02004000  30.570566
0.02006000  30.736517
0.02008000  30.890585
0.02010000  31.043498
0.02012000  31.226657
0.02014000  31.473131
0.02016000  31.806546
0.02018000  32.254525
0.02020000  32.848971
0.02022000  33.665916
0.02024000  34.933922
0.02026000  36.955974
0.02028000  40.162242
0.02030000  45.255952
0.02032000  53.433487
0.02034000  66.742674
0.02036000  88.603874
0.02038000  123.540456
0.02040000  174.660579
0.02042000  246.031195
0.02044000  351.572855
0.02046000  534.881134
0.02048000  924.75358
0.02050000  1830.860027
0.02052000  3597.208867
0.02054000  6189.033402
0.02056000  8581.480972
0.02058000  9304.545626
0.02060000  7571.929217
0.02062000  4589.88414
0.02064000  2233.566442
0.02066000  1001.027723
0.02068000  473.325103
0.02070000  247.672328
0.02072000  142.236735
0.02074000  88.124271
0.02076000  58.141862
0.02078000  40.581829
0.02080000  29.960475
0.02082000  23.389309
0.02084000  19.228685
0.02086000  16.526786
0.02088000  14.728675
0.02090000  13.506375
0.02092000  12.661011
0.02094000  12.06847
0.02096000  11.649443
0.02098000  11.351087
0.02100000  11.13799
0.02102000  10.985796
0.02104000  10.877386
0.02106000  10.800765
0.02108000  10.747266
0.02110000  10.71064
0.02112000  10.686144
0.02114000  10.670458
0.02116000  10.661264
0.02118000  10.65678
0.02120000  10.655824
0.02122000  10.657441
0.02124000  10.660823
0.02126000  10.665603
0.02128000  10.671342
0.02130000  10.677673
0.02132000  10.684302
0.02134000  10.691083
0.02136000  10.697795
0.02138000  10.704142
0.02140000  10.710197
0.02142000  10.715738
0.02144000  10.720986
0.02146000  10.725941
0.02148000  10.730603
0.02150000  10.73497
0.02152000  10.739116
0.02154000  10.742968
0.02156000  10.746674
0.02158000  10.750232
0.02160000  10.753643
0.02162000  10.75698
0.02164000  10.760171
0.02166000  10.763214
0.02168000  10.766258
0.02170000  10.769302
0.02172000  10.772199
0.02174000  10.775023
0.02176000  10.777847
0.02178000  10.780672
0.02180000  10.783423
0.02182000  10.786101
0.02184000  10.788779
0.02186000  10.791384
0.02188000  10.793989
0.02190000  10.796594
0.02192000  10.799126
0.02194000  10.801584
0.02196000  10.804043
0.02198000  10.806502
0.02200000  10.808887
0.02202000  10.811273
0.02204000  10.813659
0.02206000  10.815971
0.02208000  10.818209
0.02210000  10.820448
0.02212000  10.822687
0.02214000  10.824926
0.02216000  10.827091
0.02218000  10.829182
0.02220000  10.831274
0.02222000  10.833365
0.02224000  10.835457
0.02226000  10.837475
0.02228000  10.839419
0.02230000  10.841437
0.02232000  10.843381
0.02234000  10.845251
0.02236000  10.847121
0.02238000  10.848992
0.02240000  10.850862
0.02242000  10.852658
0.02244000  10.854455
0.02246000  10.856177
0.02248000  10.857899
0.02250000  10.859621
0.02252000  10.861269
0.02254000  10.862917
0.02256000  10.864565
0.02258000  10.866214
0.02260000  10.867788
0.02262000  10.869362
0.02264000  10.870861
0.02266000  10.872361
0.02268000  10.87386
0.02270000  10.87536
0.02272000  10.876786
0.02274000  10.878211
0.02276000  10.879636
0.02278000  10.880987
0.02280000  10.882338
0.02282000  10.883689
0.02284000  10.884965
0.02286000  10.886316
0.02288000  10.887593
0.02290000  10.888869
0.02292000  10.890071
0.02294000  10.891273
0.02296000  10.892474
0.02298000  10.893676
0.02300000  10.894879
0.02302000  10.917587569411765
0.02304000  10.940296138823529
0.02306000  10.963004708235294
0.02308000  10.985713277647058
0.02310000  11.008421847058823
0.02312000  11.031130416470587
0.02314000  11.053838985882352
0.02316000  11.076547555294118
0.02318000  11.099256124705882
0.02320000  11.121964694117647
0.02322000  11.14467326352941
0.02324000  11.167381832941176
0.02326000  11.19009040235294
0.02328000  11.212798971764705
0.02330000  11.23550754117647
0.02332000  11.258216110588235
0.02334000  11.28092468
0.02336000  11.303633249411764
0.02338000  11.32634181882353
0.02340000  11.349050388235293
0.02342000  11.371758957647058
0.02344000  11.394467527058824
0.02346000  11.417176096470588
0.02348000  11.439884665882353
0.02350000  11.462593235294117
0.02352000  11.485301804705882
0.02354000  11.508010374117646
0.02356000  11.530718943529411
0.02358000  11.553427512941177
0.02360000  11.57613608235294
0.02362000  11.598844651764706
0.02364000  11.62155322117647
0.02366000  11.644261790588235
0.02368000  11.666970359999999
0.02370000  11.689678929411764
0.02372000  11.71238749882353
0.02374000  11.735096068235293
0.02376000  11.757804637647059
0.02378000  11.780513207058823
0.02380000  11.803221776470588
0.02382000  11.825930345882352
0.02384000  11.848638915294117
0.02386000  11.871347484705883
0.02388000  11.894056054117646
0.02390000  11.916764623529412
0.02392000  11.939473192941175
0.02394000  11.962181762352941
0.02396000  11.984890331764706
0.02398000  12.00759890117647
0.02400000  12.030307470588236
0.02402000  12.05301604
0.02404000  12.075724609411765
0.02406000  12.098433178823528
0.02408000  12.121141748235294
0.02410000  12.143850317647058
0.02412000  12.166558887058823
0.02414000  12.189267456470589
0.02416000  12.211976025882352
0.02418000  12.234684595294118
0.02420000  12.257393164705881
0.02422000  12.280101734117647
0.02424000  12.302810303529412
0.02426000  12.325518872941176
0.02428000  12.348227442352941
0.02430000  12.370936011764705
0.02432000  12.39364458117647
0.02434000  12.416353150588234
0.02436000  12.43906172
0.02438000  12.461770289411763
0.02440000  12.484478858823529
0.02442000  12.507187428235294
0.02444000  12.529895997647058
0.02446000  12.552604567058824
0.02448000  12.575313136470587
0.02450000  12.598021705882353
0.02452000  12.620730275294118
0.02454000  12.643438844705882
0.02456000  12.666147414117647
0.02458000  12.688855983529411
0.02460000  12.711564552941176
0.02462000  12.73427312235294
0.02464000  12.756981691764706
0.02466000  12.77969026117647
0.02468000  12.802398830588235
0.02470000  12.8251074
0.02472000  12.847815969411764
0.02474000  12.87052453882353
0.02476000  12.893233108235293
0.02478000  12.915941677647059
0.02480000  12.938650247058824
0.02482000  12.961358816470588
0.02484000  12.984067385882353
0.02486000  13.006775955294117
0.02488000  13.029484524705882
0.02490000  13.052193094117646
0.02492000  13.074901663529412
0.02494000  13.097610232941175
0.02496000  13.12031880235294
0.02498000  13.143027371764706
0.02500000  13.16573594117647
0.02502000  13.188444510588235
0.02504000  13.211153079999999
0.02506000  13.233861649411764
0.02508000  13.25657021882353
0.02510000  13.279278788235294
0.02512000  13.301987357647059
0.02514000  13.324695927058823
0.02516000  13.347404496470588
0.02518000  13.370113065882354
0.02520000  13.392821635294117
0.02522000  13.415530204705881
0.02524000  13.438238774117647
0.02526000  13.460947343529412
0.02528000  13.483655912941176
0.02530000  13.506364482352941
0.02532000  13.529073051764705
0.02534000  13.55178162117647
0.02536000  13.574490190588236
0.02538000  13.59719876
0.02540000  13.619907329411765
0.02542000  13.642615898823529
0.02544000  13.665324468235294
0.02546000  13.68803303764706
0.02548000  13.710741607058823
0.02550000  13.733450176470587
0.02552000  13.756158745882352
0.02554000  13.778867315294118
0.02556000  13.801575884705882
0.02558000  13.824284454117647
0.02560000  13.84699302352941
0.02562000  13.869701592941176
0.02564000  13.892410162352942
0.02566000  13.915118731764705
0.02568000  13.93782730117647
0.02570000  13.960535870588235
0.02572000  13.98324444
0.02574000  14.005953009411765
0.02576000  14.02866157882353
0.02578000  14.051370148235293
0.02580000  14.074078717647058
0.02582000  14.096787287058824
0.02584000  14.119495856470587
0.02586000  14.142204425882353
0.02588000  14.164912995294117
0.02590000  14.187621564705882
0.02592000  14.210330134117648
0.02594000  14.233038703529411
0.02596000  14.255747272941177
0.02598000  14.27845584235294
0.02600000  14.301164411764706
0.02602000  14.323872981176471
0.02604000  14.346581550588235
0.02606000  14.369290119999999
0.02608000  14.391998689411764
0.02610000  14.41470725882353
0.02612000  14.437415828235293
0.02614000  14.460124397647059
0.02616000  14.482832967058823
0.02618000  14.505541536470588
0.02620000  14.528250105882353
0.02622000  14.550958675294117
0.02624000  14.573667244705883
0.02626000  14.596375814117646
0.02628000  14.619084383529412
0.02630000  14.641792952941177
0.02632000  14.664501522352941
0.02634000  14.687210091764705
0.02636000  14.70991866117647
0.02638000  14.732627230588236
0.02640000  14.7553358
0.02642000  14.778044369411765
0.02644000  14.800752938823528
0.02646000  14.823461508235294
0.02648000  14.84617007764706
0.02650000  14.868878647058823
0.02652000  14.891587216470588
0.02654000  14.914295785882352
0.02656000  14.937004355294118
0.02658000  14.959712924705883
0.02660000  14.982421494117647
0.02662000  15.00513006352941
0.02664000  15.027838632941176
0.02666000  15.050547202352941
0.02668000  15.073255771764707
0.02670000  15.09596434117647
0.02672000  15.118672910588234
0.02674000  15.14138148
0.02676000  15.164090049411765
0.02678000  15.186798618823529
0.02680000  15.209507188235293
0.02682000  15.232215757647058
0.02684000  15.254924327058824
0.02686000  15.277632896470589
0.02688000  15.300341465882353
0.02690000  15.323050035294116
0.02692000  15.345758604705882
0.02694000  15.368467174117647
0.02696000  15.391175743529413
0.02698000  15.413884312941176
0.02700000  15.43659288235294
0.02702000  15.459301451764706
0.02704000  15.482010021176471
0.02706000  15.504718590588235
0.02708000  15.527427159999998
0.02710000  15.550135729411764
0.02712000  15.57284429882353
0.02714000  15.595552868235295
0.02716000  15.618261437647059
0.02718000  15.640970007058822
0.02720000  15.663678576470588
0.02722000  15.686387145882353
0.02724000  15.709095715294119
0.02726000  15.731804284705882
0.02728000  15.754512854117646
0.02730000  15.777221423529411
0.02732000  15.799929992941177
0.02734000  15.82263856235294
0.02736000  15.845347131764706
0.02738000  15.86805570117647
0.02740000  15.890764270588235
0.02742000  15.91347284
0.02744000  15.936181409411764
0.02746000  15.958889978823528
0.02748000  15.981598548235294
0.02750000  16.00430711764706
0.02752000  16.027015687058825
0.02754000  16.04972425647059
0.02756000  16.072432825882352
0.02758000  16.095141395294117
0.02760000  16.117849964705883
0.02762000  16.140558534117645
0.02764000  16.163267103529414
0.02766000  16.185975672941176
0.02768000  16.20868424235294
0.02770000  16.231392811764707
0.02772000  16.25410138117647
0.02774000  16.276809950588234
0.02776000  16.29951852
0.02778000  16.322227089411765
0.02780000  16.34493565882353
0.02782000  16.367644228235292
0.02784000  16.390352797647058
0.02786000  16.413061367058823
0.02788000  16.43576993647059
0.02790000  16.458478505882354
0.02792000  16.481187075294116
0.02794000  16.50389564470588
0.02796000  16.526604214117647
0.02798000  16.549312783529412
0.02800000  16.572021352941178
0.02802000  16.59472992235294
0.02804000  16.617438491764705
0.02806000  16.64014706117647
0.02808000  16.662855630588236
0.02810000  16.6855642
0.02812000  16.708272769411764
0.02814000  16.73098133882353
0.02816000  16.753689908235295
0.02818000  16.776398477647056
0.02820000  16.799107047058826
0.02822000  16.821815616470587
0.02824000  16.844524185882353
0.02826000  16.86723275529412
0.02828000  16.88994132470588
0.02830000  16.912649894117646
0.02832000  16.93535846352941
0.02834000  16.958067032941177
0.02836000  16.980775602352942
0.02838000  17.003484171764704
0.02840000  17.02619274117647
0.02842000  17.048901310588235
0.02844000  17.07160988
0.02846000  17.094318449411766
0.02848000  17.117027018823528
0.02850000  17.139735588235293
0.02852000  17.16244415764706
0.02854000  17.185152727058824
0.02856000  17.20786129647059
0.02858000  17.23056986588235
0.02860000  17.253278435294117
0.02862000  17.275987004705883
0.02864000  17.298695574117648
0.02866000  17.321404143529413
0.02868000  17.344112712941175
0.02870000  17.36682128235294
0.02872000  17.389529851764706
0.02874000  17.41223842117647
0.02876000  17.434946990588237
0.02878000  17.45765556
0.02880000  17.480364129411765
0.02882000  17.50307269882353
0.02884000  17.525781268235292
0.02886000  17.548489837647057
0.02888000  17.571198407058823
0.02890000  17.59390697647059
0.02892000  17.616615545882354
0.02894000  17.639324115294116
0.02896000  17.66203268470588
0.02898000  17.684741254117647
0.02900000  17.707449823529412
0.02902000  17.730158392941178
0.02904000  17.75286696235294
0.02906000  17.775575531764705
0.02908000  17.79828410117647
0.02910000  17.820992670588236
0.02912000  17.84370124
0.02914000  17.866409809411763
0.02916000  17.88911837882353
0.02918000  17.911826948235294
0.02920000  17.93453551764706
0.02922000  17.957244087058825
0.02924000  17.979952656470587
0.02926000  18.002661225882353
0.02928000  18.025369795294118
0.02930000  18.048078364705884
0.02932000  18.07078693411765
0.02934000  18.09349550352941
0.02936000  18.116204072941176
0.02938000  18.138912642352942
0.02940000  18.161621211764704
0.02942000  18.18432978117647
0.02944000  18.207038350588235
0.02946000  18.22974692
0.02948000  18.252455489411766
0.02950000  18.275164058823528
0.02952000  18.297872628235293
0.02954000  18.32058119764706
0.02956000  18.343289767058824
0.02958000  18.36599833647059
0.02960000  18.38870690588235
0.02962000  18.411415475294117
0.02964000  18.434124044705882
0.02966000  18.456832614117648
0.02968000  18.479541183529413
0.02970000  18.502249752941175
0.02972000  18.52495832235294
0.02974000  18.547666891764706
0.02976000  18.57037546117647
0.02978000  18.593084030588237
0.02980000  18.6157926
0.02982000  18.638501169411764
0.02984000  18.66120973882353
0.02986000  18.683918308235295
0.02988000  18.70662687764706
0.02990000  18.729335447058823
0.02992000  18.752044016470588
0.02994000  18.774752585882354
0.02996000  18.797461155294116
0.02998000  18.82016972470588
0.03000000  18.842878294117646
0.03002000  18.865586863529412
0.03004000  18.888295432941177
0.03006000  18.91100400235294
0.03008000  18.93371257176471
0.03010000  18.95642114117647
0.03012000  18.979129710588236
0.03014000  19.00183828
0.03016000  19.024546849411763
0.03018000  19.04725541882353
0.03020000  19.069963988235294
0.03022000  19.09267255764706
0.03024000  19.115381127058825
0.03026000  19.138089696470587
0.03028000  19.160798265882352
0.03030000  19.183506835294118
0.03032000  19.20621540470588
0.03034000  19.22892397411765
0.03036000  19.25163254352941
0.03038000  19.274341112941176
0.03040000  19.29704968235294
0.03042000  19.319758251764704
0.03044000  19.342466821176473
0.03046000  19.365175390588234
0.03048000  19.38788396
0.03050000  19.410592529411765
0.03052000  19.433301098823527
0.03054000  19.456009668235296
0.03056000  19.47871823764706
0.03058000  19.501426807058824
0.03060000  19.52413537647059
0.03062000  19.54684394588235
0.03064000  19.56955251529412
0.03066000  19.592261084705882
0.03068000  19.614969654117647
0.03070000  19.637678223529413
0.03072000  19.660386792941175
0.03074000  19.68309536235294
0.03076000  19.705803931764706
0.03078000  19.72851250117647
0.03080000  19.751221070588237
0.03082000  19.77392964
0.03084000  19.796638209411764
0.03086000  19.81934677882353
0.03088000  19.84205534823529
0.03090000  19.86476391764706
0.03092000  19.887472487058822
0.03094000  19.910181056470588
0.03096000  19.932889625882353
0.03098000  19.955598195294115
0.03100000  19.978306764705884
0.03102000  20.001015334117646
0.03104000  20.02372390352941
0.03106000  20.046432472941177
0.03108000  20.06914104235294
0.03110000  20.091849611764708
0.03112000  20.11455818117647
0.03114000  20.137266750588235
0.03116000  20.15997532
0.03118000  20.182683889411763
0.03120000  20.205392458823532
0.03122000  20.228101028235294
0.03124000  20.25080959764706
0.03126000  20.273518167058825
0.03128000  20.296226736470587
0.03130000  20.318935305882352
0.03132000  20.341643875294118
0.03134000  20.364352444705883
0.03136000  20.38706101411765
0.03138000  20.40976958352941
0.03140000  20.432478152941176
0.03142000  20.45518672235294
0.03144000  20.477895291764703
0.03146000  20.500603861176472
0.03148000  20.523312430588234
0.03150000  20.546021
0.03152000  20.568729569411765
0.03154000  20.591438138823527
0.03156000  20.614146708235296
0.03158000  20.636855277647058
0.03160000  20.659563847058823
0.03162000  20.68227241647059
0.03164000  20.70498098588235
0.03166000  20.72768955529412
0.03168000  20.75039812470588
0.03170000  20.773106694117647
0.03172000  20.795815263529413
0.03174000  20.818523832941175
0.03176000  20.841232402352944
0.03178000  20.863940971764706
0.03180000  20.88664954117647
0.03182000  20.909358110588236
0.03184000  20.93206668
0.03186000  20.954775249411767
0.03188000  20.97748381882353
0.03190000  21.000192388235295
0.03192000  21.02290095764706
0.03194000  21.045609527058822
0.03196000  21.068318096470588
0.03198000  21.091026665882353
0.03200000  21.11373523529412
0.03202000  21.136443804705884
0.03204000  21.159152374117646
0.03206000  21.18186094352941
0.03208000  21.204569512941177
0.03210000  21.22727808235294
0.03212000  21.249986651764708
0.03214000  21.27269522117647
0.03216000  21.295403790588235
0.03218000  21.31811236
0.03220000  21.340820929411763
0.03222000  21.36352949882353
0.03224000  21.386238068235293
0.03226000  21.40894663764706
0.03228000  21.431655207058824
0.03230000  21.454363776470586
0.03232000  21.477072345882355
0.03234000  21.499780915294117
0.03236000  21.522489484705883
0.03238000  21.545198054117648
0.03240000  21.56790662352941
0.03242000  21.59061519294118
0.03244000  21.61332376235294
0.03246000  21.636032331764707
0.03248000  21.658740901176472
0.03250000  21.681449470588234
0.03252000  21.70415804
0.03254000  21.726866609411765
0.03256000  21.74957517882353
0.03258000  21.772283748235296
0.03260000  21.794992317647058
0.03262000  21.817700887058823
0.03264000  21.84040945647059
0.03266000  21.86311802588235
0.03268000  21.88582659529412
0.03270000  21.90853516470588
0.03272000  21.931243734117647
0.03274000  21.953952303529412
0.03276000  21.976660872941174
0.03278000  21.999369442352943
0.03280000  22.022078011764705
0.03282000  22.04478658117647
0.03284000  22.067495150588236
0.03286000  22.090203719999998
0.03288000  22.112912289411767
0.03290000  22.13562085882353
0.03292000  22.158329428235295
0.03294000  22.18103799764706
0.03296000  22.203746567058822
0.03298000  22.22645513647059
0.03300000  22.249163705882353
0.03302000  22.27187227529412
0.03304000  22.294580844705884
0.03306000  22.317289414117646
0.03308000  22.33999798352941
0.03310000  22.362706552941177
0.03312000  22.385415122352942
0.03314000  22.408123691764708
0.03316000  22.43083226117647
0.03318000  22.453540830588235
0.03320000  22.4762494
0.03322000  22.498957969411762
0.03324000  22.52166653882353
0.03326000  22.544375108235293
0.03328000  22.56708367764706
0.03330000  22.589792247058824
0.03332000  22.612500816470586
0.03334000  22.635209385882355
0.03336000  22.657917955294117
0.03338000  22.680626524705882
0.03340000  22.703335094117648
0.03342000  22.72604366352941
0.03344000  22.74875223294118
0.03346000  22.77146080235294
0.03348000  22.794169371764706
0.03350000  22.81687794117647
0.03352000  22.839586510588234
0.03354000  22.862295080000003
0.03356000  22.885003649411765
0.03358000  22.90771221882353
0.03360000  22.930420788235296
0.03362000  22.953129357647057
0.03364000  22.975837927058823
0.03366000  22.99854649647059
0.03368000  23.021255065882354
0.03370000  23.04396363529412
0.03372000  23.06667220470588
0.03374000  23.089380774117647
0.03376000  23.112089343529412
0.03378000  23.134797912941174
0.03380000  23.157506482352943
0.03382000  23.180215051764705
0.03384000  23.20292362117647
0.03386000  23.225632190588236
0.03388000  23.248340759999998
0.03390000  23.271049329411767
0.03392000  23.29375789882353
0.03394000  23.316466468235294
0.03396000  23.33917503764706
0.03398000  23.36188360705882
0.03400000  23.38459217647059
0.03402000  23.407300745882353
0.03404000  23.430009315294118
0.03406000  23.452717884705883
0.03408000  23.475426454117645
0.03410000  23.498135023529414
0.03412000  23.520843592941176
0.03414000  23.543552162352942
0.03416000  23.566260731764707
0.03418000  23.58896930117647
0.03420000  23.611677870588235
0.03422000  23.63438644
0.03424000  23.657095009411766
0.03426000  23.67980357882353
0.03428000  23.702512148235293
0.03430000  23.72522071764706
0.03432000  23.747929287058824
0.03434000  23.770637856470586
0.03436000  23.793346425882355
0.03438000  23.816054995294117
0.03440000  23.838763564705882
0.03442000  23.861472134117648
0.03444000  23.88418070352941
0.03446000  23.90688927294118
0.03448000  23.92959784235294
0.03450000  23.952306411764706
0.03452000  23.97501498117647
0.03454000  23.997723550588233
0.03456000  24.020432120000002
0.03458000  24.043140689411764
0.03460000  24.06584925882353
0.03462000  24.088557828235295
0.03464000  24.111266397647057
0.03466000  24.133974967058826
0.03468000  24.156683536470588
0.03470000  24.179392105882354
0.03472000  24.20210067529412
0.03474000  24.22480924470588
0.03476000  24.247517814117646
0.03478000  24.270226383529412
0.03480000  24.292934952941177
0.03482000  24.315643522352943
0.03484000  24.338352091764705
0.03486000  24.36106066117647
0.03488000  24.383769230588236
0.03490000  24.406477799999998
0.03492000  24.429186369411767
0.03494000  24.45189493882353
0.03496000  24.474603508235294
0.03498000  24.49731207764706
0.03500000  24.52002064705882
0.03502000  24.54272921647059
0.03504000  24.565437785882352
0.03506000  24.588146355294118
0.03508000  24.610854924705883
0.03510000  24.633563494117645
0.03512000  24.656272063529414
0.03514000  24.678980632941176
0.03516000  24.70168920235294
0.03518000  24.724397771764707
0.03520000  24.74710634117647
0.03522000  24.769814910588238
0.03524000  24.79252348
0.03526000  24.815232049411765
0.03528000  24.83794061882353
0.03530000  24.860649188235293
0.03532000  24.88335775764706
0.03534000  24.906066327058824
0.03536000  24.92877489647059
0.03538000  24.951483465882355
0.03540000  24.974192035294116
0.03542000  24.996900604705882
0.03544000  25.019609174117647
0.03546000  25.042317743529413
0.03548000  25.06502631294118
0.03550000  25.08773488235294
0.03552000  25.110443451764706
0.03554000  25.13315202117647
0.03556000  25.155860590588233
0.03558000  25.178569160000002
0.03560000  25.201277729411764
0.03562000  25.22398629882353
0.03564000  25.246694868235295
0.03566000  25.269403437647057
0.03568000  25.292112007058826
0.03570000  25.314820576470588
0.03572000  25.337529145882353
0.03574000  25.36023771529412
0.03576000  25.38294628470588
0.03578000  25.40565485411765
0.03580000  25.42836342352941
0.03582000  25.451071992941177
0.03584000  25.473780562352943
0.03586000  25.496489131764704
0.03588000  25.519197701176473
0.03590000  25.541906270588235
0.03592000  25.56461484
0.03594000  25.587323409411766
0.03596000  25.610031978823528
0.03598000  25.632740548235294
0.03600000  25.65544911764706
0.03602000  25.678157687058825
0.03604000  25.70086625647059
0.03606000  25.723574825882352
0.03608000  25.746283395294117
0.03610000  25.768991964705883
0.03612000  25.791700534117645
0.03614000  25.814409103529414
0.03616000  25.837117672941176
0.03618000  25.85982624235294
0.03620000  25.882534811764707
0.03622000  25.90524338117647
0.03624000  25.927951950588238
0.03626000  25.95066052
0.03628000  25.973369089411765
0.03630000  25.99607765882353
0.03632000  26.018786228235292
0.03634000  26.04149479764706
0.03636000  26.064203367058823
0.03638000  26.08691193647059
0.03640000  26.109620505882354
0.03642000  26.132329075294116
0.03644000  26.155037644705885
0.03646000  26.177746214117647
0.03648000  26.200454783529413
0.03650000  26.223163352941178
0.03652000  26.24587192235294
0.03654000  26.268580491764705
0.03656000  26.29128906117647
0.03658000  26.313997630588236
0.03660000  26.336706200000002
0.03662000  26.359414769411764
0.03664000  26.38212333882353
0.03666000  26.404831908235295
0.03668000  26.427540477647057
0.03670000  26.450249047058826
0.03672000  26.472957616470588
0.03674000  26.495666185882353
0.03676000  26.51837475529412
0.03678000  26.54108332470588
0.03680000  26.56379189411765
0.03682000  26.58650046352941
0.03684000  26.609209032941177
0.03686000  26.631917602352942
0.03688000  26.654626171764704
0.03690000  26.677334741176473
0.03692000  26.700043310588235
0.03694000  26.72275188
0.03696000  26.745460449411766
0.03698000  26.768169018823528
0.03700000  26.790877588235297
0.03702000  26.81358615764706
0.03704000  26.836294727058824
0.03706000  26.85900329647059
0.03708000  26.88171186588235
0.03710000  26.904420435294117
0.03712000  26.927129004705883
0.03714000  26.949837574117648
0.03716000  26.972546143529414
0.03718000  26.995254712941176
0.03720000  27.01796328235294
0.03722000  27.040671851764706
0.03724000  27.063380421176472
0.03726000  27.086088990588237
0.03728000  27.10879756
0.03730000  27.131506129411765
0.03732000  27.15421469882353
0.03734000  27.176923268235296
0.03736000  27.199631837647058
0.03738000  27.222340407058823
0.03740000  27.24504897647059
0.03742000  27.267757545882354
0.03744000  27.29046611529412
0.03746000  27.31317468470588
0.03748000  27.335883254117647
0.03750000  27.358591823529412
0.03752000  27.381300392941178
0.03754000  27.404008962352943
0.03756000  27.426717531764705
0.03758000  27.44942610117647
0.03760000  27.472134670588236
0.03762000  27.49484324
0.03764000  27.517551809411763
0.03766000  27.54026037882353
0.03768000  27.562968948235294
0.03770000  27.58567751764706
0.03772000  27.608386087058825
0.03774000  27.631094656470587
0.03776000  27.653803225882353
0.03778000  27.676511795294118
0.03780000  27.699220364705884
0.03782000  27.72192893411765
0.03784000  27.74463750352941
0.03786000  27.767346072941177
0.03788000  27.790054642352942
0.03790000  27.812763211764707
0.03792000  27.83547178117647
0.03794000  27.858180350588235
0.03796000  27.88088892
0.03798000  27.903597489411766
0.03800000  27.92630605882353
0.03802000  27.949014628235293
0.03804000  27.97172319764706
0.03806000  27.994431767058824
0.03808000  28.01714033647059
0.03810000  28.039848905882355
0.03812000  28.062557475294117
0.03814000  28.085266044705882
0.03816000  28.107974614117648
0.03818000  28.130683183529413
0.03820000  28.153391752941175
0.03822000  28.17610032235294
0.03824000  28.198808891764706
0.03826000  28.22151746117647
0.03828000  28.244226030588237
0.03830000  28.2669346
0.03832000  28.289643169411764
0.03834000  28.31235173882353
0.03836000  28.335060308235295
0.03838000  28.35776887764706
0.03840000  28.380477447058823
0.03842000  28.40318601647059
0.03844000  28.425894585882354
0.03846000  28.44860315529412
0.03848000  28.47131172470588
0.03850000  28.494020294117647
0.03852000  28.516728863529412
0.03854000  28.539437432941178
0.03856000  28.562146002352943
0.03858000  28.584854571764705
0.03860000  28.60756314117647
0.03862000  28.630271710588236
0.03864000  28.65298028
0.03866000  28.675688849411767
0.03868000  28.69839741882353
0.03870000  28.721105988235294
0.03872000  28.74381455764706
0.03874000  28.766523127058825
0.03876000  28.789231696470587
0.03878000  28.811940265882352
0.03880000  28.834648835294118
0.03882000  28.857357404705883
0.03884000  28.88006597411765
0.03886000  28.90277454352941
0.03888000  28.925483112941176
0.03890000  28.94819168235294
0.03892000  28.970900251764707
0.03894000  28.993608821176473
0.03896000  29.016317390588235
0.03898000  29.03902596
0.03900000  29.061734529411765
0.03902000  29.08444309882353
0.03904000  29.107151668235293
0.03906000  29.12986023764706
0.03908000  29.152568807058824
0.03910000  29.17527737647059
0.03912000  29.197985945882355
0.03914000  29.220694515294117
0.03916000  29.243403084705882
0.03918000  29.266111654117648
0.03920000  29.288820223529413
0.03922000  29.31152879294118
0.03924000  29.33423736235294
0.03926000  29.356945931764706
0.03928000  29.37965450117647
0.03930000  29.402363070588237
0.03932000  29.42507164
0.03934000  29.447780209411764
0.03936000  29.47048877882353
0.03938000  29.493197348235295
0.03940000  29.51590591764706
0.03942000  29.538614487058823
0.03944000  29.561323056470588
0.03946000  29.584031625882353
0.03948000  29.60674019529412
0.03950000  29.629448764705884
0.03952000  29.652157334117646
0.03954000  29.674865903529412
0.03956000  29.697574472941177
0.03958000  29.720283042352943
0.03960000  29.742991611764705
0.03962000  29.76570018117647
0.03964000  29.788408750588236
0.03966000  29.81111732
0.03968000  29.833825889411766
0.03970000  29.85653445882353
0.03972000  29.879243028235294
0.03974000  29.90195159764706
0.03976000  29.924660167058825
0.03978000  29.94736873647059
0.03980000  29.970077305882352
0.03982000  29.992785875294118
0.03984000  30.015494444705883
0.03986000  30.03820301411765
0.03988000  30.06091158352941
0.03990000  30.083620152941176
0.03992000  30.10632872235294
0.03994000  30.129037291764707
0.03996000  30.151745861176472
0.03998000  30.174454430588234
0.04000000  30.197163
0.04002000  30.391045
0.04004000  30.570566
0.04006000  30.736517
0.04008000  30.890585
0.04010000  31.043498
0.04012000  31.226657
0.04014000  31.473131
0.04016000  31.806546
0.04018000  32.254525
0.04020000  32.848971
0.04022000  33.665916
0.04024000  34.933922
0.04026000  36.955974
0.04028000  40.162242
0.04030000  45.255952
0.04032000  53.433487
0.04034000  66.742674
0.04036000  88.603874
0.04038000  123.540456
0.04040000  174.660579
0.04042000  246.031195
0.04044000  351.572855
0.04046000  534.881134
0.04048000  924.75358
0.04050000  1830.860027
0.04052000  3597.208867
0.04054000  6189.033402
0.04056000  8581.480972
0.04058000  9304.545626
0.04060000  7571.929217
0.04062000  4589.88414
0.04064000  2233.566442
0.04066000  1001.027723
0.04068000  473.325103
0.04070000  247.672328
0.04072000  142.236735
0.04074000  88.124271
0.04076000  58.141862
0.04078000  40.581829
0.04080000  29.960475
0.04082000  23.389309
0.04084000  19.228685
0.04086000  16.526786
0.04088000  14.728675
0.04090000  13.506375
0.04092000  12.661011
0.04094000  12.06847
0.04096000  11.649443
0.04098000  11.351087
0.04100000  11.13799
0.04102000  10.985796
0.04104000  10.877386
0.04106000  10.800765
0.04108000  10.747266
0.04110000  10.71064
0.04112000  10.686144
0.04114000  10.670458
0.04116000  10.661264
0.04118000  10.65678
0.04120000  10.655824
0.04122000  10.657441
0.04124000  10.660823
0.04126000  10.665603
0.04128000  10.671342
0.04130000  10.677673
0.04132000  10.684302
0.04134000  10.691083
0.04136000  10.697795
0.04138000  10.704142
0.04140000  10.710197
0.04142000  10.715738
0.04144000  10.720986
0.04146000  10.725941
0.04148000  10.730603
0.04150000  10.73497
0.04152000  10.739116
0.04154000  10.742968
0.04156000  10.746674
0.04158000  10.750232
0.04160000  10.753643
0.04162000  10.75698
0.04164000  10.760171
0.04166000  10.763214
0.04168000  10.766258
0.04170000  10.769302
0.04172000  10.772199
0.04174000  10.775023
0.04176000  10.777847
0.04178000  10.780672
0.04180000  10.783423
0.04182000  10.786101
0.04184000  10.788779
0.04186000  10.791384
0.04188000  10.793989
0.04190000  10.796594
0.04192000  10.799126
0.04194000  10.801584
0.04196000  10.804043
0.04198000  10.806502
0.04200000  10.808887
0.04202000  10.811273
0.04204000  10.813659
0.04206000  10.815971
0.04208000  10.818209
0.04210000  10.820448
0.04212000  10.822687
0.04214000  10.824926
0.04216000  10.827091
0.04218000  10.829182
0.04220000  10.831274
0.04222000  10.833365
0.04224000  10.835457
0.04226000  10.837475
0.04228000  10.839419
0.04230000  10.841437
0.04232000  10.843381
0.04234000  10.845251
0.04236000  10.847121
0.04238000  10.848992
0.04240000  10.850862
0.04242000  10.852658
0.04244000  10.854455
0.04246000  10.856177
0.04248000  10.857899
0.04250000  10.859621
0.04252000  10.861269
0.04254000  10.862917
0.04256000  10.864565
0.04258000  10.866214
0.04260000  10.867788
0.04262000  10.869362
0.04264000  10.870861
0.04266000  10.872361
0.04268000  10.87386
0.04270000  10.87536
0.04272000  10.876786
0.04274000  10.878211
0.04276000  10.879636
0.04278000  10.880987
0.04280000  10.882338
0.04282000  10.883689
0.04284000  10.884965
0.04286000  10.886316
0.04288000  10.887593
0.04290000  10.888869
0.04292000  10.890071
0.04294000  10.891273
0.04296000  10.892474
0.04298000  10.893676
0.04300000  10.894879
0.04302000  10.917587569411765
0.04304000  10.940296138823529
0.04306000  10.963004708235294
0.04308000  10.985713277647058
0.04310000  11.008421847058823
0.04312000  11.031130416470587
0.04314000  11.053838985882352
0.04316000  11.076547555294118
0.04318000  11.099256124705882
0.04320000  11.121964694117647
0.04322000  11.14467326352941
0.04324000  11.167381832941176
0.04326000  11.19009040235294
0.04328000  11.212798971764705
0.04330000  11.23550754117647
0.04332000  11.258216110588235
0.04334000  11.28092468
0.04336000  11.303633249411764
0.04338000  11.32634181882353
0.04340000  11.349050388235293
0.04342000  11.371758957647058
0.04344000  11.394467527058824
0.04346000  11.417176096470588
0.04348000  11.439884665882353
0.04350000  11.462593235294117
0.04352000  11.485301804705882
0.04354000  11.508010374117646
0.04356000  11.530718943529411
0.04358000  11.553427512941177
0.04360000  11.57613608235294
0.04362000  11.598844651764706
0.04364000  11.62155322117647
0.04366000  11.644261790588235
0.04368000  11.666970359999999
0.04370000  11.689678929411764
0.04372000  11.71238749882353
0.04374000  11.735096068235293
0.04376000  11.757804637647059
0.04378000  11.780513207058823
0.04380000  11.803221776470588
0.04382000  11.825930345882352
0.04384000  11.848638915294117
0.04386000  11.871347484705883
0.04388000  11.894056054117646
0.04390000  11.916764623529412
0.04392000  11.939473192941175
0.04394000  11.962181762352941
0.04396000  11.984890331764706
0.04398000  12.00759890117647
0.04400000  12.030307470588236
0.04402000  12.05301604
0.04404000  12.075724609411765
0.04406000  12.098433178823528
0.04408000  12.121141748235294
0.04410000  12.143850317647058
0.04412000  12.166558887058823
0.04414000  12.189267456470589
0.04416000  12.211976025882352
0.04418000  12.234684595294118
0.04420000  12.257393164705881
0.04422000  12.280101734117647
0.04424000  12.302810303529412
0.04426000  12.325518872941176
0.04428000  12.348227442352941
0.04430000  12.370936011764705
0.04432000  12.39364458117647
0.04434000  12.416353150588234
0.04436000  12.43906172
0.04438000  12.461770289411763
0.04440000  12.484478858823529
0.04442000  12.507187428235294
0.04444000  12.529895997647058
0.04446000  12.552604567058824
0.04448000  12.575313136470587
0.04450000  12.598021705882353
0.04452000  12.620730275294118
0.04454000  12.643438844705882
0.04456000  12.666147414117647
0.04458000  12.688855983529411
0.04460000  12.711564552941176
0.04462000  12.73427312235294
0.04464000  12.756981691764706
0.04466000  12.77969026117647
0.04468000  12.802398830588235
0.04470000  12.8251074
0.04472000  12.847815969411764
0.04474000  12.87052453882353
0.04476000  12.893233108235293
0.04478000  12.915941677647059
0.04480000  12.938650247058824
0.04482000  12.961358816470588
0.04484000  12.984067385882353
0.04486000  13.006775955294117
0.04488000  13.029484524705882
0.04490000  13.052193094117646
0.04492000  13.074901663529412
0.04494000  13.097610232941175
0.04496000  13.12031880235294
0.04498000  13.143027371764706
0.04500000  13.16573594117647
0.04502000  13.188444510588235
0.04504000  13.211153079999999
0.04506000  13.233861649411764
0.04508000  13.25657021882353
0.04510000  13.279278788235294
0.04512000  13.301987357647059
0.04514000  13.324695927058823
0.04516000  13.347404496470588
0.04518000  13.370113065882354
0.04520000  13.392821635294117
0.04522000  13.415530204705881
0.04524000  13.438238774117647
0.04526000  13.460947343529412
0.04528000  13.483655912941176
0.04530000  13.506364482352941
0.04532000  13.529073051764705
0.04534000  13.55178162117647
0.04536000  13.574490190588236
0.04538000  13.59719876
0.04540000  13.619907329411765
0.04542000  13.642615898823529
0.04544000  13.665324468235294
0.04546000  13.68803303764706
0.04548000  13.710741607058823
0.04550000  13.733450176470587
0.04552000  13.756158745882352
0.04554000  13.778867315294118
0.04556000  13.801575884705882
0.04558000  13.824284454117647
0.04560000  13.84699302352941
0.04562000  13.869701592941176
0.04564000  13.892410162352942
0.04566000  13.915118731764705
0.04568000  13.93782730117647
0.04570000  13.960535870588235
0.04572000  13.98324444
0.04574000  14.005953009411765
0.04576000  14.02866157882353
0.04578000  14.051370148235293
0.04580000  14.074078717647058
0.04582000  14.096787287058824
0.04584000  14.119495856470587
0.04586000  14.142204425882353
0.04588000  14.164912995294117
0.04590000  14.187621564705882
0.04592000  14.210330134117648
0.04594000  14.233038703529411
0.04596000  14.255747272941177
0.04598000  14.27845584235294
0.04600000  14.301164411764706
0.04602000  14.323872981176471
0.04604000  14.346581550588235
0.04606000  14.369290119999999
0.04608000  14.391998689411764
0.04610000  14.41470725882353
0.04612000  14.437415828235293
0.04614000  14.460124397647059
0.04616000  14.482832967058823
0.04618000  14.505541536470588
0.04620000  14.528250105882353
0.04622000  14.550958675294117
0.04624000  14.573667244705883
0.04626000  14.596375814117646
0.04628000  14.619084383529412
0.04630000  14.641792952941177
0.04632000  14.664501522352941
0.04634000  14.687210091764705
0.04636000  14.70991866117647
0.04638000  14.732627230588236
0.04640000  14.7553358
0.04642000  14.778044369411765
0.04644000  14.800752938823528
0.04646000  14.823461508235294
0.04648000  14.84617007764706
0.04650000  14.868878647058823
0.04652000  14.891587216470588
0.04654000  14.914295785882352
0.04656000  14.937004355294118
0.04658000  14.959712924705883
0.04660000  14.982421494117647
0.04662000  15.00513006352941
0.04664000  15.027838632941176
0.04666000  15.050547202352941
0.04668000  15.073255771764707
0.04670000  15.09596434117647
0.04672000  15.118672910588234
0.04674000  15.14138148
0.04676000  15.164090049411765
0.04678000  15.186798618823529
0.04680000  15.209507188235293
0.04682000  15.232215757647058
0.04684000  15.254924327058824
0.04686000  15.277632896470589
0.04688000  15.300341465882353
0.04690000  15.323050035294116
0.04692000  15.345758604705882
0.04694000  15.368467174117647
0.04696000  15.391175743529413
0.04698000  15.413884312941176
0.04700000  15.43659288235294
0.04702000  15.459301451764706
0.04704000  15.482010021176471
0.04706000  15.504718590588235
0.04708000  15.527427159999998
0.04710000  15.550135729411764
0.04712000  15.57284429882353
0.04714000  15.595552868235295
0.04716000  15.618261437647059
0.04718000  15.640970007058822
0.04720000  15.663678576470588
0.04722000  15.686387145882353
0.04724000  15.709095715294119
0.04726000  15.731804284705882
0.04728000  15.754512854117646
0.04730000  15.777221423529411
0.04732000  15.799929992941177
0.04734000  15.82263856235294
0.04736000  15.845347131764706
0.04738000  15.86805570117647
0.04740000  15.890764270588235
0.04742000  15.91347284
0.04744000  15.936181409411764
0.04746000  15.958889978823528
0.04748000  15.981598548235294
0.04750000  16.00430711764706
0.04752000  16.027015687058825
0.04754000  16.04972425647059
0.04756000  16.072432825882352
0.04758000  16.095141395294117
0.04760000  16.117849964705883
0.04762000  16.140558534117645
0.04764000  16.163267103529414
0.04766000  16.185975672941176
0.04768000  16.20868424235294
0.04770000  16.231392811764707
0.04772000  16.25410138117647
0.04774000  16.276809950588234
0.04776000  16.29951852
0.04778000  16.322227089411765
0.04780000  16.34493565882353
0.04782000  16.367644228235292
0.04784000  16.390352797647058
0.04786000  16.413061367058823
0.04788000  16.43576993647059
0.04790000  16.458478505882354
0.04792000  16.481187075294116
0.04794000  16.50389564470588
0.04796000  16.526604214117647
0.04798000  16.549312783529412
0.04800000  16.572021352941178
0.04802000  16.59472992235294
0.04804000  16.617438491764705
0.04806000  16.64014706117647
0.04808000  16.662855630588236
0.04810000  16.6855642
0.04812000  16.708272769411764
0.04814000  16.73098133882353
0.04816000  16.753689908235295
0.04818000  16.776398477647056
0.04820000  16.799107047058826
0.04822000  16.821815616470587
0.04824000  16.844524185882353
0.04826000  16.86723275529412
0.04828000  16.88994132470588
0.04830000  16.912649894117646
0.04832000  16.93535846352941
0.04834000  16.958067032941177
0.04836000  16.980775602352942
0.04838000  17.003484171764704
0.04840000  17.02619274117647
0.04842000  17.048901310588235
0.04844000  17.07160988
0.04846000  17.094318449411766
0.04848000  17.117027018823528
0.04850000  17.139735588235293
0.04852000  17.16244415764706
0.04854000  17.185152727058824
0.04856000  17.20786129647059
0.04858000  17.23056986588235
0.04860000  17.253278435294117
0.04862000  17.275987004705883
0.04864000  17.298695574117648
0.04866000  17.321404143529413
0.04868000  17.344112712941175
0.04870000  17.36682128235294
0.04872000  17.389529851764706
0.04874000  17.41223842117647
0.04876000  17.434946990588237
0.04878000  17.45765556
0.04880000  17.480364129411765
0.04882000  17.50307269882353
0.04884000  17.525781268235292
0.04886000  17.548489837647057
0.04888000  17.571198407058823
0.04890000  17.59390697647059
0.04892000  17.616615545882354
0.04894000  17.639324115294116
0.04896000  17.66203268470588
0.04898000  17.684741254117647
0.04900000  17.707449823529412
0.04902000  17.730158392941178
0.04904000  17.75286696235294
0.04906000  17.775575531764705
0.04908000  17.79828410117647
0.04910000  17.820992670588236
0.04912000  17.84370124
0.04914000  17.866409809411763
0.04916000  17.88911837882353
0.04918000  17.911826948235294
0.04920000  17.93453551764706
0.04922000  17.957244087058825
0.04924000  17.979952656470587
0.04926000  18.002661225882353
0.04928000  18.025369795294118
0.04930000  18.048078364705884
0.04932000  18.07078693411765
0.04934000  18.09349550352941
0.04936000  18.116204072941176
0.04938000  18.138912642352942
0.04940000  18.161621211764704
0.04942000  18.18432978117647
0.04944000  18.207038350588235
0.04946000  18.22974692
0.04948000  18.252455489411766
0.04950000  18.275164058823528
0.04952000  18.297872628235293
0.04954000  18.32058119764706
0.04956000  18.343289767058824
0.04958000  18.36599833647059
0.04960000  18.38870690588235
0.04962000  18.411415475294117
0.04964000  18.434124044705882
0.04966000  18.456832614117648
0.04968000  18.479541183529413
0.04970000  18.502249752941175
0.04972000  18.52495832235294
0.04974000  18.547666891764706
0.04976000  18.57037546117647
0.04978000  18.593084030588237
0.04980000  18.6157926
0.04982000  18.638501169411764
0.04984000  18.66120973882353
0.04986000  18.683918308235295
0.04988000  18.70662687764706
0.04990000  18.729335447058823
0.04992000  18.752044016470588
0.04994000  18.774752585882354
0.04996000  18.797461155294116
0.04998000  18.82016972470588
0.05000000  18.842878294117646
0.05002000  18.865586863529412
0.05004000  18.888295432941177
0.05006000  18.91100400235294
0.05008000  18.93371257176471
0.05010000  18.95642114117647
0.05012000  18.979129710588236
0.05014000  19.00183828
0.05016000  19.024546849411763
0.05018000  19.04725541882353
0.05020000  19.069963988235294
0.05022000  19.09267255764706
0.05024000  19.115381127058825
0.05026000  19.138089696470587
0.05028000  19.160798265882352
0.05030000  19.183506835294118
0.05032000  19.20621540470588
0.05034000  19.22892397411765
0.05036000  19.25163254352941
0.05038000  19.274341112941176
0.05040000  19.29704968235294
0.05042000  19.319758251764704
0.05044000  19.342466821176473
0.05046000  19.365175390588234
0.05048000  19.38788396
0.05050000  19.410592529411765
0.05052000  19.433301098823527
0.05054000  19.456009668235296
0.05056000  19.47871823764706
0.05058000  19.501426807058824
0.05060000  19.52413537647059
0.05062000  19.54684394588235
0.05064000  19.56955251529412
0.05066000  19.592261084705882
0.05068000  19.614969654117647
0.05070000  19.637678223529413
0.05072000  19.660386792941175
0.05074000  19.68309536235294
0.05076000  19.705803931764706
0.05078000  19.72851250117647
0.05080000  19.751221070588237
0.05082000  19.77392964
0.05084000  19.796638209411764
0.05086000  19.81934677882353
0.05088000  19.84205534823529
0.05090000  19.86476391764706
0.05092000  19.887472487058822
0.05094000  19.910181056470588
0.05096000  19.932889625882353
0.05098000  19.955598195294115
0.05100000  19.978306764705884
0.05102000  20.001015334117646
0.05104000  20.02372390352941
0.05106000  20.046432472941177
0.05108000  20.06914104235294
0.05110000  20.091849611764708
0.05112000  20.11455818117647
0.05114000  20.137266750588235
0.05116000  20.15997532
0.05118000  20.182683889411763
0.05120000  20.205392458823532
0.05122000  20.228101028235294
0.05124000  20.25080959764706
0.05126000  20.273518167058825
0.05128000  20.296226736470587
0.05130000  20.318935305882352
0.05132000  20.341643875294118
0.05134000  20.364352444705883
0.05136000  20.38706101411765
0.05138000  20.40976958352941
0.05140000  20.432478152941176
0.05142000  20.45518672235294
0.05144000  20.477895291764703
0.05146000  20.500603861176472
0.05148000  20.523312430588234
0.05150000  20.546021
0.05152000  20.568729569411765
0.05154000  20.591438138823527
0.05156000  20.614146708235296
0.05158000  20.636855277647058
0.05160000  20.659563847058823
0.05162000  20.68227241647059
0.05164000  20.70498098588235
0.05166000  20.72768955529412
0.05168000  20.75039812470588
0.05170000  20.773106694117647
0.05172000  20.795815263529413
0.05174000  20.818523832941175
0.05176000  20.841232402352944
0.05178000  20.863940971764706
0.05180000  20.88664954117647
0.05182000  20.909358110588236
0.05184000  20.93206668
0.05186000  20.954775249411767
0.05188000  20.97748381882353
0.05190000  21.000192388235295
0.05192000  21.02290095764706
0.05194000  21.045609527058822
0.05196000  21.068318096470588
0.05198000  21.091026665882353
0.05200000  21.11373523529412
0.05202000  21.136443804705884
0.05204000  21.159152374117646
0.05206000  21.18186094352941
0.05208000  21.204569512941177
0.05210000  21.22727808235294
0.05212000  21.249986651764708
0.05214000  21.27269522117647
0.05216000  21.295403790588235
0.05218000  21.31811236
0.05220000  21.340820929411763
0.05222000  21.36352949882353
0.05224000  21.386238068235293
0.05226000  21.40894663764706
0.05228000  21.431655207058824
0.05230000  21.454363776470586
0.05232000  21.477072345882355
0.05234000  21.499780915294117
0.05236000  21.522489484705883
0.05238000  21.545198054117648
0.05240000  21.56790662352941
0.05242000  21.59061519294118
0.05244000  21.61332376235294
0.05246000  21.636032331764707
0.05248000  21.658740901176472
0.05250000  21.681449470588234
0.05252000  21.70415804
0.05254000  21.726866609411765
0.05256000  21.74957517882353
0.05258000  21.772283748235296
0.05260000  21.794992317647058
0.05262000  21.817700887058823
0.05264000  21.84040945647059
0.05266000  21.86311802588235
0.05268000  21.88582659529412
0.05270000  21.90853516470588
0.05272000  21.931243734117647
0.05274000  21.953952303529412
0.05276000  21.976660872941174
0.05278000  21.999369442352943
0.05280000  22.022078011764705
0.05282000  22.04478658117647
0.05284000  22.067495150588236
0.05286000  22.090203719999998
0.05288000  22.112912289411767
0.05290000  22.13562085882353
0.05292000  22.158329428235295
0.05294000  22.18103799764706
0.05296000  22.203746567058822
0.05298000  22.22645513647059
0.05300000  22.249163705882353
0.05302000  22.27187227529412
0.05304000  22.294580844705884
0.05306000  22.317289414117646
0.05308000  22.33999798352941
0.05310000  22.362706552941177
0.05312000  22.385415122352942
0.05314000  22.408123691764708
0.05316000  22.43083226117647
0.05318000  22.453540830588235
0.05320000  22.4762494
0.05322000  22.498957969411762
0.05324000  22.52166653882353
0.05326000  22.544375108235293
0.05328000  22.56708367764706
0.05330000  22.589792247058824
0.05332000  22.612500816470586
0.05334000  22.635209385882355
0.05336000  22.657917955294117
0.05338000  22.680626524705882
0.05340000  22.703335094117648
0.05342000  22.72604366352941
0.05344000  22.74875223294118
0.05346000  22.77146080235294
0.05348000  22.794169371764706
0.05350000  22.81687794117647
0.05352000  22.839586510588234
0.05354000  22.862295080000003
0.05356000  22.885003649411765
0.05358000  22.90771221882353
0.05360000  22.930420788235296
0.05362000  22.953129357647057
0.05364000  22.975837927058823
0.05366000  22.99854649647059
0.05368000  23.021255065882354
0.05370000  23.04396363529412
0.05372000  23.06667220470588
0.05374000  23.089380774117647
0.05376000  23.112089343529412
0.05378000  23.134797912941174
0.05380000  23.157506482352943
0.05382000  23.180215051764705
0.05384000  23.20292362117647
0.05386000  23.225632190588236
0.05388000  23.248340759999998
0.05390000  23.271049329411767
0.05392000  23.29375789882353
0.05394000  23.316466468235294
0.05396000  23.33917503764706
0.05398000  23.36188360705882
0.05400000  23.38459217647059
0.05402000  23.407300745882353
0.05404000  23.430009315294118
0.05406000  23.452717884705883
0.05408000  23.475426454117645
0.05410000  23.498135023529414
0.05412000  23.520843592941176
0.05414000  23.543552162352942
0.05416000  23.566260731764707
0.05418000  23.58896930117647
0.05420000  23.611677870588235
0.05422000  23.63438644
0.05424000  23.657095009411766
0.05426000  23.67980357882353
0.05428000  23.702512148235293
0.05430000  23.72522071764706
0.05432000  23.747929287058824
0.05434000  23.770637856470586
0.05436000  23.793346425882355
0.05438000  23.816054995294117
0.05440000  23.838763564705882
0.05442000  23.861472134117648
0.05444000  23.88418070352941
0.05446000  23.90688927294118
0.05448000  23.92959784235294
0.05450000  23.952306411764706
0.05452000  23.97501498117647
0.05454000  23.997723550588233
0.05456000  24.020432120000002
0.05458000  24.043140689411764
0.05460000  24.06584925882353
0.05462000  24.088557828235295
0.05464000  24.111266397647057
0.05466000  24.133974967058826
0.05468000  24.156683536470588
0.05470000  24.179392105882354
0.05472000  24.20210067529412
0.05474000  24.22480924470588
0.05476000  24.247517814117646
0.05478000  24.270226383529412
0.05480000  24.292934952941177
0.05482000  24.315643522352943
0.05484000  24.338352091764705
0.05486000  24.36106066117647
0.05488000  24.383769230588236
0.05490000  24.406477799999998
0.05492000  24.429186369411767
0.05494000  24.45189493882353
0.05496000  24.474603508235294
0.05498000  24.49731207764706
0.05500000  24.52002064705882
0.05502000  24.54272921647059
0.05504000  24.565437785882352
0.05506000  24.588146355294118
0.05508000  24.610854924705883
0.05510000  24.633563494117645
0.05512000  24.656272063529414
0.05514000  24.678980632941176
0.05516000  24.70168920235294
0.05518000  24.724397771764707
0.05520000  24.74710634117647
0.05522000  24.769814910588238
0.05524000  24.79252348
0.05526000  24.815232049411765
0.05528000  24.83794061882353
0.05530000  24.860649188235293
0.05532000  24.88335775764706
0.05534000  24.906066327058824
0.05536000  24.92877489647059
0.05538000  24.951483465882355
0.05540000  24.974192035294116
0.05542000  24.996900604705882
0.05544000  25.019609174117647
0.05546000  25.042317743529413
0.05548000  25.06502631294118
0.05550000  25.08773488235294
0.05552000  25.110443451764706
0.05554000  25.13315202117647
0.05556000  25.155860590588233
0.05558000  25.178569160000002
0.05560000  25.201277729411764
0.05562000  25.22398629882353
0.05564000  25.246694868235295
0.05566000  25.269403437647057
0.05568000  25.292112007058826
0.05570000  25.314820576470588
0.05572000  25.337529145882353
0.05574000  25.36023771529412
0.05576000  25.38294628470588
0.05578000  25.40565485411765
0.05580000  25.42836342352941
0.05582000  25.451071992941177
0.05584000  25.473780562352943
0.05586000  25.496489131764704
0.05588000  25.519197701176473
0.05590000  25.541906270588235
0.05592000  25.56461484
0.05594000  25.587323409411766
0.05596000  25.610031978823528
0.05598000  25.632740548235294
0.05600000  25.65544911764706
0.05602000  25.678157687058825
0.05604000  25.70086625647059
0.05606000  25.723574825882352
0.05608000  25.746283395294117
0.05610000  25.768991964705883
0.05612000  25.791700534117645
0.05614000  25.814409103529414
0.05616000  25.837117672941176
0.05618000  25.85982624235294
0.05620000  25.882534811764707
0.05622000  25.90524338117647
0.05624000  25.927951950588238
0.05626000  25.95066052
0.05628000  25.973369089411765
0.05630000  25.99607765882353
0.05632000  26.018786228235292
0.05634000  26.04149479764706
0.05636000  26.064203367058823
0.05638000  26.08691193647059
0.05640000  26.109620505882354
0.05642000  26.132329075294116
0.05644000  26.155037644705885
0.05646000  26.177746214117647
0.05648000  26.200454783529413
0.05650000  26.223163352941178
0.05652000  26.24587192235294
0.05654000  26.268580491764705
0.05656000  26.29128906117647
0.05658000  26.313997630588236
0.05660000  26.336706200000002
0.05662000  26.359414769411764
0.05664000  26.38212333882353
0.05666000  26.404831908235295
0.05668000  26.427540477647057
0.05670000  26.450249047058826
0.05672000  26.472957616470588
0.05674000  26.495666185882353
0.05676000  26.51837475529412
0.05678000  26.54108332470588
0.05680000  26.56379189411765
0.05682000  26.58650046352941
0.05684000  26.609209032941177
0.05686000  26.631917602352942
0.05688000  26.654626171764704
0.05690000  26.677334741176473
0.05692000  26.700043310588235
0.05694000  26.72275188
0.05696000  26.745460449411766
0.05698000  26.768169018823528
0.05700000  26.790877588235297
0.05702000  26.81358615764706
0.05704000  26.836294727058824
0.05706000  26.85900329647059
0.05708000  26.88171186588235
0.05710000  26.904420435294117
0.05712000  26.927129004705883
0.05714000  26.949837574117648
0.05716000  26.972546143529414
0.05718000  26.995254712941176
0.05720000  27.01796328235294
0.05722000  27.040671851764706
0.05724000  27.063380421176472
0.05726000  27.086088990588237
0.05728000  27.10879756
0.05730000  27.131506129411765
0.05732000  27.15421469882353
0.05734000  27.176923268235296
0.05736000  27.199631837647058
0.05738000  27.222340407058823
0.05740000  27.24504897647059
0.05742000  27.267757545882354
0.05744000  27.29046611529412
0.05746000  27.31317468470588
0.05748000  27.335883254117647
0.05750000  27.358591823529412
0.05752000  27.381300392941178
0.05754000  27.404008962352943
0.05756000  27.426717531764705
0.05758000  27.44942610117647
0.05760000  27.472134670588236
0.05762000  27.49484324
0.05764000  27.517551809411763
0.05766000  27.54026037882353
0.05768000  27.562968948235294
0.05770000  27.58567751764706
0.05772000  27.608386087058825
0.05774000  27.631094656470587
0.05776000  27.653803225882353
0.05778000  27.676511795294118
0.05780000  27.699220364705884
0.05782000  27.72192893411765
0.05784000  27.74463750352941
0.05786000  27.767346072941177
0.05788000  27.790054642352942
0.05790000  27.812763211764707
0.05792000  27.83547178117647
0.05794000  27.858180350588235
0.05796000  27.88088892
0.05798000  27.903597489411766
0.05800000  27.92630605882353
0.05802000  27.949014628235293
0.05804000  27.97172319764706
0.05806000  27.994431767058824
0.05808000  28.01714033647059
0.05810000  28.039848905882355
0.05812000  28.062557475294117
0.05814000  28.085266044705882
0.05816000  28.107974614117648
0.05818000  28.130683183529413
0.05820000  28.153391752941175
0.05822000  28.17610032235294
0.05824000  28.198808891764706
0.05826000  28.22151746117647
0.05828000  28.244226030588237
0.05830000  28.2669346
0.05832000  28.289643169411764
0.05834000  28.31235173882353
0.05836000  28.335060308235295
0.05838000  28.35776887764706
0.05840000  28.380477447058823
0.05842000  28.40318601647059
0.05844000  28.425894585882354
0.05846000  28.44860315529412
0.05848000  28.47131172470588
0.05850000  28.494020294117647
0.05852000  28.516728863529412
0.05854000  28.539437432941178
0.05856000  28.562146002352943
0.05858000  28.584854571764705
0.05860000  28.60756314117647
0.05862000  28.630271710588236
0.05864000  28.65298028
0.05866000  28.675688849411767
0.05868000  28.69839741882353
0.05870000  28.721105988235294
0.05872000  28.74381455764706
0.05874000  28.766523127058825
0.05876000  28.789231696470587
0.05878000  28.811940265882352
0.05880000  28.834648835294118
0.05882000  28.857357404705883
0.05884000  28.88006597411765
0.05886000  28.90277454352941
0.05888000  28.925483112941176
0.05890000  28.94819168235294
0.05892000  28.970900251764707
0.05894000  28.993608821176473
0.05896000  29.016317390588235
0.05898000  29.03902596
0.05900000  29.061734529411765
0.05902000  29.08444309882353
0.05904000  29.107151668235293
0.05906000  29.12986023764706
0.05908000  29.152568807058824
0.05910000  29.17527737647059
0.05912000  29.197985945882355
0.05914000  29.220694515294117
0.05916000  29.243403084705882
0.05918000  29.266111654117648
0.05920000  29.288820223529413
0.05922000  29.31152879294118
0.05924000  29.33423736235294
0.05926000  29.356945931764706
0.05928000  29.37965450117647
0.05930000  29.402363070588237
0.05932000  29.42507164
0.05934000  29.447780209411764
0.05936000  29.47048877882353
0.05938000  29.493197348235295
0.05940000  29.51590591764706
0.05942000  29.538614487058823
0.05944000  29.561323056470588
0.05946000  29.584031625882353
0.05948000  29.60674019529412
0.05950000  29.629448764705884
0.05952000  29.652157334117646
0.05954000  29.674865903529412
0.05956000  29.697574472941177
0.05958000  29.720283042352943
0.05960000  29.742991611764705
0.05962000  29.76570018117647
0.05964000  29.788408750588236
0.05966000  29.81111732
0.05968000  29.833825889411766
0.05970000  29.85653445882353
0.05972000  29.879243028235294
0.05974000  29.90195159764706
0.05976000  29.924660167058825
0.05978000  29.94736873647059
0.05980000  29.970077305882352
0.05982000  29.992785875294118
0.05984000  30.015494444705883
0.05986000  30.03820301411765
0.05988000  30.06091158352941
0.05990000  30.083620152941176
0.05992000  30.10632872235294
0.05994000  30.129037291764707
0.05996000  30.151745861176472
0.05998000  30.174454430588234
0.06000000  30.197163
0.06002000  30.391045
0.06004000  30.570566
0.06006000  30.736517
0.06008000  30.890585
0.06010000  31.043498
0.06012000  31.226657
0.06014000  31.473131
0.06016000  31.806546
0.06018000  32.254525
0.06020000  32.848971
0.06022000  33.665916
0.06024000  34.933922
0.06026000  36.955974
0.06028000  40.162242
0.06030000  45.255952
0.06032000  53.433487
0.06034000  66.742674
0.06036000  88.603874
0.06038000  123.540456
0.06040000  174.660579
0.06042000  246.031195
0.06044000  351.572855
0.06046000  534.881134
0.06048000  924.75358
0.06050000  1830.860027
0.06052000  3597.208867
0.06054000  6189.033402
0.06056000  8581.480972
0.06058000  9304.545626
0.06060000  7571.929217
0.06062000  4589.88414
0.06064000  2233.566442
0.06066000  1001.027723
0.06068000  473.325103
0.06070000  247.672328
0.06072000  142.236735
0.06074000  88.124271
0.06076000  58.141862
0.06078000  40.581829
0.06080000  29.960475
0.06082000  23.389309
0.06084000  19.228685
0.06086000  16.526786
0.06088000  14.728675
0.06090000  13.506375
0.06092000  12.661011
0.06094000  12.06847
0.06096000  11.649443
0.06098000  11.351087
0.06100000  11.13799
0.06102000  10.985796
0.06104000  10.877386
0.06106000  10.800765
0.06108000  10.747266
0.06110000  10.71064
0.06112000  10.686144
0.06114000  10.670458
0.06116000  10.661264
0.06118000  10.65678
0.06120000  10.655824
0.06122000  10.657441
0.06124000  10.660823
0.06126000  10.665603
0.06128000  10.671342
0.06130000  10.677673
0.06132000  10.684302
0.06134000  10.691083
0.06136000  10.697795
0.06138000  10.704142
0.06140000  10.710197
0.06142000  10.715738
0.06144000  10.720986
0.06146000  10.725941
0.06148000  10.730603
0.06150000  10.73497
0.06152000  10.739116
0.06154000  10.742968
0.06156000  10.746674
0.06158000  10.750232
0.06160000  10.753643
0.06162000  10.75698
0.06164000  10.760171
0.06166000  10.763214
0.06168000  10.766258
0.06170000  10.769302
0.06172000  10.772199
0.06174000  10.775023
0.06176000  10.777847
0.06178000  10.780672
0.06180000  10.783423
0.06182000  10.786101
0.06184000  10.788779
0.06186000  10.791384
0.06188000  10.793989
0.06190000  10.796594
0.06192000  10.799126
0.06194000  10.801584
0.06196000  10.804043
0.06198000  10.806502
0.06200000  10.808887
0.06202000  10.811273
0.06204000  10.813659
0.06206000  10.815971
0.06208000  10.818209
0.06210000  10.820448
0.06212000  10.822687
0.06214000  10.824926
0.06216000  10.827091
0.06218000  10.829182
0.06220000  10.831274
0.06222000  10.833365
0.06224000  10.835457
0.06226000  10.837475
0.06228000  10.839419
0.06230000  10.841437
0.06232000  10.843381
0.06234000  10.845251
0.06236000  10.847121
0.06238000  10.848992
0.06240000  10.850862
0.06242000  10.852658
0.06244000  10.854455
0.06246000  10.856177
0.06248000  10.857899
0.06250000  10.859621
0.06252000  10.861269
0.06254000  10.862917
0.06256000  10.864565
0.06258000  10.866214
0.06260000  10.867788
0.06262000  10.869362
0.06264000  10.870861
0.06266000  10.872361
0.06268000  10.87386
0.06270000  10.87536
0.06272000  10.876786
0.06274000  10.878211
0.06276000  10.879636
0.06278000  10.880987
0.06280000  10.882338
0.06282000  10.883689
0.06284000  10.884965
0.06286000  10.886316
0.06288000  10.887593
0.06290000  10.888869
0.06292000  10.890071
0.06294000  10.891273
0.06296000  10.892474
0.06298000  10.893676
0.06300000  10.894879
