0.00000000  30.199871
0.00002000  30.393979
0.00004000  30.573307
0.00006000  30.739273
0.00008000  30.893568
0.00010000  31.046495
0.00012000  31.229672
0.00014000  31.47617
0.00016000  31.809618
0.00018000  32.257639
0.00020000  32.852369
0.00022000  33.669399
0.00024000  34.937536
0.00026000  36.960562
0.00028000  40.170275
0.00030000  45.274683
0.00032000  53.483259
0.00034000  66.878138
0.00036000  88.970656
0.00038000  124.488092
0.00040000  176.942329
0.00042000  251.152001
0.00044000  362.599789
0.00046000  558.706256
0.00048000  980.915111
0.00050000  1980.572247
0.00052000  4004.616759
0.00054000  7178.144969
0.00056000  10510.688722
0.00058000  12162.509519
0.00060000  10699.011282
0.00062000  7096.387249
0.00064000  3787.853915
0.00066000  1836.246876
0.00068000  915.476362
0.00070000  491.83731
0.00072000  283.828074
0.00074000  173.875773
0.00076000  111.905128
0.00078000  75.328484
0.00080000  53.17432
0.00082000  39.487161
0.00084000  30.82844
0.00086000  25.193584
0.00088000  21.417241
0.00090000  18.816631
0.00092000  16.982133
0.00094000  15.661788
0.00096000  14.696003
0.00098000  13.979849
0.00100000  13.44309
0.00102000  13.037422
0.00104000  12.729127
0.00106000  12.49395
0.00108000  12.314137
0.00110000  12.176485
0.00112000  12.070967
0.00114000  11.990321
0.00116000  11.928873
0.00118000  11.882318
0.00120000  11.847542
0.00122000  11.821914
0.00124000  11.803421
0.00126000  11.790485
0.00128000  11.78195
0.00130000  11.776669
0.00132000  11.773827
0.00134000  11.772772
0.00136000  11.772853
0.00138000  11.773502
0.00140000  11.774314
0.00142000  11.775208
0.00144000  11.776182
0.00146000  11.776994
0.00148000  11.777644
0.00150000  11.778131
0.00152000  11.778456
0.00154000  11.778619
0.00156000  11.778538
0.00158000  11.778294
0.00160000  11.777888
0.00162000  11.777319
0.00164000  11.776669
0.00166000  11.775938
0.00168000  11.775126
0.00170000  11.774314
0.00172000  11.77334
0.00174000  11.772366
0.00176000  11.771391
0.00178000  11.770336
0.00180000  11.769281
0.00182000  11.768226
0.00184000  11.76709
0.00186000  11.765953
0.00188000  11.764817
0.00190000  11.763682
0.00192000  11.762465
0.00194000  11.761329
0.00196000  11.760113
0.00198000  11.758896
0.00200000  11.75768
0.00202000  11.756463
0.00204000  11.755247
0.00206000  11.754031
0.00208000  11.752734
0.00210000  11.751438
0.00212000  11.750222
0.00214000  11.748925
0.00216000  11.747629
0.00218000  11.746333
0.00220000  11.745037
0.00222000  11.743741
0.00224000  11.742445
0.00226000  11.741149
0.00228000  11.739773
0.00230000  11.738478
0.00232000  11.737101
0.00234000  11.735806
0.00236000  11.734431
0.00238000  11.733055
0.00240000  11.731679
0.00242000  11.730385
0.00244000  11.72901
0.00246000  11.727635
0.00248000  11.72626
0.00250000  11.724804
0.00252000  11.72343
0.00254000  11.722055
0.00256000  11.720681
0.00258000  11.719226
0.00260000  11.717852
0.00262000  11.716398
0.00264000  11.715024
0.00266000  11.71357
0.00268000  11.712116
0.00270000  11.710743
0.00272000  11.709289
0.00274000  11.707836
0.00276000  11.706382
0.00278000  11.70501
0.00280000  11.703557
0.00282000  11.702104
0.00284000  11.700652
0.00286000  11.699199
0.00288000  11.697747
0.00290000  11.696295
0.00292000  11.694843
0.00294000  11.693311
0.00296000  11.691859
0.00298000  11.690408
0.00300000  11.688957
0.00302000  11.710734545882353
0.00304000  11.732512091764706
0.00306000  11.754289637647059
0.00308000  11.776067183529412
0.00310000  11.797844729411764
0.00312000  11.819622275294117
0.00314000  11.84139982117647
0.00316000  11.863177367058825
0.00318000  11.884954912941177
0.00320000  11.90673245882353
0.00322000  11.928510004705883
0.00324000  11.950287550588236
0.00326000  11.972065096470589
0.00328000  11.993842642352941
0.00330000  12.015620188235294
0.00332000  12.037397734117647
0.00334000  12.05917528
0.00336000  12.080952825882353
0.00338000  12.102730371764705
0.00340000  12.124507917647058
0.00342000  12.146285463529413
0.00344000  12.168063009411766
0.00346000  12.189840555294118
0.00348000  12.211618101176471
0.00350000  12.233395647058824
0.00352000  12.255173192941177
0.00354000  12.27695073882353
0.00356000  12.298728284705883
0.00358000  12.320505830588235
0.00360000  12.342283376470588
0.00362000  12.364060922352941
0.00364000  12.385838468235294
0.00366000  12.407616014117647
0.00368000  12.42939356
0.00370000  12.451171105882352
0.00372000  12.472948651764707
0.00374000  12.49472619764706
0.00376000  12.516503743529412
0.00378000  12.538281289411765
0.00380000  12.560058835294118
0.00382000  12.58183638117647
0.00384000  12.603613927058824
0.00386000  12.625391472941176
0.00388000  12.64716901882353
0.00390000  12.668946564705882
0.00392000  12.690724110588235
0.00394000  12.712501656470588
0.00396000  12.73427920235294
0.00398000  12.756056748235295
0.00400000  12.777834294117648
0.00402000  12.79961184
0.00404000  12.821389385882354
0.00406000  12.843166931764706
0.00408000  12.86494447764706
0.00410000  12.886722023529412
0.00412000  12.908499569411765
0.00414000  12.930277115294118
0.00416000  12.95205466117647
0.00418000  12.973832207058823
0.00420000  12.995609752941176
0.00422000  13.017387298823529
0.00424000  13.039164844705883
0.00426000  13.060942390588234
0.00428000  13.082719936470589
0.00430000  13.104497482352942
0.00432000  13.126275028235295
0.00434000  13.148052574117647
0.00436000  13.16983012
0.00438000  13.191607665882353
0.00440000  13.213385211764706
0.00442000  13.235162757647059
0.00444000  13.256940303529412
0.00446000  13.278717849411764
0.00448000  13.300495395294117
0.00450000  13.32227294117647
0.00452000  13.344050487058823
0.00454000  13.365828032941177
0.00456000  13.38760557882353
0.00458000  13.409383124705883
0.00460000  13.431160670588236
0.00462000  13.452938216470589
0.00464000  13.474715762352941
0.00466000  13.496493308235294
0.00468000  13.518270854117647
0.00470000  13.5400484
0.00472000  13.561825945882353
0.00474000  13.583603491764705
0.00476000  13.605381037647058
0.00478000  13.627158583529411
0.00480000  13.648936129411766
0.00482000  13.670713675294119
0.00484000  13.692491221176471
0.00486000  13.714268767058824
0.00488000  13.736046312941177
0.00490000  13.75782385882353
0.00492000  13.779601404705883
0.00494000  13.801378950588235
0.00496000  13.823156496470588
0.00498000  13.844934042352941
0.00500000  13.866711588235294
0.00502000  13.888489134117647
0.00504000  13.91026668
0.00506000  13.932044225882354
0.00508000  13.953821771764705
0.00510000  13.97559931764706
0.00512000  13.997376863529412
0.00514000  14.019154409411765
0.00516000  14.040931955294118
0.00518000  14.062709501176471
0.00520000  14.084487047058824
0.00522000  14.106264592941177
0.00524000  14.12804213882353
0.00526000  14.149819684705882
0.00528000  14.171597230588235
0.00530000  14.193374776470588
0.00532000  14.215152322352942
0.00534000  14.236929868235293
0.00536000  14.258707414117648
0.00538000  14.280484959999999
0.00540000  14.302262505882354
0.00542000  14.324040051764706
0.00544000  14.34581759764706
0.00546000  14.367595143529412
0.00548000  14.389372689411765
0.00550000  14.411150235294118
0.00552000  14.43292778117647
0.00554000  14.454705327058823
0.00556000  14.476482872941176
0.00558000  14.498260418823529
0.00560000  14.520037964705882
0.00562000  14.541815510588236
0.00564000  14.563593056470587
0.00566000  14.585370602352942
0.00568000  14.607148148235295
0.00570000  14.628925694117648
0.00572000  14.65070324
0.00574000  14.672480785882353
0.00576000  14.694258331764706
0.00578000  14.716035877647059
0.00580000  14.737813423529412
0.00582000  14.759590969411764
0.00584000  14.781368515294117
0.00586000  14.80314606117647
0.00588000  14.824923607058825
0.00590000  14.846701152941176
0.00592000  14.86847869882353
0.00594000  14.890256244705881
0.00596000  14.912033790588236
0.00598000  14.933811336470589
0.00600000  14.955588882352941
0.00602000  14.977366428235294
0.00604000  14.999143974117647
0.00606000  15.02092152
0.00608000  15.042699065882353
0.00610000  15.064476611764706
0.00612000  15.086254157647058
0.00614000  15.108031703529411
0.00616000  15.129809249411764
0.00618000  15.151586795294119
0.00620000  15.17336434117647
0.00622000  15.195141887058824
0.00624000  15.216919432941177
0.00626000  15.23869697882353
0.00628000  15.260474524705883
0.00630000  15.282252070588235
0.00632000  15.304029616470588
0.00634000  15.325807162352941
0.00636000  15.347584708235294
0.00638000  15.369362254117647
0.00640000  15.3911398
0.00642000  15.412917345882352
0.00644000  15.434694891764707
0.00646000  15.456472437647058
0.00648000  15.478249983529413
0.00650000  15.500027529411765
0.00652000  15.521805075294118
0.00654000  15.543582621176471
0.00656000  15.565360167058824
0.00658000  15.587137712941177
0.00660000  15.60891525882353
0.00662000  15.630692804705882
0.00664000  15.652470350588235
0.00666000  15.674247896470588
0.00668000  15.69602544235294
0.00670000  15.717802988235295
0.00672000  15.739580534117646
0.00674000  15.76135808
0.00676000  15.783135625882352
0.00678000  15.804913171764706
0.00680000  15.826690717647057
0.00682000  15.848468263529412
0.00684000  15.870245809411765
0.00686000  15.892023355294118
0.00688000  15.91380090117647
0.00690000  15.935578447058823
0.00692000  15.957355992941176
0.00694000  15.979133538823529
0.00696000  16.000911084705884
0.00698000  16.022688630588235
0.00700000  16.04446617647059
0.00702000  16.06624372235294
0.00704000  16.088021268235295
0.00706000  16.109798814117646
0.00708000  16.13157636
0.00710000  16.153353905882355
0.00712000  16.175131451764706
0.00714000  16.196908997647057
0.00716000  16.21868654352941
0.00718000  16.240464089411766
0.00720000  16.262241635294117
0.00722000  16.28401918117647
0.00724000  16.305796727058823
0.00726000  16.327574272941177
0.00728000  16.34935181882353
0.00730000  16.371129364705883
0.00732000  16.392906910588234
0.00734000  16.41468445647059
0.00736000  16.43646200235294
0.00738000  16.458239548235294
0.00740000  16.48001709411765
0.00742000  16.50179464
0.00744000  16.52357218588235
0.00746000  16.545349731764706
0.00748000  16.56712727764706
0.00750000  16.58890482352941
0.00752000  16.610682369411766
0.00754000  16.632459915294117
0.00756000  16.65423746117647
0.00758000  16.676015007058822
0.00760000  16.697792552941177
0.00762000  16.719570098823528
0.00764000  16.741347644705883
0.00766000  16.763125190588234
0.00768000  16.78490273647059
0.00770000  16.806680282352943
0.00772000  16.828457828235294
0.00774000  16.850235374117645
0.00776000  16.87201292
0.00778000  16.893790465882354
0.00780000  16.915568011764705
0.00782000  16.93734555764706
0.00784000  16.95912310352941
0.00786000  16.980900649411765
0.00788000  17.002678195294116
0.00790000  17.02445574117647
0.00792000  17.046233287058826
0.00794000  17.068010832941177
0.00796000  17.089788378823528
0.00798000  17.111565924705882
0.00800000  17.133343470588237
0.00802000  17.155121016470588
0.00804000  17.17689856235294
0.00806000  17.198676108235293
0.00808000  17.220453654117648
0.00810000  17.2422312
0.00812000  17.264008745882354
0.00814000  17.285786291764705
0.00816000  17.30756383764706
0.00818000  17.32934138352941
0.00820000  17.351118929411765
0.00822000  17.37289647529412
0.00824000  17.39467402117647
0.00826000  17.41645156705882
0.00828000  17.438229112941176
0.00830000  17.46000665882353
0.00832000  17.481784204705882
0.00834000  17.503561750588236
0.00836000  17.525339296470587
0.00838000  17.547116842352942
0.00840000  17.568894388235293
0.00842000  17.590671934117648
0.00844000  17.61244948
0.00846000  17.634227025882353
0.00848000  17.656004571764704
0.00850000  17.67778211764706
0.00852000  17.699559663529413
0.00854000  17.721337209411764
0.00856000  17.743114755294116
0.00858000  17.76489230117647
0.00860000  17.786669847058825
0.00862000  17.808447392941176
0.00864000  17.83022493882353
0.00866000  17.85200248470588
0.00868000  17.873780030588236
0.00870000  17.895557576470587
0.00872000  17.91733512235294
0.00874000  17.939112668235293
0.00876000  17.960890214117647
0.00878000  17.98266776
0.00880000  18.004445305882353
0.00882000  18.026222851764707
0.00884000  18.04800039764706
0.00886000  18.06977794352941
0.00888000  18.091555489411764
0.00890000  18.11333303529412
0.00892000  18.13511058117647
0.00894000  18.156888127058824
0.00896000  18.178665672941175
0.00898000  18.20044321882353
0.00900000  18.22222076470588
0.00902000  18.243998310588236
0.00904000  18.26577585647059
0.00906000  18.28755340235294
0.00908000  18.309330948235292
0.00910000  18.331108494117647
0.00912000  18.35288604
0.00914000  18.374663585882352
0.00916000  18.396441131764707
0.00918000  18.418218677647058
0.00920000  18.439996223529413
0.00922000  18.461773769411764
0.00924000  18.483551315294118
0.00926000  18.50532886117647
0.00928000  18.527106407058824
0.00930000  18.548883952941175
0.00932000  18.57066149882353
0.00934000  18.592439044705884
0.00936000  18.614216590588235
0.00938000  18.635994136470586
0.00940000  18.65777168235294
0.00942000  18.679549228235295
0.00944000  18.701326774117646
0.00946000  18.72310432
0.00948000  18.744881865882352
0.00950000  18.766659411764707
0.00952000  18.788436957647058
0.00954000  18.810214503529412
0.00956000  18.831992049411763
0.00958000  18.853769595294118
0.00960000  18.87554714117647
0.00962000  18.897324687058823
0.00964000  18.919102232941178
0.00966000  18.94087977882353
0.00968000  18.96265732470588
0.00970000  18.984434870588235
0.00972000  19.00621241647059
0.00974000  19.02798996235294
0.00976000  19.049767508235295
0.00978000  19.071545054117646
0.00980000  19.0933226
0.00982000  19.11510014588235
0.00984000  19.136877691764706
0.00986000  19.15865523764706
0.00988000  19.18043278352941
0.00990000  19.202210329411763
0.00992000  19.223987875294117
0.00994000  19.245765421176472
0.00996000  19.267542967058823
0.00998000  19.289320512941174
0.01000000  19.31109805882353
0.01002000  19.332875604705883
0.01004000  19.354653150588234
0.01006000  19.37643069647059
0.01008000  19.39820824235294
0.01010000  19.419985788235294
0.01012000  19.441763334117645
0.01014000  19.46354088
0.01016000  19.485318425882355
0.01018000  19.507095971764706
0.01020000  19.528873517647057
0.01022000  19.55065106352941
0.01024000  19.572428609411766
0.01026000  19.594206155294117
0.01028000  19.61598370117647
0.01030000  19.637761247058823
0.01032000  19.659538792941177
0.01034000  19.681316338823528
0.01036000  19.703093884705883
0.01038000  19.724871430588237
0.01040000  19.74664897647059
0.01042000  19.76842652235294
0.01044000  19.790204068235294
0.01046000  19.81198161411765
0.01048000  19.83375916
0.01050000  19.85553670588235
0.01052000  19.877314251764705
0.01054000  19.89909179764706
0.01056000  19.92086934352941
0.01058000  19.942646889411762
0.01060000  19.964424435294116
0.01062000  19.98620198117647
0.01064000  20.007979527058822
0.01066000  20.029757072941177
0.01068000  20.05153461882353
0.01070000  20.073312164705882
0.01072000  20.095089710588233
0.01074000  20.116867256470588
0.01076000  20.138644802352943
0.01078000  20.160422348235294
0.01080000  20.182199894117645
0.01082000  20.20397744
0.01084000  20.225754985882354
0.01086000  20.247532531764705
0.01088000  20.269310077647056
0.01090000  20.291087623529414
0.01092000  20.312865169411765
0.01094000  20.334642715294116
0.01096000  20.35642026117647
0.01098000  20.378197807058825
0.01100000  20.399975352941176
0.01102000  20.421752898823527
0.01104000  20.443530444705882
0.01106000  20.465307990588236
0.01108000  20.487085536470587
0.01110000  20.50886308235294
0.01112000  20.530640628235293
0.01114000  20.552418174117648
0.01116000  20.57419572
0.01118000  20.595973265882353
0.01120000  20.617750811764708
0.01122000  20.63952835764706
0.01124000  20.66130590352941
0.01126000  20.683083449411765
0.01128000  20.70486099529412
0.01130000  20.72663854117647
0.01132000  20.74841608705882
0.01134000  20.770193632941176
0.01136000  20.79197117882353
0.01138000  20.81374872470588
0.01140000  20.835526270588232
0.01142000  20.857303816470587
0.01144000  20.87908136235294
0.01146000  20.900858908235293
0.01148000  20.922636454117647
0.01150000  20.944414000000002
0.01152000  20.966191545882353
0.01154000  20.987969091764704
0.01156000  21.00974663764706
0.01158000  21.031524183529413
0.01160000  21.053301729411764
0.01162000  21.075079275294115
0.01164000  21.09685682117647
0.01166000  21.118634367058824
0.01168000  21.140411912941175
0.01170000  21.162189458823526
0.01172000  21.183967004705885
0.01174000  21.205744550588236
0.01176000  21.227522096470587
0.01178000  21.24929964235294
0.01180000  21.271077188235296
0.01182000  21.292854734117647
0.01184000  21.314632279999998
0.01186000  21.336409825882352
0.01188000  21.358187371764707
0.01190000  21.379964917647058
0.01192000  21.40174246352941
0.01194000  21.423520009411764
0.01196000  21.44529755529412
0.01198000  21.46707510117647
0.01200000  21.488852647058824
0.01202000  21.51063019294118
0.01204000  21.53240773882353
0.01206000  21.55418528470588
0.01208000  21.575962830588235
0.01210000  21.59774037647059
0.01212000  21.61951792235294
0.01214000  21.641295468235292
0.01216000  21.663073014117646
0.01218000  21.68485056
0.01220000  21.706628105882352
0.01222000  21.728405651764703
0.01224000  21.750183197647058
0.01226000  21.771960743529412
0.01228000  21.793738289411763
0.01230000  21.815515835294118
0.01232000  21.837293381176472
0.01234000  21.859070927058823
0.01236000  21.880848472941175
0.01238000  21.90262601882353
0.01240000  21.924403564705884
0.01242000  21.946181110588235
0.01244000  21.967958656470586
0.01246000  21.98973620235294
0.01248000  22.011513748235295
0.01250000  22.033291294117646
0.01252000  22.055068839999997
0.01254000  22.07684638588235
0.01256000  22.098623931764706
0.01258000  22.120401477647057
0.01260000  22.142179023529412
0.01262000  22.163956569411766
0.01264000  22.185734115294117
0.01266000  22.20751166117647
0.01268000  22.229289207058823
0.01270000  22.251066752941178
0.01272000  22.27284429882353
0.01274000  22.29462184470588
0.01276000  22.316399390588234
0.01278000  22.33817693647059
0.01280000  22.35995448235294
0.01282000  22.38173202823529
0.01284000  22.40350957411765
0.01286000  22.42528712
0.01288000  22.44706466588235
0.01290000  22.468842211764706
0.01292000  22.49061975764706
0.01294000  22.51239730352941
0.01296000  22.534174849411762
0.01298000  22.555952395294117
0.01300000  22.57772994117647
0.01302000  22.599507487058823
0.01304000  22.621285032941174
0.01306000  22.64306257882353
0.01308000  22.664840124705883
0.01310000  22.686617670588234
0.01312000  22.70839521647059
0.01314000  22.730172762352943
0.01316000  22.751950308235294
0.01318000  22.773727854117645
0.01320000  22.7955054
0.01322000  22.817282945882354
0.01324000  22.839060491764705
0.01326000  22.860838037647056
0.01328000  22.88261558352941
0.01330000  22.904393129411766
0.01332000  22.926170675294117
0.01334000  22.947948221176468
0.01336000  22.969725767058822
0.01338000  22.991503312941177
0.01340000  23.013280858823528
0.01342000  23.035058404705882
0.01344000  23.056835950588237
0.01346000  23.078613496470588
0.01348000  23.10039104235294
0.01350000  23.122168588235294
0.01352000  23.14394613411765
0.01354000  23.16572368
0.01356000  23.18750122588235
0.01358000  23.209278771764705
0.01360000  23.23105631764706
0.01362000  23.25283386352941
0.01364000  23.27461140941176
0.01366000  23.29638895529412
0.01368000  23.31816650117647
0.01370000  23.33994404705882
0.01372000  23.361721592941176
0.01374000  23.38349913882353
0.01376000  23.405276684705882
0.01378000  23.427054230588233
0.01380000  23.448831776470588
0.01382000  23.470609322352942
0.01384000  23.492386868235293
0.01386000  23.514164414117644
0.01388000  23.53594196
0.01390000  23.557719505882353
0.01392000  23.579497051764704
0.01394000  23.60127459764706
0.01396000  23.623052143529414
0.01398000  23.644829689411765
0.01400000  23.666607235294116
0.01402000  23.68838478117647
0.01404000  23.710162327058825
0.01406000  23.731939872941176
0.01408000  23.753717418823527
0.01410000  23.77549496470588
0.01412000  23.797272510588236
0.01414000  23.819050056470587
0.01416000  23.840827602352938
0.01418000  23.862605148235293
0.01420000  23.884382694117647
0.01422000  23.90616024
0.01424000  23.927937785882353
0.01426000  23.949715331764708
0.01428000  23.97149287764706
0.01430000  23.99327042352941
0.01432000  24.015047969411764
0.01434000  24.03682551529412
0.01436000  24.05860306117647
0.01438000  24.08038060705882
0.01440000  24.102158152941175
0.01442000  24.12393569882353
0.01444000  24.14571324470588
0.01446000  24.167490790588232
0.01448000  24.189268336470587
0.01450000  24.21104588235294
0.01452000  24.232823428235292
0.01454000  24.254600974117647
0.01456000  24.27637852
0.01458000  24.298156065882353
0.01460000  24.319933611764704
0.01462000  24.341711157647058
0.01464000  24.363488703529413
0.01466000  24.385266249411764
0.01468000  24.407043795294115
0.01470000  24.42882134117647
0.01472000  24.450598887058824
0.01474000  24.472376432941175
0.01476000  24.494153978823526
0.01478000  24.515931524705884
0.01480000  24.537709070588235
0.01482000  24.559486616470586
0.01484000  24.58126416235294
0.01486000  24.603041708235295
0.01488000  24.624819254117646
0.01490000  24.646596799999998
0.01492000  24.668374345882352
0.01494000  24.690151891764707
0.01496000  24.711929437647058
0.01498000  24.73370698352941
0.01500000  24.755484529411763
0.01502000  24.777262075294118
0.01504000  24.79903962117647
0.01506000  24.820817167058824
0.01508000  24.842594712941178
0.01510000  24.86437225882353
0.01512000  24.88614980470588
0.01514000  24.907927350588235
0.01516000  24.92970489647059
0.01518000  24.95148244235294
0.01520000  24.97325998823529
0.01522000  24.995037534117646
0.01524000  25.01681508
0.01526000  25.03859262588235
0.01528000  25.060370171764703
0.01530000  25.082147717647057
0.01532000  25.103925263529412
0.01534000  25.125702809411763
0.01536000  25.147480355294118
0.01538000  25.169257901176472
0.01540000  25.191035447058823
0.01542000  25.212812992941174
0.01544000  25.23459053882353
0.01546000  25.256368084705883
0.01548000  25.278145630588234
0.01550000  25.299923176470585
0.01552000  25.32170072235294
0.01554000  25.343478268235295
0.01556000  25.365255814117646
0.01558000  25.387033359999997
0.01560000  25.408810905882355
0.01562000  25.430588451764706
0.01564000  25.452365997647057
0.01566000  25.47414354352941
0.01568000  25.495921089411766
0.01570000  25.517698635294117
0.01572000  25.539476181176468
0.01574000  25.561253727058823
0.01576000  25.583031272941177
0.01578000  25.60480881882353
0.01580000  25.62658636470588
0.01582000  25.648363910588234
0.01584000  25.67014145647059
0.01586000  25.69191900235294
0.01588000  25.713696548235294
0.01590000  25.73547409411765
0.01592000  25.75725164
0.01594000  25.77902918588235
0.01596000  25.800806731764705
0.01598000  25.82258427764706
0.01600000  25.84436182352941
0.01602000  25.866139369411762
0.01604000  25.887916915294117
0.01606000  25.90969446117647
0.01608000  25.931472007058822
0.01610000  25.953249552941173
0.01612000  25.975027098823528
0.01614000  25.996804644705882
0.01616000  26.018582190588234
0.01618000  26.040359736470588
0.01620000  26.062137282352943
0.01622000  26.083914828235294
0.01624000  26.105692374117645
0.01626000  26.12746992
0.01628000  26.149247465882354
0.01630000  26.171025011764705
0.01632000  26.192802557647056
0.01634000  26.21458010352941
0.01636000  26.236357649411765
0.01638000  26.258135195294116
0.01640000  26.279912741176467
0.01642000  26.301690287058822
0.01644000  26.323467832941176
0.01646000  26.345245378823527
0.01648000  26.367022924705882
0.01650000  26.388800470588237
0.01652000  26.410578016470588
0.01654000  26.43235556235294
0.01656000  26.454133108235293
0.01658000  26.475910654117648
0.01660000  26.4976882
0.01662000  26.51946574588235
0.01664000  26.541243291764705
0.01666000  26.56302083764706
0.01668000  26.58479838352941
0.01670000  26.606575929411765
0.01672000  26.62835347529412
0.01674000  26.65013102117647
0.01676000  26.67190856705882
0.01678000  26.693686112941176
0.01680000  26.71546365882353
0.01682000  26.73724120470588
0.01684000  26.759018750588233
0.01686000  26.780796296470587
0.01688000  26.802573842352942
0.01690000  26.824351388235293
0.01692000  26.846128934117644
0.01694000  26.86790648
0.01696000  26.889684025882353
0.01698000  26.911461571764704
0.01700000  26.93323911764706
0.01702000  26.955016663529413
0.01704000  26.976794209411764
0.01706000  26.998571755294115
0.01708000  27.02034930117647
0.01710000  27.042126847058825
0.01712000  27.063904392941176
0.01714000  27.085681938823527
0.01716000  27.10745948470588
0.01718000  27.129237030588236
0.01720000  27.151014576470587
0.01722000  27.172792122352938
0.01724000  27.194569668235292
0.01726000  27.216347214117647
0.01728000  27.238124759999998
0.01730000  27.259902305882353
0.01732000  27.281679851764707
0.01734000  27.30345739764706
0.01736000  27.32523494352941
0.01738000  27.347012489411764
0.01740000  27.36879003529412
0.01742000  27.39056758117647
0.01744000  27.41234512705882
0.01746000  27.434122672941175
0.01748000  27.45590021882353
0.01750000  27.47767776470588
0.01752000  27.499455310588232
0.01754000  27.52123285647059
0.01756000  27.54301040235294
0.01758000  27.564787948235292
0.01760000  27.586565494117647
0.01762000  27.60834304
0.01764000  27.630120585882352
0.01766000  27.651898131764703
0.01768000  27.673675677647058
0.01770000  27.695453223529412
0.01772000  27.717230769411763
0.01774000  27.739008315294114
0.01776000  27.760785861176473
0.01778000  27.782563407058824
0.01780000  27.804340952941175
0.01782000  27.826118498823526
0.01784000  27.847896044705884
0.01786000  27.869673590588235
0.01788000  27.891451136470586
0.01790000  27.913228682352937
0.01792000  27.935006228235295
0.01794000  27.956783774117646
0.01796000  27.978561319999997
0.01798000  28.000338865882355
0.01800000  28.022116411764706
0.01802000  28.043893957647057
0.01804000  28.06567150352941
0.01806000  28.087449049411767
0.01808000  28.109226595294118
0.01810000  28.13100414117647
0.01812000  28.15278168705882
0.01814000  28.174559232941178
0.01816000  28.19633677882353
0.01818000  28.21811432470588
0.01820000  28.23989187058823
0.01822000  28.26166941647059
0.01824000  28.28344696235294
0.01826000  28.30522450823529
0.01828000  28.32700205411765
0.01830000  28.3487796
0.01832000  28.37055714588235
0.01834000  28.392334691764702
0.01836000  28.41411223764706
0.01838000  28.43588978352941
0.01840000  28.457667329411763
0.01842000  28.479444875294114
0.01844000  28.50122242117647
0.01846000  28.522999967058823
0.01848000  28.544777512941174
0.01850000  28.566555058823532
0.01852000  28.588332604705883
0.01854000  28.610110150588234
0.01856000  28.631887696470585
0.01858000  28.653665242352943
0.01860000  28.675442788235294
0.01862000  28.697220334117645
0.01864000  28.718997879999996
0.01866000  28.740775425882354
0.01868000  28.762552971764705
0.01870000  28.784330517647057
0.01872000  28.806108063529408
0.01874000  28.827885609411766
0.01876000  28.849663155294117
0.01878000  28.871440701176468
0.01880000  28.893218247058826
0.01882000  28.914995792941177
0.01884000  28.936773338823528
0.01886000  28.95855088470588
0.01888000  28.980328430588237
0.01890000  29.002105976470588
0.01892000  29.02388352235294
0.01894000  29.04566106823529
0.01896000  29.06743861411765
0.01898000  29.08921616
0.01900000  29.11099370588235
0.01902000  29.1327712517647
0.01904000  29.15454879764706
0.01906000  29.17632634352941
0.01908000  29.19810388941176
0.01910000  29.21988143529412
0.01912000  29.24165898117647
0.01914000  29.263436527058822
0.01916000  29.285214072941173
0.01918000  29.30699161882353
0.01920000  29.328769164705882
0.01922000  29.350546710588233
0.01924000  29.372324256470584
0.01926000  29.394101802352942
0.01928000  29.415879348235293
0.01930000  29.437656894117644
0.01932000  29.459434439999995
0.01934000  29.481211985882354
0.01936000  29.502989531764705
0.01938000  29.524767077647056
0.01940000  29.546544623529414
0.01942000  29.568322169411765
0.01944000  29.590099715294116
0.01946000  29.611877261176467
0.01948000  29.633654807058825
0.01950000  29.655432352941176
0.01952000  29.677209898823527
0.01954000  29.698987444705878
0.01956000  29.720764990588236
0.01958000  29.742542536470587
0.01960000  29.76432008235294
0.01962000  29.786097628235296
0.01964000  29.807875174117648
0.01966000  29.82965272
0.01968000  29.85143026588235
0.01970000  29.873207811764708
0.01972000  29.89498535764706
0.01974000  29.91676290352941
0.01976000  29.93854044941176
0.01978000  29.96031799529412
0.01980000  29.98209554117647
0.01982000  30.00387308705882
0.01984000  30.025650632941172
0.01986000  30.04742817882353
0.01988000  30.06920572470588
0.01990000  30.090983270588232
0.01992000  30.11276081647059
0.01994000  30.13453836235294
0.01996000  30.156315908235293
0.01998000  30.178093454117644
0.02000000  30.199871
0.02002000  30.393979
0.02004000  30.573307
0.02006000  30.739273
0.02008000  30.893568
0.02010000  31.046495
0.02012000  31.229672
0.02014000  31.47617
0.02016000  31.809618
0.02018000  32.257639
0.02020000  32.852369
0.02022000  33.669399
0.02024000  34.937536
0.02026000  36.960562
0.02028000  40.170275
0.02030000  45.274683
0.02032000  53.483259
0.02034000  66.878138
0.02036000  88.970656
0.02038000  124.488092
0.02040000  176.942329
0.02042000  251.152001
0.02044000  362.599789
0.02046000  558.706256
0.02048000  980.915111
0.02050000  1980.572247
0.02052000  4004.616759
0.02054000  7178.144969
0.02056000  10510.688722
0.02058000  12162.509519
0.02060000  10699.011282
0.02062000  7096.387249
0.02064000  3787.853915
0.02066000  1836.246876
0.02068000  915.476362
0.02070000  491.83731
0.02072000  283.828074
0.02074000  173.875773
0.02076000  111.905128
0.02078000  75.328484
0.02080000  53.17432
0.02082000  39.487161
0.02084000  30.82844
0.02086000  25.193584
0.02088000  21.417241
0.02090000  18.816631
0.02092000  16.982133
0.02094000  15.661788
0.02096000  14.696003
0.02098000  13.979849
0.02100000  13.44309
0.02102000  13.037422
0.02104000  12.729127
0.02106000  12.49395
0.02108000  12.314137
0.02110000  12.176485
0.02112000  12.070967
0.02114000  11.990321
0.02116000  11.928873
0.02118000  11.882318
0.02120000  11.847542
0.02122000  11.821914
0.02124000  11.803421
0.02126000  11.790485
0.02128000  11.78195
0.02130000  11.776669
0.02132000  11.773827
0.02134000  11.772772
0.02136000  11.772853
0.02138000  11.773502
0.02140000  11.774314
0.02142000  11.775208
0.02144000  11.776182
0.02146000  11.776994
0.02148000  11.777644
0.02150000  11.778131
0.02152000  11.778456
0.02154000  11.778619
0.02156000  11.778538
0.02158000  11.778294
0.02160000  11.777888
0.02162000  11.777319
0.02164000  11.776669
0.02166000  11.775938
0.02168000  11.775126
0.02170000  11.774314
0.02172000  11.77334
0.02174000  11.772366
0.02176000  11.771391
0.02178000  11.770336
0.02180000  11.769281
0.02182000  11.768226
0.02184000  11.76709
0.02186000  11.765953
0.02188000  11.764817
0.02190000  11.763682
0.02192000  11.762465
0.02194000  11.761329
0.02196000  11.760113
0.02198000  11.758896
0.02200000  11.75768
0.02202000  11.756463
0.02204000  11.755247
0.02206000  11.754031
0.02208000  11.752734
0.02210000  11.751438
0.02212000  11.750222
0.02214000  11.748925
0.02216000  11.747629
0.02218000  11.746333
0.02220000  11.745037
0.02222000  11.743741
0.02224000  11.742445
0.02226000  11.741149
0.02228000  11.739773
0.02230000  11.738478
0.02232000  11.737101
0.02234000  11.735806
0.02236000  11.734431
0.02238000  11.733055
0.02240000  11.731679
0.02242000  11.730385
0.02244000  11.72901
0.02246000  11.727635
0.02248000  11.72626
0.02250000  11.724804
0.02252000  11.72343
0.02254000  11.722055
0.02256000  11.720681
0.02258000  11.719226
0.02260000  11.717852
0.02262000  11.716398
0.02264000  11.715024
0.02266000  11.71357
0.02268000  11.712116
0.02270000  11.710743
0.02272000  11.709289
0.02274000  11.707836
0.02276000  11.706382
0.02278000  11.70501
0.02280000  11.703557
0.02282000  11.702104
0.02284000  11.700652
0.02286000  11.699199
0.02288000  11.697747
0.02290000  11.696295
0.02292000  11.694843
0.02294000  11.693311
0.02296000  11.691859
0.02298000  11.690408
0.02300000  11.688957
0.02302000  11.710734545882353
0.02304000  11.732512091764706
0.02306000  11.754289637647059
0.02308000  11.776067183529412
0.02310000  11.797844729411764
0.02312000  11.819622275294117
0.02314000  11.84139982117647
0.02316000  11.863177367058825
0.02318000  11.884954912941177
0.02320000  11.90673245882353
0.02322000  11.928510004705883
0.02324000  11.950287550588236
0.02326000  11.972065096470589
0.02328000  11.993842642352941
0.02330000  12.015620188235294
0.02332000  12.037397734117647
0.02334000  12.05917528
0.02336000  12.080952825882353
0.02338000  12.102730371764705
0.02340000  12.124507917647058
0.02342000  12.146285463529413
0.02344000  12.168063009411766
0.02346000  12.189840555294118
0.02348000  12.211618101176471
0.02350000  12.233395647058824
0.02352000  12.255173192941177
0.02354000  12.27695073882353
0.02356000  12.298728284705883
0.02358000  12.320505830588235
0.02360000  12.342283376470588
0.02362000  12.364060922352941
0.02364000  12.385838468235294
0.02366000  12.407616014117647
0.02368000  12.42939356
0.02370000  12.451171105882352
0.02372000  12.472948651764707
0.02374000  12.49472619764706
0.02376000  12.516503743529412
0.02378000  12.538281289411765
0.02380000  12.560058835294118
0.02382000  12.58183638117647
0.02384000  12.603613927058824
0.02386000  12.625391472941176
0.02388000  12.64716901882353
0.02390000  12.668946564705882
0.02392000  12.690724110588235
0.02394000  12.712501656470588
0.02396000  12.73427920235294
0.02398000  12.756056748235295
0.02400000  12.777834294117648
0.02402000  12.79961184
0.02404000  12.821389385882354
0.02406000  12.843166931764706
0.02408000  12.86494447764706
0.02410000  12.886722023529412
0.02412000  12.908499569411765
0.02414000  12.930277115294118
0.02416000  12.95205466117647
0.02418000  12.973832207058823
0.02420000  12.995609752941176
0.02422000  13.017387298823529
0.02424000  13.039164844705883
0.02426000  13.060942390588234
0.02428000  13.082719936470589
0.02430000  13.104497482352942
0.02432000  13.126275028235295
0.02434000  13.148052574117647
0.02436000  13.16983012
0.02438000  13.191607665882353
0.02440000  13.213385211764706
0.02442000  13.235162757647059
0.02444000  13.256940303529412
0.02446000  13.278717849411764
0.02448000  13.300495395294117
0.02450000  13.32227294117647
0.02452000  13.344050487058823
0.02454000  13.365828032941177
0.02456000  13.38760557882353
0.02458000  13.409383124705883
0.02460000  13.431160670588236
0.02462000  13.452938216470589
0.02464000  13.474715762352941
0.02466000  13.496493308235294
0.02468000  13.518270854117647
0.02470000  13.5400484
0.02472000  13.561825945882353
0.02474000  13.583603491764705
0.02476000  13.605381037647058
0.02478000  13.627158583529411
0.02480000  13.648936129411766
0.02482000  13.670713675294119
0.02484000  13.692491221176471
0.02486000  13.714268767058824
0.02488000  13.736046312941177
0.02490000  13.75782385882353
0.02492000  13.779601404705883
0.02494000  13.801378950588235
0.02496000  13.823156496470588
0.02498000  13.844934042352941
0.02500000  13.866711588235294
0.02502000  13.888489134117647
0.02504000  13.91026668
0.02506000  13.932044225882354
0.02508000  13.953821771764705
0.02510000  13.97559931764706
0.02512000  13.997376863529412
0.02514000  14.019154409411765
0.02516000  14.040931955294118
0.02518000  14.062709501176471
0.02520000  14.084487047058824
0.02522000  14.106264592941177
0.02524000  14.12804213882353
0.02526000  14.149819684705882
0.02528000  14.171597230588235
0.02530000  14.193374776470588
0.02532000  14.215152322352942
0.02534000  14.236929868235293
0.02536000  14.258707414117648
0.02538000  14.280484959999999
0.02540000  14.302262505882354
0.02542000  14.324040051764706
0.02544000  14.34581759764706
0.02546000  14.367595143529412
0.02548000  14.389372689411765
0.02550000  14.411150235294118
0.02552000  14.43292778117647
0.02554000  14.454705327058823
0.02556000  14.476482872941176
0.02558000  14.498260418823529
0.02560000  14.520037964705882
0.02562000  14.541815510588236
0.02564000  14.563593056470587
0.02566000  14.585370602352942
0.02568000  14.607148148235295
0.02570000  14.628925694117648
0.02572000  14.65070324
0.02574000  14.672480785882353
0.02576000  14.694258331764706
0.02578000  14.716035877647059
0.02580000  14.737813423529412
0.02582000  14.759590969411764
0.02584000  14.781368515294117
0.02586000  14.80314606117647
0.02588000  14.824923607058825
0.02590000  14.846701152941176
0.02592000  14.86847869882353
0.02594000  14.890256244705881
0.02596000  14.912033790588236
0.02598000  14.933811336470589
0.02600000  14.955588882352941
0.02602000  14.977366428235294
0.02604000  14.999143974117647
0.02606000  15.02092152
0.02608000  15.042699065882353
0.02610000  15.064476611764706
0.02612000  15.086254157647058
0.02614000  15.108031703529411
0.02616000  15.129809249411764
0.02618000  15.151586795294119
0.02620000  15.17336434117647
0.02622000  15.195141887058824
0.02624000  15.216919432941177
0.02626000  15.23869697882353
0.02628000  15.260474524705883
0.02630000  15.282252070588235
0.02632000  15.304029616470588
0.02634000  15.325807162352941
0.02636000  15.347584708235294
0.02638000  15.369362254117647
0.02640000  15.3911398
0.02642000  15.412917345882352
0.02644000  15.434694891764707
0.02646000  15.456472437647058
0.02648000  15.478249983529413
0.02650000  15.500027529411765
0.02652000  15.521805075294118
0.02654000  15.543582621176471
0.02656000  15.565360167058824
0.02658000  15.587137712941177
0.02660000  15.60891525882353
0.02662000  15.630692804705882
0.02664000  15.652470350588235
0.02666000  15.674247896470588
0.02668000  15.69602544235294
0.02670000  15.717802988235295
0.02672000  15.739580534117646
0.02674000  15.76135808
0.02676000  15.783135625882352
0.02678000  15.804913171764706
0.02680000  15.826690717647057
0.02682000  15.848468263529412
0.02684000  15.870245809411765
0.02686000  15.892023355294118
0.02688000  15.91380090117647
0.02690000  15.935578447058823
0.02692000  15.957355992941176
0.02694000  15.979133538823529
0.02696000  16.000911084705884
0.02698000  16.022688630588235
0.02700000  16.04446617647059
0.02702000  16.06624372235294
0.02704000  16.088021268235295
0.02706000  16.109798814117646
0.02708000  16.13157636
0.02710000  16.153353905882355
0.02712000  16.175131451764706
0.02714000  16.196908997647057
0.02716000  16.21868654352941
0.02718000  16.240464089411766
0.02720000  16.262241635294117
0.02722000  16.28401918117647
0.02724000  16.305796727058823
0.02726000  16.327574272941177
0.02728000  16.34935181882353
0.02730000  16.371129364705883
0.02732000  16.392906910588234
0.02734000  16.41468445647059
0.02736000  16.43646200235294
0.02738000  16.458239548235294
0.02740000  16.48001709411765
0.02742000  16.50179464
0.02744000  16.52357218588235
0.02746000  16.545349731764706
0.02748000  16.56712727764706
0.02750000  16.58890482352941
0.02752000  16.610682369411766
0.02754000  16.632459915294117
0.02756000  16.65423746117647
0.02758000  16.676015007058822
0.02760000  16.697792552941177
0.02762000  16.719570098823528
0.02764000  16.741347644705883
0.02766000  16.763125190588234
0.02768000  16.78490273647059
0.02770000  16.806680282352943
0.02772000  16.828457828235294
0.02774000  16.850235374117645
0.02776000  16.87201292
0.02778000  16.893790465882354
0.02780000  16.915568011764705
0.02782000  16.93734555764706
0.02784000  16.95912310352941
0.02786000  16.980900649411765
0.02788000  17.002678195294116
0.02790000  17.02445574117647
0.02792000  17.046233287058826
0.02794000  17.068010832941177
0.02796000  17.089788378823528
0.02798000  17.111565924705882
0.02800000  17.133343470588237
0.02802000  17.155121016470588
0.02804000  17.17689856235294
0.02806000  17.198676108235293
0.02808000  17.220453654117648
0.02810000  17.2422312
0.02812000  17.264008745882354
0.02814000  17.285786291764705
0.02816000  17.30756383764706
0.02818000  17.32934138352941
0.02820000  17.351118929411765
0.02822000  17.37289647529412
0.02824000  17.39467402117647
0.02826000  17.41645156705882
0.02828000  17.438229112941176
0.02830000  17.46000665882353
0.02832000  17.481784204705882
0.02834000  17.503561750588236
0.02836000  17.525339296470587
0.02838000  17.547116842352942
0.02840000  17.568894388235293
0.02842000  17.590671934117648
0.02844000  17.61244948
0.02846000  17.634227025882353
0.02848000  17.656004571764704
0.02850000  17.67778211764706
0.02852000  17.699559663529413
0.02854000  17.721337209411764
0.02856000  17.743114755294116
0.02858000  17.76489230117647
0.02860000  17.786669847058825
0.02862000  17.808447392941176
0.02864000  17.83022493882353
0.02866000  17.85200248470588
0.02868000  17.873780030588236
0.02870000  17.895557576470587
0.02872000  17.91733512235294
0.02874000  17.939112668235293
0.02876000  17.960890214117647
0.02878000  17.98266776
0.02880000  18.004445305882353
0.02882000  18.026222851764707
0.02884000  18.04800039764706
0.02886000  18.06977794352941
0.02888000  18.091555489411764
0.02890000  18.11333303529412
0.02892000  18.13511058117647
0.02894000  18.156888127058824
0.02896000  18.178665672941175
0.02898000  18.20044321882353
0.02900000  18.22222076470588
0.02902000  18.243998310588236
0.02904000  18.26577585647059
0.02906000  18.28755340235294
0.02908000  18.309330948235292
0.02910000  18.331108494117647
0.02912000  18.35288604
0.02914000  18.374663585882352
0.02916000  18.396441131764707
0.02918000  18.418218677647058
0.02920000  18.439996223529413
0.02922000  18.461773769411764
0.02924000  18.483551315294118
0.02926000  18.50532886117647
0.02928000  18.527106407058824
0.02930000  18.548883952941175
0.02932000  18.57066149882353
0.02934000  18.592439044705884
0.02936000  18.614216590588235
0.02938000  18.635994136470586
0.02940000  18.65777168235294
0.02942000  18.679549228235295
0.02944000  18.701326774117646
0.02946000  18.72310432
0.02948000  18.744881865882352
0.02950000  18.766659411764707
0.02952000  18.788436957647058
0.02954000  18.810214503529412
0.02956000  18.831992049411763
0.02958000  18.853769595294118
0.02960000  18.87554714117647
0.02962000  18.897324687058823
0.02964000  18.919102232941178
0.02966000  18.94087977882353
0.02968000  18.96265732470588
0.02970000  18.984434870588235
0.02972000  19.00621241647059
0.02974000  19.02798996235294
0.02976000  19.049767508235295
0.02978000  19.071545054117646
0.02980000  19.0933226
0.02982000  19.11510014588235
0.02984000  19.136877691764706
0.02986000  19.15865523764706
0.02988000  19.18043278352941
0.02990000  19.202210329411763
0.02992000  19.223987875294117
0.02994000  19.245765421176472
0.02996000  19.267542967058823
0.02998000  19.289320512941174
0.03000000  19.31109805882353
0.03002000  19.332875604705883
0.03004000  19.354653150588234
0.03006000  19.37643069647059
0.03008000  19.39820824235294
0.03010000  19.419985788235294
0.03012000  19.441763334117645
0.03014000  19.46354088
0.03016000  19.485318425882355
0.03018000  19.507095971764706
0.03020000  19.528873517647057
0.03022000  19.55065106352941
0.03024000  19.572428609411766
0.03026000  19.594206155294117
0.03028000  19.61598370117647
0.03030000  19.637761247058823
0.03032000  19.659538792941177
0.03034000  19.681316338823528
0.03036000  19.703093884705883
0.03038000  19.724871430588237
0.03040000  19.74664897647059
0.03042000  19.76842652235294
0.03044000  19.790204068235294
0.03046000  19.81198161411765
0.03048000  19.83375916
0.03050000  19.85553670588235
0.03052000  19.877314251764705
0.03054000  19.89909179764706
0.03056000  19.92086934352941
0.03058000  19.942646889411762
0.03060000  19.964424435294116
0.03062000  19.98620198117647
0.03064000  20.007979527058822
0.03066000  20.029757072941177
0.03068000  20.05153461882353
0.03070000  20.073312164705882
0.03072000  20.095089710588233
0.03074000  20.116867256470588
0.03076000  20.138644802352943
0.03078000  20.160422348235294
0.03080000  20.182199894117645
0.03082000  20.20397744
0.03084000  20.225754985882354
0.03086000  20.247532531764705
0.03088000  20.269310077647056
0.03090000  20.291087623529414
0.03092000  20.312865169411765
0.03094000  20.334642715294116
0.03096000  20.35642026117647
0.03098000  20.378197807058825
0.03100000  20.399975352941176
0.03102000  20.421752898823527
0.03104000  20.443530444705882
0.03106000  20.465307990588236
0.03108000  20.487085536470587
0.03110000  20.50886308235294
0.03112000  20.530640628235293
0.03114000  20.552418174117648
0.03116000  20.57419572
0.03118000  20.595973265882353
0.03120000  20.617750811764708
0.03122000  20.63952835764706
0.03124000  20.66130590352941
0.03126000  20.683083449411765
0.03128000  20.70486099529412
0.03130000  20.72663854117647
0.03132000  20.74841608705882
0.03134000  20.770193632941176
0.03136000  20.79197117882353
0.03138000  20.81374872470588
0.03140000  20.835526270588232
0.03142000  20.857303816470587
0.03144000  20.87908136235294
0.03146000  20.900858908235293
0.03148000  20.922636454117647
0.03150000  20.944414000000002
0.03152000  20.966191545882353
0.03154000  20.987969091764704
0.03156000  21.00974663764706
0.03158000  21.031524183529413
0.03160000  21.053301729411764
0.03162000  21.075079275294115
0.03164000  21.09685682117647
0.03166000  21.118634367058824
0.03168000  21.140411912941175
0.03170000  21.162189458823526
0.03172000  21.183967004705885
0.03174000  21.205744550588236
0.03176000  21.227522096470587
0.03178000  21.24929964235294
0.03180000  21.271077188235296
0.03182000  21.292854734117647
0.03184000  21.314632279999998
0.03186000  21.336409825882352
0.03188000  21.358187371764707
0.03190000  21.379964917647058
0.03192000  21.40174246352941
0.03194000  21.423520009411764
0.03196000  21.44529755529412
0.03198000  21.46707510117647
0.03200000  21.488852647058824
0.03202000  21.51063019294118
0.03204000  21.53240773882353
0.03206000  21.55418528470588
0.03208000  21.575962830588235
0.03210000  21.59774037647059
0.03212000  21.61951792235294
0.03214000  21.641295468235292
0.03216000  21.663073014117646
0.03218000  21.68485056
0.03220000  21.706628105882352
0.03222000  21.728405651764703
0.03224000  21.750183197647058
0.03226000  21.771960743529412
0.03228000  21.793738289411763
0.03230000  21.815515835294118
0.03232000  21.837293381176472
0.03234000  21.859070927058823
0.03236000  21.880848472941175
0.03238000  21.90262601882353
0.03240000  21.924403564705884
0.03242000  21.946181110588235
0.03244000  21.967958656470586
0.03246000  21.98973620235294
0.03248000  22.011513748235295
0.03250000  22.033291294117646
0.03252000  22.055068839999997
0.03254000  22.07684638588235
0.03256000  22.098623931764706
0.03258000  22.120401477647057
0.03260000  22.142179023529412
0.03262000  22.163956569411766
0.03264000  22.185734115294117
0.03266000  22.20751166117647
0.03268000  22.229289207058823
0.03270000  22.251066752941178
0.03272000  22.27284429882353
0.03274000  22.29462184470588
0.03276000  22.316399390588234
0.03278000  22.33817693647059
0.03280000  22.35995448235294
0.03282000  22.38173202823529
0.03284000  22.40350957411765
0.03286000  22.42528712
0.03288000  22.44706466588235
0.03290000  22.468842211764706
0.03292000  22.49061975764706
0.03294000  22.51239730352941
0.03296000  22.534174849411762
0.03298000  22.555952395294117
0.03300000  22.57772994117647
0.03302000  22.599507487058823
0.03304000  22.621285032941174
0.03306000  22.64306257882353
0.03308000  22.664840124705883
0.03310000  22.686617670588234
0.03312000  22.70839521647059
0.03314000  22.730172762352943
0.03316000  22.751950308235294
0.03318000  22.773727854117645
0.03320000  22.7955054
0.03322000  22.817282945882354
0.03324000  22.839060491764705
0.03326000  22.860838037647056
0.03328000  22.88261558352941
0.03330000  22.904393129411766
0.03332000  22.926170675294117
0.03334000  22.947948221176468
0.03336000  22.969725767058822
0.03338000  22.991503312941177
0.03340000  23.013280858823528
0.03342000  23.035058404705882
0.03344000  23.056835950588237
0.03346000  23.078613496470588
0.03348000  23.10039104235294
0.03350000  23.122168588235294
0.03352000  23.14394613411765
0.03354000  23.16572368
0.03356000  23.18750122588235
0.03358000  23.209278771764705
0.03360000  23.23105631764706
0.03362000  23.25283386352941
0.03364000  23.27461140941176
0.03366000  23.29638895529412
0.03368000  23.31816650117647
0.03370000  23.33994404705882
0.03372000  23.361721592941176
0.03374000  23.38349913882353
0.03376000  23.405276684705882
0.03378000  23.427054230588233
0.03380000  23.448831776470588
0.03382000  23.470609322352942
0.03384000  23.492386868235293
0.03386000  23.514164414117644
0.03388000  23.53594196
0.03390000  23.557719505882353
0.03392000  23.579497051764704
0.03394000  23.60127459764706
0.03396000  23.623052143529414
0.03398000  23.644829689411765
0.03400000  23.666607235294116
0.03402000  23.68838478117647
0.03404000  23.710162327058825
0.03406000  23.731939872941176
0.03408000  23.753717418823527
0.03410000  23.77549496470588
0.03412000  23.797272510588236
0.03414000  23.819050056470587
0.03416000  23.840827602352938
0.03418000  23.862605148235293
0.03420000  23.884382694117647
0.03422000  23.90616024
0.03424000  23.927937785882353
0.03426000  23.949715331764708
0.03428000  23.97149287764706
0.03430000  23.99327042352941
0.03432000  24.015047969411764
0.03434000  24.03682551529412
0.03436000  24.05860306117647
0.03438000  24.08038060705882
0.03440000  24.102158152941175
0.03442000  24.12393569882353
0.03444000  24.14571324470588
0.03446000  24.167490790588232
0.03448000  24.189268336470587
0.03450000  24.21104588235294
0.03452000  24.232823428235292
0.03454000  24.254600974117647
0.03456000  24.27637852
0.03458000  24.298156065882353
0.03460000  24.319933611764704
0.03462000  24.341711157647058
0.03464000  24.363488703529413
0.03466000  24.385266249411764
0.03468000  24.407043795294115
0.03470000  24.42882134117647
0.03472000  24.450598887058824
0.03474000  24.472376432941175
0.03476000  24.494153978823526
0.03478000  24.515931524705884
0.03480000  24.537709070588235
0.03482000  24.559486616470586
0.03484000  24.58126416235294
0.03486000  24.603041708235295
0.03488000  24.624819254117646
0.03490000  24.646596799999998
0.03492000  24.668374345882352
0.03494000  24.690151891764707
0.03496000  24.711929437647058
0.03498000  24.73370698352941
0.03500000  24.755484529411763
0.03502000  24.777262075294118
0.03504000  24.79903962117647
0.03506000  24.820817167058824
0.03508000  24.842594712941178
0.03510000  24.86437225882353
0.03512000  24.88614980470588
0.03514000  24.907927350588235
0.03516000  24.92970489647059
0.03518000  24.95148244235294
0.03520000  24.97325998823529
0.03522000  24.995037534117646
0.03524000  25.01681508
0.03526000  25.03859262588235
0.03528000  25.060370171764703
0.03530000  25.082147717647057
0.03532000  25.103925263529412
0.03534000  25.125702809411763
0.03536000  25.147480355294118
0.03538000  25.169257901176472
0.03540000  25.191035447058823
0.03542000  25.212812992941174
0.03544000  25.23459053882353
0.03546000  25.256368084705883
0.03548000  25.278145630588234
0.03550000  25.299923176470585
0.03552000  25.32170072235294
0.03554000  25.343478268235295
0.03556000  25.365255814117646
0.03558000  25.387033359999997
0.03560000  25.408810905882355
0.03562000  25.430588451764706
0.03564000  25.452365997647057
0.03566000  25.47414354352941
0.03568000  25.495921089411766
0.03570000  25.517698635294117
0.03572000  25.539476181176468
0.03574000  25.561253727058823
0.03576000  25.583031272941177
0.03578000  25.60480881882353
0.03580000  25.62658636470588
0.03582000  25.648363910588234
0.03584000  25.67014145647059
0.03586000  25.69191900235294
0.03588000  25.713696548235294
0.03590000  25.73547409411765
0.03592000  25.75725164
0.03594000  25.77902918588235
0.03596000  25.800806731764705
0.03598000  25.82258427764706
0.03600000  25.84436182352941
0.03602000  25.866139369411762
0.03604000  25.887916915294117
0.03606000  25.90969446117647
0.03608000  25.931472007058822
0.03610000  25.953249552941173
0.03612000  25.975027098823528
0.03614000  25.996804644705882
0.03616000  26.018582190588234
0.03618000  26.040359736470588
0.03620000  26.062137282352943
0.03622000  26.083914828235294
0.03624000  26.105692374117645
0.03626000  26.12746992
0.03628000  26.149247465882354
0.03630000  26.171025011764705
0.03632000  26.192802557647056
0.03634000  26.21458010352941
0.03636000  26.236357649411765
0.03638000  26.258135195294116
0.03640000  26.279912741176467
0.03642000  26.301690287058822
0.03644000  26.323467832941176
0.03646000  26.345245378823527
0.03648000  26.367022924705882
0.03650000  26.388800470588237
0.03652000  26.410578016470588
0.03654000  26.43235556235294
0.03656000  26.454133108235293
0.03658000  26.475910654117648
0.03660000  26.4976882
0.03662000  26.51946574588235
0.03664000  26.541243291764705
0.03666000  26.56302083764706
0.03668000  26.58479838352941
0.03670000  26.606575929411765
0.03672000  26.62835347529412
0.03674000  26.65013102117647
0.03676000  26.67190856705882
0.03678000  26.693686112941176
0.03680000  26.71546365882353
0.03682000  26.73724120470588
0.03684000  26.759018750588233
0.03686000  26.780796296470587
0.03688000  26.802573842352942
0.03690000  26.824351388235293
0.03692000  26.846128934117644
0.03694000  26.86790648
0.03696000  26.889684025882353
0.03698000  26.911461571764704
0.03700000  26.93323911764706
0.03702000  26.955016663529413
0.03704000  26.976794209411764
0.03706000  26.998571755294115
0.03708000  27.02034930117647
0.03710000  27.042126847058825
0.03712000  27.063904392941176
0.03714000  27.085681938823527
0.03716000  27.10745948470588
0.03718000  27.129237030588236
0.03720000  27.151014576470587
0.03722000  27.172792122352938
0.03724000  27.194569668235292
0.03726000  27.216347214117647
0.03728000  27.238124759999998
0.03730000  27.259902305882353
0.03732000  27.281679851764707
0.03734000  27.30345739764706
0.03736000  27.32523494352941
0.03738000  27.347012489411764
0.03740000  27.36879003529412
0.03742000  27.39056758117647
0.03744000  27.41234512705882
0.03746000  27.434122672941175
0.03748000  27.45590021882353
0.03750000  27.47767776470588
0.03752000  27.499455310588232
0.03754000  27.52123285647059
0.03756000  27.54301040235294
0.03758000  27.564787948235292
0.03760000  27.586565494117647
0.03762000  27.60834304
0.03764000  27.630120585882352
0.03766000  27.651898131764703
0.03768000  27.673675677647058
0.03770000  27.695453223529412
0.03772000  27.717230769411763
0.03774000  27.739008315294114
0.03776000  27.760785861176473
0.03778000  27.782563407058824
0.03780000  27.804340952941175
0.03782000  27.826118498823526
0.03784000  27.847896044705884
0.03786000  27.869673590588235
0.03788000  27.891451136470586
0.03790000  27.913228682352937
0.03792000  27.935006228235295
0.03794000  27.956783774117646
0.03796000  27.978561319999997
0.03798000  28.000338865882355
0.03800000  28.022116411764706
0.03802000  28.043893957647057
0.03804000  28.06567150352941
0.03806000  28.087449049411767
0.03808000  28.109226595294118
0.03810000  28.13100414117647
0.03812000  28.15278168705882
0.03814000  28.174559232941178
0.03816000  28.19633677882353
0.03818000  28.21811432470588
0.03820000  28.23989187058823
0.03822000  28.26166941647059
0.03824000  28.28344696235294
0.03826000  28.30522450823529
0.03828000  28.32700205411765
0.03830000  28.3487796
0.03832000  28.37055714588235
0.03834000  28.392334691764702
0.03836000  28.41411223764706
0.03838000  28.43588978352941
0.03840000  28.457667329411763
0.03842000  28.479444875294114
0.03844000  28.50122242117647
0.03846000  28.522999967058823
0.03848000  28.544777512941174
0.03850000  28.566555058823532
0.03852000  28.588332604705883
0.03854000  28.610110150588234
0.03856000  28.631887696470585
0.03858000  28.653665242352943
0.03860000  28.675442788235294
0.03862000  28.697220334117645
0.03864000  28.718997879999996
0.03866000  28.740775425882354
0.03868000  28.762552971764705
0.03870000  28.784330517647057
0.03872000  28.806108063529408
0.03874000  28.827885609411766
0.03876000  28.849663155294117
0.03878000  28.871440701176468
0.03880000  28.893218247058826
0.03882000  28.914995792941177
0.03884000  28.936773338823528
0.03886000  28.95855088470588
0.03888000  28.980328430588237
0.03890000  29.002105976470588
0.03892000  29.02388352235294
0.03894000  29.04566106823529
0.03896000  29.06743861411765
0.03898000  29.08921616
0.03900000  29.11099370588235
0.03902000  29.1327712517647
0.03904000  29.15454879764706
0.03906000  29.17632634352941
0.03908000  29.19810388941176
0.03910000  29.21988143529412
0.03912000  29.24165898117647
0.03914000  29.263436527058822
0.03916000  29.285214072941173
0.03918000  29.30699161882353
0.03920000  29.328769164705882
0.03922000  29.350546710588233
0.03924000  29.372324256470584
0.03926000  29.394101802352942
0.03928000  29.415879348235293
0.03930000  29.437656894117644
0.03932000  29.459434439999995
0.03934000  29.481211985882354
0.03936000  29.502989531764705
0.03938000  29.524767077647056
0.03940000  29.546544623529414
0.03942000  29.568322169411765
0.03944000  29.590099715294116
0.03946000  29.611877261176467
0.03948000  29.633654807058825
0.03950000  29.655432352941176
0.03952000  29.677209898823527
0.03954000  29.698987444705878
0.03956000  29.720764990588236
0.03958000  29.742542536470587
0.03960000  29.76432008235294
0.03962000  29.786097628235296
0.03964000  29.807875174117648
0.03966000  29.82965272
0.03968000  29.85143026588235
0.03970000  29.873207811764708
0.03972000  29.89498535764706
0.03974000  29.91676290352941
0.03976000  29.93854044941176
0.03978000  29.96031799529412
0.03980000  29.98209554117647
0.03982000  30.00387308705882
0.03984000  30.025650632941172
0.03986000  30.04742817882353
0.03988000  30.06920572470588
0.03990000  30.090983270588232
0.03992000  30.11276081647059
0.03994000  30.13453836235294
0.03996000  30.156315908235293
0.03998000  30.178093454117644
0.04000000  30.199871
0.04002000  30.393979
0.04004000  30.573307
0.04006000  30.739273
0.04008000  30.893568
0.04010000  31.046495
0.04012000  31.229672
0.04014000  31.47617
0.04016000  31.809618
0.04018000  32.257639
0.04020000  32.852369
0.04022000  33.669399
0.04024000  34.937536
0.04026000  36.960562
0.04028000  40.170275
0.04030000  45.274683
0.04032000  53.483259
0.04034000  66.878138
0.04036000  88.970656
0.04038000  124.488092
0.04040000  176.942329
0.04042000  251.152001
0.04044000  362.599789
0.04046000  558.706256
0.04048000  980.915111
0.04050000  1980.572247
0.04052000  4004.616759
0.04054000  7178.144969
0.04056000  10510.688722
0.04058000  12162.509519
0.04060000  10699.011282
0.04062000  7096.387249
0.04064000  3787.853915
0.04066000  1836.246876
0.04068000  915.476362
0.04070000  491.83731
0.04072000  283.828074
0.04074000  173.875773
0.04076000  111.905128
0.04078000  75.328484
0.04080000  53.17432
0.04082000  39.487161
0.04084000  30.82844
0.04086000  25.193584
0.04088000  21.417241
0.04090000  18.816631
0.04092000  16.982133
0.04094000  15.661788
0.04096000  14.696003
0.04098000  13.979849
0.04100000  13.44309
0.04102000  13.037422
0.04104000  12.729127
0.04106000  12.49395
0.04108000  12.314137
0.04110000  12.176485
0.04112000  12.070967
0.04114000  11.990321
0.04116000  11.928873
0.04118000  11.882318
0.04120000  11.847542
0.04122000  11.821914
0.04124000  11.803421
0.04126000  11.790485
0.04128000  11.78195
0.04130000  11.776669
0.04132000  11.773827
0.04134000  11.772772
0.04136000  11.772853
0.04138000  11.773502
0.04140000  11.774314
0.04142000  11.775208
0.04144000  11.776182
0.04146000  11.776994
0.04148000  11.777644
0.04150000  11.778131
0.04152000  11.778456
0.04154000  11.778619
0.04156000  11.778538
0.04158000  11.778294
0.04160000  11.777888
0.04162000  11.777319
0.04164000  11.776669
0.04166000  11.775938
0.04168000  11.775126
0.04170000  11.774314
0.04172000  11.77334
0.04174000  11.772366
0.04176000  11.771391
0.04178000  11.770336
0.04180000  11.769281
0.04182000  11.768226
0.04184000  11.76709
0.04186000  11.765953
0.04188000  11.764817
0.04190000  11.763682
0.04192000  11.762465
0.04194000  11.761329
0.04196000  11.760113
0.04198000  11.758896
0.04200000  11.75768
0.04202000  11.756463
0.04204000  11.755247
0.04206000  11.754031
0.04208000  11.752734
0.04210000  11.751438
0.04212000  11.750222
0.04214000  11.748925
0.04216000  11.747629
0.04218000  11.746333
0.04220000  11.745037
0.04222000  11.743741
0.04224000  11.742445
0.04226000  11.741149
0.04228000  11.739773
0.04230000  11.738478
0.04232000  11.737101
0.04234000  11.735806
0.04236000  11.734431
0.04238000  11.733055
0.04240000  11.731679
0.04242000  11.730385
0.04244000  11.72901
0.04246000  11.727635
0.04248000  11.72626
0.04250000  11.724804
0.04252000  11.72343
0.04254000  11.722055
0.04256000  11.720681
0.04258000  11.719226
0.04260000  11.717852
0.04262000  11.716398
0.04264000  11.715024
0.04266000  11.71357
0.04268000  11.712116
0.04270000  11.710743
0.04272000  11.709289
0.04274000  11.707836
0.04276000  11.706382
0.04278000  11.70501
0.04280000  11.703557
0.04282000  11.702104
0.04284000  11.700652
0.04286000  11.699199
0.04288000  11.697747
0.04290000  11.696295
0.04292000  11.694843
0.04294000  11.693311
0.04296000  11.691859
0.04298000  11.690408
0.04300000  11.688957
0.04302000  11.710734545882353
0.04304000  11.732512091764706
0.04306000  11.754289637647059
0.04308000  11.776067183529412
0.04310000  11.797844729411764
0.04312000  11.819622275294117
0.04314000  11.84139982117647
0.04316000  11.863177367058825
0.04318000  11.884954912941177
0.04320000  11.90673245882353
0.04322000  11.928510004705883
0.04324000  11.950287550588236
0.04326000  11.972065096470589
0.04328000  11.993842642352941
0.04330000  12.015620188235294
0.04332000  12.037397734117647
0.04334000  12.05917528
0.04336000  12.080952825882353
0.04338000  12.102730371764705
0.04340000  12.124507917647058
0.04342000  12.146285463529413
0.04344000  12.168063009411766
0.04346000  12.189840555294118
0.04348000  12.211618101176471
0.04350000  12.233395647058824
0.04352000  12.255173192941177
0.04354000  12.27695073882353
0.04356000  12.298728284705883
0.04358000  12.320505830588235
0.04360000  12.342283376470588
0.04362000  12.364060922352941
0.04364000  12.385838468235294
0.04366000  12.407616014117647
0.04368000  12.42939356
0.04370000  12.451171105882352
0.04372000  12.472948651764707
0.04374000  12.49472619764706
0.04376000  12.516503743529412
0.04378000  12.538281289411765
0.04380000  12.560058835294118
0.04382000  12.58183638117647
0.04384000  12.603613927058824
0.04386000  12.625391472941176
0.04388000  12.64716901882353
0.04390000  12.668946564705882
0.04392000  12.690724110588235
0.04394000  12.712501656470588
0.04396000  12.73427920235294
0.04398000  12.756056748235295
0.04400000  12.777834294117648
0.04402000  12.79961184
0.04404000  12.821389385882354
0.04406000  12.843166931764706
0.04408000  12.86494447764706
0.04410000  12.886722023529412
0.04412000  12.908499569411765
0.04414000  12.930277115294118
0.04416000  12.95205466117647
0.04418000  12.973832207058823
0.04420000  12.995609752941176
0.04422000  13.017387298823529
0.04424000  13.039164844705883
0.04426000  13.060942390588234
0.04428000  13.082719936470589
0.04430000  13.104497482352942
0.04432000  13.126275028235295
0.04434000  13.148052574117647
0.04436000  13.16983012
0.04438000  13.191607665882353
0.04440000  13.213385211764706
0.04442000  13.235162757647059
0.04444000  13.256940303529412
0.04446000  13.278717849411764
0.04448000  13.300495395294117
0.04450000  13.32227294117647
0.04452000  13.344050487058823
0.04454000  13.365828032941177
0.04456000  13.38760557882353
0.04458000  13.409383124705883
0.04460000  13.431160670588236
0.04462000  13.452938216470589
0.04464000  13.474715762352941
0.04466000  13.496493308235294
0.04468000  13.518270854117647
0.04470000  13.5400484
0.04472000  13.561825945882353
0.04474000  13.583603491764705
0.04476000  13.605381037647058
0.04478000  13.627158583529411
0.04480000  13.648936129411766
0.04482000  13.670713675294119
0.04484000  13.692491221176471
0.04486000  13.714268767058824
0.04488000  13.736046312941177
0.04490000  13.75782385882353
0.04492000  13.779601404705883
0.04494000  13.801378950588235
0.04496000  13.823156496470588
0.04498000  13.844934042352941
0.04500000  13.866711588235294
0.04502000  13.888489134117647
0.04504000  13.91026668
0.04506000  13.932044225882354
0.04508000  13.953821771764705
0.04510000  13.97559931764706
0.04512000  13.997376863529412
0.04514000  14.019154409411765
0.04516000  14.040931955294118
0.04518000  14.062709501176471
0.04520000  14.084487047058824
0.04522000  14.106264592941177
0.04524000  14.12804213882353
0.04526000  14.149819684705882
0.04528000  14.171597230588235
0.04530000  14.193374776470588
0.04532000  14.215152322352942
0.04534000  14.236929868235293
0.04536000  14.258707414117648
0.04538000  14.280484959999999
0.04540000  14.302262505882354
0.04542000  14.324040051764706
0.04544000  14.34581759764706
0.04546000  14.367595143529412
0.04548000  14.389372689411765
0.04550000  14.411150235294118
0.04552000  14.43292778117647
0.04554000  14.454705327058823
0.04556000  14.476482872941176
0.04558000  14.498260418823529
0.04560000  14.520037964705882
0.04562000  14.541815510588236
0.04564000  14.563593056470587
0.04566000  14.585370602352942
0.04568000  14.607148148235295
0.04570000  14.628925694117648
0.04572000  14.65070324
0.04574000  14.672480785882353
0.04576000  14.694258331764706
0.04578000  14.716035877647059
0.04580000  14.737813423529412
0.04582000  14.759590969411764
0.04584000  14.781368515294117
0.04586000  14.80314606117647
0.04588000  14.824923607058825
0.04590000  14.846701152941176
0.04592000  14.86847869882353
0.04594000  14.890256244705881
0.04596000  14.912033790588236
0.04598000  14.933811336470589
0.04600000  14.955588882352941
0.04602000  14.977366428235294
0.04604000  14.999143974117647
0.04606000  15.02092152
0.04608000  15.042699065882353
0.04610000  15.064476611764706
0.04612000  15.086254157647058
0.04614000  15.108031703529411
0.04616000  15.129809249411764
0.04618000  15.151586795294119
0.04620000  15.17336434117647
0.04622000  15.195141887058824
0.04624000  15.216919432941177
0.04626000  15.23869697882353
0.04628000  15.260474524705883
0.04630000  15.282252070588235
0.04632000  15.304029616470588
0.04634000  15.325807162352941
0.04636000  15.347584708235294
0.04638000  15.369362254117647
0.04640000  15.3911398
0.04642000  15.412917345882352
0.04644000  15.434694891764707
0.04646000  15.456472437647058
0.04648000  15.478249983529413
0.04650000  15.500027529411765
0.04652000  15.521805075294118
0.04654000  15.543582621176471
0.04656000  15.565360167058824
0.04658000  15.587137712941177
0.04660000  15.60891525882353
0.04662000  15.630692804705882
0.04664000  15.652470350588235
0.04666000  15.674247896470588
0.04668000  15.69602544235294
0.04670000  15.717802988235295
0.04672000  15.739580534117646
0.04674000  15.76135808
0.04676000  15.783135625882352
0.04678000  15.804913171764706
0.04680000  15.826690717647057
0.04682000  15.848468263529412
0.04684000  15.870245809411765
0.04686000  15.892023355294118
0.04688000  15.91380090117647
0.04690000  15.935578447058823
0.04692000  15.957355992941176
0.04694000  15.979133538823529
0.04696000  16.000911084705884
0.04698000  16.022688630588235
0.04700000  16.04446617647059
0.04702000  16.06624372235294
0.04704000  16.088021268235295
0.04706000  16.109798814117646
0.04708000  16.13157636
0.04710000  16.153353905882355
0.04712000  16.175131451764706
0.04714000  16.196908997647057
0.04716000  16.21868654352941
0.04718000  16.240464089411766
0.04720000  16.262241635294117
0.04722000  16.28401918117647
0.04724000  16.305796727058823
0.04726000  16.327574272941177
0.04728000  16.34935181882353
0.04730000  16.371129364705883
0.04732000  16.392906910588234
0.04734000  16.41468445647059
0.04736000  16.43646200235294
0.04738000  16.458239548235294
0.04740000  16.48001709411765
0.04742000  16.50179464
0.04744000  16.52357218588235
0.04746000  16.545349731764706
0.04748000  16.56712727764706
0.04750000  16.58890482352941
0.04752000  16.610682369411766
0.04754000  16.632459915294117
0.04756000  16.65423746117647
0.04758000  16.676015007058822
0.04760000  16.697792552941177
0.04762000  16.719570098823528
0.04764000  16.741347644705883
0.04766000  16.763125190588234
0.04768000  16.78490273647059
0.04770000  16.806680282352943
0.04772000  16.828457828235294
0.04774000  16.850235374117645
0.04776000  16.87201292
0.04778000  16.893790465882354
0.04780000  16.915568011764705
0.04782000  16.93734555764706
0.04784000  16.95912310352941
0.04786000  16.980900649411765
0.04788000  17.002678195294116
0.04790000  17.02445574117647
0.04792000  17.046233287058826
0.04794000  17.068010832941177
0.04796000  17.089788378823528
0.04798000  17.111565924705882
0.04800000  17.133343470588237
0.04802000  17.155121016470588
0.04804000  17.17689856235294
0.04806000  17.198676108235293
0.04808000  17.220453654117648
0.04810000  17.2422312
0.04812000  17.264008745882354
0.04814000  17.285786291764705
0.04816000  17.30756383764706
0.04818000  17.32934138352941
0.04820000  17.351118929411765
0.04822000  17.37289647529412
0.04824000  17.39467402117647
0.04826000  17.41645156705882
0.04828000  17.438229112941176
0.04830000  17.46000665882353
0.04832000  17.481784204705882
0.04834000  17.503561750588236
0.04836000  17.525339296470587
0.04838000  17.547116842352942
0.04840000  17.568894388235293
0.04842000  17.590671934117648
0.04844000  17.61244948
0.04846000  17.634227025882353
0.04848000  17.656004571764704
0.04850000  17.67778211764706
0.04852000  17.699559663529413
0.04854000  17.721337209411764
0.04856000  17.743114755294116
0.04858000  17.76489230117647
0.04860000  17.786669847058825
0.04862000  17.808447392941176
0.04864000  17.83022493882353
0.04866000  17.85200248470588
0.04868000  17.873780030588236
0.04870000  17.895557576470587
0.04872000  17.91733512235294
0.04874000  17.939112668235293
0.04876000  17.960890214117647
0.04878000  17.98266776
0.04880000  18.004445305882353
0.04882000  18.026222851764707
0.04884000  18.04800039764706
0.04886000  18.06977794352941
0.04888000  18.091555489411764
0.04890000  18.11333303529412
0.04892000  18.13511058117647
0.04894000  18.156888127058824
0.04896000  18.178665672941175
0.04898000  18.20044321882353
0.04900000  18.22222076470588
0.04902000  18.243998310588236
0.04904000  18.26577585647059
0.04906000  18.28755340235294
0.04908000  18.309330948235292
0.04910000  18.331108494117647
0.04912000  18.35288604
0.04914000  18.374663585882352
0.04916000  18.396441131764707
0.04918000  18.418218677647058
0.04920000  18.439996223529413
0.04922000  18.461773769411764
0.04924000  18.483551315294118
0.04926000  18.50532886117647
0.04928000  18.527106407058824
0.04930000  18.548883952941175
0.04932000  18.57066149882353
0.04934000  18.592439044705884
0.04936000  18.614216590588235
0.04938000  18.635994136470586
0.04940000  18.65777168235294
0.04942000  18.679549228235295
0.04944000  18.701326774117646
0.04946000  18.72310432
0.04948000  18.744881865882352
0.04950000  18.766659411764707
0.04952000  18.788436957647058
0.04954000  18.810214503529412
0.04956000  18.831992049411763
0.04958000  18.853769595294118
0.04960000  18.87554714117647
0.04962000  18.897324687058823
0.04964000  18.919102232941178
0.04966000  18.94087977882353
0.04968000  18.96265732470588
0.04970000  18.984434870588235
0.04972000  19.00621241647059
0.04974000  19.02798996235294
0.04976000  19.049767508235295
0.04978000  19.071545054117646
0.04980000  19.0933226
0.04982000  19.11510014588235
0.04984000  19.136877691764706
0.04986000  19.15865523764706
0.04988000  19.18043278352941
0.04990000  19.202210329411763
0.04992000  19.223987875294117
0.04994000  19.245765421176472
0.04996000  19.267542967058823
0.04998000  19.289320512941174
0.05000000  19.31109805882353
0.05002000  19.332875604705883
0.05004000  19.354653150588234
0.05006000  19.37643069647059
0.05008000  19.39820824235294
0.05010000  19.419985788235294
0.05012000  19.441763334117645
0.05014000  19.46354088
0.05016000  19.485318425882355
0.05018000  19.507095971764706
0.05020000  19.528873517647057
0.05022000  19.55065106352941
0.05024000  19.572428609411766
0.05026000  19.594206155294117
0.05028000  19.61598370117647
0.05030000  19.637761247058823
0.05032000  19.659538792941177
0.05034000  19.681316338823528
0.05036000  19.703093884705883
0.05038000  19.724871430588237
0.05040000  19.74664897647059
0.05042000  19.76842652235294
0.05044000  19.790204068235294
0.05046000  19.81198161411765
0.05048000  19.83375916
0.05050000  19.85553670588235
0.05052000  19.877314251764705
0.05054000  19.89909179764706
0.05056000  19.92086934352941
0.05058000  19.942646889411762
0.05060000  19.964424435294116
0.05062000  19.98620198117647
0.05064000  20.007979527058822
0.05066000  20.029757072941177
0.05068000  20.05153461882353
0.05070000  20.073312164705882
0.05072000  20.095089710588233
0.05074000  20.116867256470588
0.05076000  20.138644802352943
0.05078000  20.160422348235294
0.05080000  20.182199894117645
0.05082000  20.20397744
0.05084000  20.225754985882354
0.05086000  20.247532531764705
0.05088000  20.269310077647056
0.05090000  20.291087623529414
0.05092000  20.312865169411765
0.05094000  20.334642715294116
0.05096000  20.35642026117647
0.05098000  20.378197807058825
0.05100000  20.399975352941176
0.05102000  20.421752898823527
0.05104000  20.443530444705882
0.05106000  20.465307990588236
0.05108000  20.487085536470587
0.05110000  20.50886308235294
0.05112000  20.530640628235293
0.05114000  20.552418174117648
0.05116000  20.57419572
0.05118000  20.595973265882353
0.05120000  20.617750811764708
0.05122000  20.63952835764706
0.05124000  20.66130590352941
0.05126000  20.683083449411765
0.05128000  20.70486099529412
0.05130000  20.72663854117647
0.05132000  20.74841608705882
0.05134000  20.770193632941176
0.05136000  20.79197117882353
0.05138000  20.81374872470588
0.05140000  20.835526270588232
0.05142000  20.857303816470587
0.05144000  20.87908136235294
0.05146000  20.900858908235293
0.05148000  20.922636454117647
0.05150000  20.944414000000002
0.05152000  20.966191545882353
0.05154000  20.987969091764704
0.05156000  21.00974663764706
0.05158000  21.031524183529413
0.05160000  21.053301729411764
0.05162000  21.075079275294115
0.05164000  21.09685682117647
0.05166000  21.118634367058824
0.05168000  21.140411912941175
0.05170000  21.162189458823526
0.05172000  21.183967004705885
0.05174000  21.205744550588236
0.05176000  21.227522096470587
0.05178000  21.24929964235294
0.05180000  21.271077188235296
0.05182000  21.292854734117647
0.05184000  21.314632279999998
0.05186000  21.336409825882352
0.05188000  21.358187371764707
0.05190000  21.379964917647058
0.05192000  21.40174246352941
0.05194000  21.423520009411764
0.05196000  21.44529755529412
0.05198000  21.46707510117647
0.05200000  21.488852647058824
0.05202000  21.51063019294118
0.05204000  21.53240773882353
0.05206000  21.55418528470588
0.05208000  21.575962830588235
0.05210000  21.59774037647059
0.05212000  21.61951792235294
0.05214000  21.641295468235292
0.05216000  21.663073014117646
0.05218000  21.68485056
0.05220000  21.706628105882352
0.05222000  21.728405651764703
0.05224000  21.750183197647058
0.05226000  21.771960743529412
0.05228000  21.793738289411763
0.05230000  21.815515835294118
0.05232000  21.837293381176472
0.05234000  21.859070927058823
0.05236000  21.880848472941175
0.05238000  21.90262601882353
0.05240000  21.924403564705884
0.05242000  21.946181110588235
0.05244000  21.967958656470586
0.05246000  21.98973620235294
0.05248000  22.011513748235295
0.05250000  22.033291294117646
0.05252000  22.055068839999997
0.05254000  22.07684638588235
0.05256000  22.098623931764706
0.05258000  22.120401477647057
0.05260000  22.142179023529412
0.05262000  22.163956569411766
0.05264000  22.185734115294117
0.05266000  22.20751166117647
0.05268000  22.229289207058823
0.05270000  22.251066752941178
0.05272000  22.27284429882353
0.05274000  22.29462184470588
0.05276000  22.316399390588234
0.05278000  22.33817693647059
0.05280000  22.35995448235294
0.05282000  22.38173202823529
0.05284000  22.40350957411765
0.05286000  22.42528712
0.05288000  22.44706466588235
0.05290000  22.468842211764706
0.05292000  22.49061975764706
0.05294000  22.51239730352941
0.05296000  22.534174849411762
0.05298000  22.555952395294117
0.05300000  22.57772994117647
0.05302000  22.599507487058823
0.05304000  22.621285032941174
0.05306000  22.64306257882353
0.05308000  22.664840124705883
0.05310000  22.686617670588234
0.05312000  22.70839521647059
0.05314000  22.730172762352943
0.05316000  22.751950308235294
0.05318000  22.773727854117645
0.05320000  22.7955054
0.05322000  22.817282945882354
0.05324000  22.839060491764705
0.05326000  22.860838037647056
0.05328000  22.88261558352941
0.05330000  22.904393129411766
0.05332000  22.926170675294117
0.05334000  22.947948221176468
0.05336000  22.969725767058822
0.05338000  22.991503312941177
0.05340000  23.013280858823528
0.05342000  23.035058404705882
0.05344000  23.056835950588237
0.05346000  23.078613496470588
0.05348000  23.10039104235294
0.05350000  23.122168588235294
0.05352000  23.14394613411765
0.05354000  23.16572368
0.05356000  23.18750122588235
0.05358000  23.209278771764705
0.05360000  23.23105631764706
0.05362000  23.25283386352941
0.05364000  23.27461140941176
0.05366000  23.29638895529412
0.05368000  23.31816650117647
0.05370000  23.33994404705882
0.05372000  23.361721592941176
0.05374000  23.38349913882353
0.05376000  23.405276684705882
0.05378000  23.427054230588233
0.05380000  23.448831776470588
0.05382000  23.470609322352942
0.05384000  23.492386868235293
0.05386000  23.514164414117644
0.05388000  23.53594196
0.05390000  23.557719505882353
0.05392000  23.579497051764704
0.05394000  23.60127459764706
0.05396000  23.623052143529414
0.05398000  23.644829689411765
0.05400000  23.666607235294116
0.05402000  23.68838478117647
0.05404000  23.710162327058825
0.05406000  23.731939872941176
0.05408000  23.753717418823527
0.05410000  23.77549496470588
0.05412000  23.797272510588236
0.05414000  23.819050056470587
0.05416000  23.840827602352938
0.05418000  23.862605148235293
0.05420000  23.884382694117647
0.05422000  23.90616024
0.05424000  23.927937785882353
0.05426000  23.949715331764708
0.05428000  23.97149287764706
0.05430000  23.99327042352941
0.05432000  24.015047969411764
0.05434000  24.03682551529412
0.05436000  24.05860306117647
0.05438000  24.08038060705882
0.05440000  24.102158152941175
0.05442000  24.12393569882353
0.05444000  24.14571324470588
0.05446000  24.167490790588232
0.05448000  24.189268336470587
0.05450000  24.21104588235294
0.05452000  24.232823428235292
0.05454000  24.254600974117647
0.05456000  24.27637852
0.05458000  24.298156065882353
0.05460000  24.319933611764704
0.05462000  24.341711157647058
0.05464000  24.363488703529413
0.05466000  24.385266249411764
0.05468000  24.407043795294115
0.05470000  24.42882134117647
0.05472000  24.450598887058824
0.05474000  24.472376432941175
0.05476000  24.494153978823526
0.05478000  24.515931524705884
0.05480000  24.537709070588235
0.05482000  24.559486616470586
0.05484000  24.58126416235294
0.05486000  24.603041708235295
0.05488000  24.624819254117646
0.05490000  24.646596799999998
0.05492000  24.668374345882352
0.05494000  24.690151891764707
0.05496000  24.711929437647058
0.05498000  24.73370698352941
0.05500000  24.755484529411763
0.05502000  24.777262075294118
0.05504000  24.79903962117647
0.05506000  24.820817167058824
0.05508000  24.842594712941178
0.05510000  24.86437225882353
0.05512000  24.88614980470588
0.05514000  24.907927350588235
0.05516000  24.92970489647059
0.05518000  24.95148244235294
0.05520000  24.97325998823529
0.05522000  24.995037534117646
0.05524000  25.01681508
0.05526000  25.03859262588235
0.05528000  25.060370171764703
0.05530000  25.082147717647057
0.05532000  25.103925263529412
0.05534000  25.125702809411763
0.05536000  25.147480355294118
0.05538000  25.169257901176472
0.05540000  25.191035447058823
0.05542000  25.212812992941174
0.05544000  25.23459053882353
0.05546000  25.256368084705883
0.05548000  25.278145630588234
0.05550000  25.299923176470585
0.05552000  25.32170072235294
0.05554000  25.343478268235295
0.05556000  25.365255814117646
0.05558000  25.387033359999997
0.05560000  25.408810905882355
0.05562000  25.430588451764706
0.05564000  25.452365997647057
0.05566000  25.47414354352941
0.05568000  25.495921089411766
0.05570000  25.517698635294117
0.05572000  25.539476181176468
0.05574000  25.561253727058823
0.05576000  25.583031272941177
0.05578000  25.60480881882353
0.05580000  25.62658636470588
0.05582000  25.648363910588234
0.05584000  25.67014145647059
0.05586000  25.69191900235294
0.05588000  25.713696548235294
0.05590000  25.73547409411765
0.05592000  25.75725164
0.05594000  25.77902918588235
0.05596000  25.800806731764705
0.05598000  25.82258427764706
0.05600000  25.84436182352941
0.05602000  25.866139369411762
0.05604000  25.887916915294117
0.05606000  25.90969446117647
0.05608000  25.931472007058822
0.05610000  25.953249552941173
0.05612000  25.975027098823528
0.05614000  25.996804644705882
0.05616000  26.018582190588234
0.05618000  26.040359736470588
0.05620000  26.062137282352943
0.05622000  26.083914828235294
0.05624000  26.105692374117645
0.05626000  26.12746992
0.05628000  26.149247465882354
0.05630000  26.171025011764705
0.05632000  26.192802557647056
0.05634000  26.21458010352941
0.05636000  26.236357649411765
0.05638000  26.258135195294116
0.05640000  26.279912741176467
0.05642000  26.301690287058822
0.05644000  26.323467832941176
0.05646000  26.345245378823527
0.05648000  26.367022924705882
0.05650000  26.388800470588237
0.05652000  26.410578016470588
0.05654000  26.43235556235294
0.05656000  26.454133108235293
0.05658000  26.475910654117648
0.05660000  26.4976882
0.05662000  26.51946574588235
0.05664000  26.541243291764705
0.05666000  26.56302083764706
0.05668000  26.58479838352941
0.05670000  26.606575929411765
0.05672000  26.62835347529412
0.05674000  26.65013102117647
0.05676000  26.67190856705882
0.05678000  26.693686112941176
0.05680000  26.71546365882353
0.05682000  26.73724120470588
0.05684000  26.759018750588233
0.05686000  26.780796296470587
0.05688000  26.802573842352942
0.05690000  26.824351388235293
0.05692000  26.846128934117644
0.05694000  26.86790648
0.05696000  26.889684025882353
0.05698000  26.911461571764704
0.05700000  26.93323911764706
0.05702000  26.955016663529413
0.05704000  26.976794209411764
0.05706000  26.998571755294115
0.05708000  27.02034930117647
0.05710000  27.042126847058825
0.05712000  27.063904392941176
0.05714000  27.085681938823527
0.05716000  27.10745948470588
0.05718000  27.129237030588236
0.05720000  27.151014576470587
0.05722000  27.172792122352938
0.05724000  27.194569668235292
0.05726000  27.216347214117647
0.05728000  27.238124759999998
0.05730000  27.259902305882353
0.05732000  27.281679851764707
0.05734000  27.30345739764706
0.05736000  27.32523494352941
0.05738000  27.347012489411764
0.05740000  27.36879003529412
0.05742000  27.39056758117647
0.05744000  27.41234512705882
0.05746000  27.434122672941175
0.05748000  27.45590021882353
0.05750000  27.47767776470588
0.05752000  27.499455310588232
0.05754000  27.52123285647059
0.05756000  27.54301040235294
0.05758000  27.564787948235292
0.05760000  27.586565494117647
0.05762000  27.60834304
0.05764000  27.630120585882352
0.05766000  27.651898131764703
0.05768000  27.673675677647058
0.05770000  27.695453223529412
0.05772000  27.717230769411763
0.05774000  27.739008315294114
0.05776000  27.760785861176473
0.05778000  27.782563407058824
0.05780000  27.804340952941175
0.05782000  27.826118498823526
0.05784000  27.847896044705884
0.05786000  27.869673590588235
0.05788000  27.891451136470586
0.05790000  27.913228682352937
0.05792000  27.935006228235295
0.05794000  27.956783774117646
0.05796000  27.978561319999997
0.05798000  28.000338865882355
0.05800000  28.022116411764706
0.05802000  28.043893957647057
0.05804000  28.06567150352941
0.05806000  28.087449049411767
0.05808000  28.109226595294118
0.05810000  28.13100414117647
0.05812000  28.15278168705882
0.05814000  28.174559232941178
0.05816000  28.19633677882353
0.05818000  28.21811432470588
0.05820000  28.23989187058823
0.05822000  28.26166941647059
0.05824000  28.28344696235294
0.05826000  28.30522450823529
0.05828000  28.32700205411765
0.05830000  28.3487796
0.05832000  28.37055714588235
0.05834000  28.392334691764702
0.05836000  28.41411223764706
0.05838000  28.43588978352941
0.05840000  28.457667329411763
0.05842000  28.479444875294114
0.05844000  28.50122242117647
0.05846000  28.522999967058823
0.05848000  28.544777512941174
0.05850000  28.566555058823532
0.05852000  28.588332604705883
0.05854000  28.610110150588234
0.05856000  28.631887696470585
0.05858000  28.653665242352943
0.05860000  28.675442788235294
0.05862000  28.697220334117645
0.05864000  28.718997879999996
0.05866000  28.740775425882354
0.05868000  28.762552971764705
0.05870000  28.784330517647057
0.05872000  28.806108063529408
0.05874000  28.827885609411766
0.05876000  28.849663155294117
0.05878000  28.871440701176468
0.05880000  28.893218247058826
0.05882000  28.914995792941177
0.05884000  28.936773338823528
0.05886000  28.95855088470588
0.05888000  28.980328430588237
0.05890000  29.002105976470588
0.05892000  29.02388352235294
0.05894000  29.04566106823529
0.05896000  29.06743861411765
0.05898000  29.08921616
0.05900000  29.11099370588235
0.05902000  29.1327712517647
0.05904000  29.15454879764706
0.05906000  29.17632634352941
0.05908000  29.19810388941176
0.05910000  29.21988143529412
0.05912000  29.24165898117647
0.05914000  29.263436527058822
0.05916000  29.285214072941173
0.05918000  29.30699161882353
0.05920000  29.328769164705882
0.05922000  29.350546710588233
0.05924000  29.372324256470584
0.05926000  29.394101802352942
0.05928000  29.415879348235293
0.05930000  29.437656894117644
0.05932000  29.459434439999995
0.05934000  29.481211985882354
0.05936000  29.502989531764705
0.05938000  29.524767077647056
0.05940000  29.546544623529414
0.05942000  29.568322169411765
0.05944000  29.590099715294116
0.05946000  29.611877261176467
0.05948000  29.633654807058825
0.05950000  29.655432352941176
0.05952000  29.677209898823527
0.05954000  29.698987444705878
0.05956000  29.720764990588236
0.05958000  29.742542536470587
0.05960000  29.76432008235294
0.05962000  29.786097628235296
0.05964000  29.807875174117648
0.05966000  29.82965272
0.05968000  29.85143026588235
0.05970000  29.873207811764708
0.05972000  29.89498535764706
0.05974000  29.91676290352941
0.05976000  29.93854044941176
0.05978000  29.96031799529412
0.05980000  29.98209554117647
0.05982000  30.00387308705882
0.05984000  30.025650632941172
0.05986000  30.04742817882353
0.05988000  30.06920572470588
0.05990000  30.090983270588232
0.05992000  30.11276081647059
0.05994000  30.13453836235294
0.05996000  30.156315908235293
0.05998000  30.178093454117644
0.06000000  30.199871
0.06002000  30.393979
0.06004000  30.573307
0.06006000  30.739273
0.06008000  30.893568
0.06010000  31.046495
0.06012000  31.229672
0.06014000  31.47617
0.06016000  31.809618
0.06018000  32.257639
0.06020000  32.852369
0.06022000  33.669399
0.06024000  34.937536
0.06026000  36.960562
0.06028000  40.170275
0.06030000  45.274683
0.06032000  53.483259
0.06034000  66.878138
0.06036000  88.970656
0.06038000  124.488092
0.06040000  176.942329
0.06042000  251.152001
0.06044000  362.599789
0.06046000  558.706256
0.06048000  980.915111
0.06050000  1980.572247
0.06052000  4004.616759
0.06054000  7178.144969
0.06056000  10510.688722
0.06058000  12162.509519
0.06060000  10699.011282
0.06062000  7096.387249
0.06064000  3787.853915
0.06066000  1836.246876
0.06068000  915.476362
0.06070000  491.83731
0.06072000  283.828074
0.06074000  173.875773
0.06076000  111.905128
0.06078000  75.328484
0.06080000  53.17432
0.06082000  39.487161
0.06084000  30.82844
0.06086000  25.193584
0.06088000  21.417241
0.06090000  18.816631
0.06092000  16.982133
0.06094000  15.661788
0.06096000  14.696003
0.06098000  13.979849
0.06100000  13.44309
0.06102000  13.037422
0.06104000  12.729127
0.06106000  12.49395
0.06108000  12.314137
0.06110000  12.176485
0.06112000  12.070967
0.06114000  11.990321
0.06116000  11.928873
0.06118000  11.882318
0.06120000  11.847542
0.06122000  11.821914
0.06124000  11.803421
0.06126000  11.790485
0.06128000  11.78195
0.06130000  11.776669
0.06132000  11.773827
0.06134000  11.772772
0.06136000  11.772853
0.06138000  11.773502
0.06140000  11.774314
0.06142000  11.775208
0.06144000  11.776182
0.06146000  11.776994
0.06148000  11.777644
0.06150000  11.778131
0.06152000  11.778456
0.06154000  11.778619
0.06156000  11.778538
0.06158000  11.778294
0.06160000  11.777888
0.06162000  11.777319
0.06164000  11.776669
0.06166000  11.775938
0.06168000  11.775126
0.06170000  11.774314
0.06172000  11.77334
0.06174000  11.772366
0.06176000  11.771391
0.06178000  11.770336
0.06180000  11.769281
0.06182000  11.768226
0.06184000  11.76709
0.06186000  11.765953
0.06188000  11.764817
0.06190000  11.763682
0.06192000  11.762465
0.06194000  11.761329
0.06196000  11.760113
0.06198000  11.758896
0.06200000  11.75768
0.06202000  11.756463
0.06204000  11.755247
0.06206000  11.754031
0.06208000  11.752734
0.06210000  11.751438
0.06212000  11.750222
0.06214000  11.748925
0.06216000  11.747629
0.06218000  11.746333
0.06220000  11.745037
0.06222000  11.743741
0.06224000  11.742445
0.06226000  11.741149
0.06228000  11.739773
0.06230000  11.738478
0.06232000  11.737101
0.06234000  11.735806
0.06236000  11.734431
0.06238000  11.733055
0.06240000  11.731679
0.06242000  11.730385
0.06244000  11.72901
0.06246000  11.727635
0.06248000  11.72626
0.06250000  11.724804
0.06252000  11.72343
0.06254000  11.722055
0.06256000  11.720681
0.06258000  11.719226
0.06260000  11.717852
0.06262000  11.716398
0.06264000  11.715024
0.06266000  11.71357
0.06268000  11.712116
0.06270000  11.710743
0.06272000  11.709289
0.06274000  11.707836
0.06276000  11.706382
0.06278000  11.70501
0.06280000  11.703557
0.06282000  11.702104
0.06284000  11.700652
0.06286000  11.699199
0.06288000  11.697747
0.06290000  11.696295
0.06292000  11.694843
0.06294000  11.693311
0.06296000  11.691859
0.06298000  11.690408
0.06300000  11.688957
