0.00000000  1357.804631
0.00002000  1356.299743
0.00004000  1354.913621
0.00006000  1353.634322
0.00008000  1352.449671
0.00010000  1351.276775
0.00012000  1349.875625
0.00014000  1347.996542
0.00016000  1345.466241
0.00018000  1342.087312
0.00020000  1337.639919
0.00022000  1331.594097
0.00024000  1322.357919
0.00026000  1307.984357
0.00028000  1286.038947
0.00030000  1253.109916
0.00032000  1204.581705
0.00034000  1134.982117
0.00036000  1039.7577
0.00038000  921.4373
0.00040000  795.118173
0.00042000  672.353365
0.00044000  552.175636
0.00046000  426.674171
0.00048000  293.97584
0.00050000  176.803626
0.00052000  103.4365
0.00054000  66.11279
0.00056000  50.099676
0.00058000  46.471996
0.00060000  54.672008
0.00062000  81.758509
0.00064000  144.317898
0.00066000  263.165588
0.00068000  437.437607
0.00070000  639.334172
0.00072000  837.35404
0.00074000  1011.044327
0.00076000  1152.550191
0.00078000  1262.012374
0.00080000  1342.945936
0.00082000  1400.786835
0.00084000  1441.397642
0.00086000  1469.809778
0.00088000  1489.777031
0.00090000  1503.912836
0.00092000  1514.001886
0.00094000  1521.25037
0.00096000  1526.48264
0.00098000  1530.274159
0.00100000  1533.026746
0.00102000  1535.022486
0.00104000  1536.465941
0.00106000  1537.503727
0.00108000  1538.241392
0.00110000  1538.760292
0.00112000  1539.117463
0.00114000  1539.356044
0.00116000  1539.506609
0.00118000  1539.593449
0.00120000  1539.631267
0.00122000  1539.632986
0.00124000  1539.609781
0.00126000  1539.56594
0.00128000  1539.509189
0.00130000  1539.442957
0.00132000  1539.371537
0.00134000  1539.297505
0.00136000  1539.223443
0.00138000  1539.151935
0.00140000  1539.085571
0.00142000  1539.023494
0.00144000  1538.964846
0.00146000  1538.910494
0.00148000  1538.859577
0.00150000  1538.811236
0.00152000  1538.766337
0.00154000  1538.724017
0.00156000  1538.68428
0.00158000  1538.646262
0.00160000  1538.609964
0.00162000  1538.575389
0.00164000  1538.541671
0.00166000  1538.508812
0.00168000  1538.477676
0.00170000  1538.446536
0.00172000  1538.416255
0.00174000  1538.385969
0.00176000  1538.357409
0.00178000  1538.328845
0.00180000  1538.300276
0.00182000  1538.272568
0.00184000  1538.244856
0.00186000  1538.218007
0.00188000  1538.192019
0.00190000  1538.165161
0.00192000  1538.140033
0.00194000  1538.114034
0.00196000  1538.088898
0.00198000  1538.064626
0.00200000  1538.040351
0.00202000  1538.016072
0.00204000  1537.992657
0.00206000  1537.969239
0.00208000  1537.945819
0.00210000  1537.923263
0.00212000  1537.900703
0.00214000  1537.879009
0.00216000  1537.857313
0.00218000  1537.836482
0.00220000  1537.81478
0.00222000  1537.793944
0.00224000  1537.773974
0.00226000  1537.754001
0.00228000  1537.734027
0.00230000  1537.714919
0.00232000  1537.69494
0.00234000  1537.676696
0.00236000  1537.657582
0.00238000  1537.639335
0.00240000  1537.621955
0.00242000  1537.603704
0.00244000  1537.586321
0.00246000  1537.568936
0.00248000  1537.552418
0.00250000  1537.535899
0.00252000  1537.519379
0.00254000  1537.503727
0.00256000  1537.487203
0.00258000  1537.472418
0.00260000  1537.456762
0.00262000  1537.441974
0.00264000  1537.427185
0.00266000  1537.412395
0.00268000  1537.398473
0.00270000  1537.384551
0.00272000  1537.370628
0.00274000  1537.356703
0.00276000  1537.343648
0.00278000  1537.330592
0.00280000  1537.317535
0.00282000  1537.305348
0.00284000  1537.293159
0.00286000  1537.28097
0.00288000  1537.26878
0.00290000  1537.257461
0.00292000  1537.245269
0.00294000  1537.233948
0.00296000  1537.222626
0.00298000  1537.212174
0.00300000  1537.201722
0.00302000  1536.9906665988235
0.00304000  1536.779611197647
0.00306000  1536.5685557964707
0.00308000  1536.3575003952942
0.00310000  1536.1464449941177
0.00312000  1535.9353895929412
0.00314000  1535.7243341917647
0.00316000  1535.5132787905882
0.00318000  1535.302223389412
0.00320000  1535.0911679882354
0.00322000  1534.8801125870589
0.00324000  1534.6690571858824
0.00326000  1534.4580017847059
0.00328000  1534.2469463835293
0.00330000  1534.035890982353
0.00332000  1533.8248355811766
0.00334000  1533.61378018
0.00336000  1533.4027247788235
0.00338000  1533.191669377647
0.00340000  1532.9806139764705
0.00342000  1532.7695585752942
0.00344000  1532.5585031741177
0.00346000  1532.3474477729412
0.00348000  1532.1363923717647
0.00350000  1531.9253369705882
0.00352000  1531.7142815694117
0.00354000  1531.5032261682354
0.00356000  1531.292170767059
0.00358000  1531.0811153658824
0.00360000  1530.870059964706
0.00362000  1530.6590045635294
0.00364000  1530.4479491623529
0.00366000  1530.2368937611766
0.00368000  1530.02583836
0.00370000  1529.8147829588236
0.00372000  1529.603727557647
0.00374000  1529.3926721564706
0.00376000  1529.181616755294
0.00378000  1528.9705613541178
0.00380000  1528.7595059529413
0.00382000  1528.5484505517647
0.00384000  1528.3373951505882
0.00386000  1528.1263397494117
0.00388000  1527.9152843482352
0.00390000  1527.704228947059
0.00392000  1527.4931735458824
0.00394000  1527.282118144706
0.00396000  1527.0710627435294
0.00398000  1526.860007342353
0.00400000  1526.6489519411764
0.00402000  1526.43789654
0.00404000  1526.2268411388236
0.00406000  1526.015785737647
0.00408000  1525.8047303364706
0.00410000  1525.593674935294
0.00412000  1525.3826195341176
0.00414000  1525.1715641329413
0.00416000  1524.9605087317648
0.00418000  1524.7494533305883
0.00420000  1524.5383979294118
0.00422000  1524.3273425282352
0.00424000  1524.1162871270587
0.00426000  1523.9052317258825
0.00428000  1523.694176324706
0.00430000  1523.4831209235294
0.00432000  1523.272065522353
0.00434000  1523.0610101211764
0.00436000  1522.84995472
0.00438000  1522.6388993188236
0.00440000  1522.4278439176471
0.00442000  1522.2167885164706
0.00444000  1522.005733115294
0.00446000  1521.7946777141176
0.00448000  1521.583622312941
0.00450000  1521.3725669117648
0.00452000  1521.1615115105883
0.00454000  1520.9504561094118
0.00456000  1520.7394007082353
0.00458000  1520.5283453070588
0.00460000  1520.3172899058823
0.00462000  1520.106234504706
0.00464000  1519.8951791035295
0.00466000  1519.684123702353
0.00468000  1519.4730683011765
0.00470000  1519.2620129
0.00472000  1519.0509574988234
0.00474000  1518.8399020976472
0.00476000  1518.6288466964706
0.00478000  1518.4177912952941
0.00480000  1518.2067358941176
0.00482000  1517.9956804929411
0.00484000  1517.7846250917646
0.00486000  1517.5735696905883
0.00488000  1517.3625142894118
0.00490000  1517.1514588882353
0.00492000  1516.9404034870588
0.00494000  1516.7293480858823
0.00496000  1516.5182926847058
0.00498000  1516.3072372835295
0.00500000  1516.096181882353
0.00502000  1515.8851264811765
0.00504000  1515.67407108
0.00506000  1515.4630156788235
0.00508000  1515.251960277647
0.00510000  1515.0409048764707
0.00512000  1514.8298494752942
0.00514000  1514.6187940741177
0.00516000  1514.4077386729412
0.00518000  1514.1966832717646
0.00520000  1513.9856278705884
0.00522000  1513.7745724694119
0.00524000  1513.5635170682353
0.00526000  1513.3524616670588
0.00528000  1513.1414062658823
0.00530000  1512.9303508647058
0.00532000  1512.7192954635295
0.00534000  1512.508240062353
0.00536000  1512.2971846611765
0.00538000  1512.08612926
0.00540000  1511.8750738588235
0.00542000  1511.664018457647
0.00544000  1511.4529630564707
0.00546000  1511.2419076552942
0.00548000  1511.0308522541177
0.00550000  1510.8197968529412
0.00552000  1510.6087414517647
0.00554000  1510.3976860505882
0.00556000  1510.1866306494119
0.00558000  1509.9755752482354
0.00560000  1509.7645198470589
0.00562000  1509.5534644458824
0.00564000  1509.3424090447058
0.00566000  1509.1313536435293
0.00568000  1508.920298242353
0.00570000  1508.7092428411765
0.00572000  1508.49818744
0.00574000  1508.2871320388235
0.00576000  1508.076076637647
0.00578000  1507.8650212364705
0.00580000  1507.6539658352942
0.00582000  1507.4429104341177
0.00584000  1507.2318550329412
0.00586000  1507.0207996317647
0.00588000  1506.8097442305882
0.00590000  1506.5986888294117
0.00592000  1506.3876334282354
0.00594000  1506.176578027059
0.00596000  1505.9655226258824
0.00598000  1505.7544672247059
0.00600000  1505.5434118235294
0.00602000  1505.3323564223529
0.00604000  1505.1213010211766
0.00606000  1504.91024562
0.00608000  1504.6991902188236
0.00610000  1504.488134817647
0.00612000  1504.2770794164705
0.00614000  1504.066024015294
0.00616000  1503.8549686141178
0.00618000  1503.6439132129412
0.00620000  1503.4328578117647
0.00622000  1503.2218024105882
0.00624000  1503.0107470094117
0.00626000  1502.7996916082352
0.00628000  1502.588636207059
0.00630000  1502.3775808058824
0.00632000  1502.166525404706
0.00634000  1501.9554700035294
0.00636000  1501.744414602353
0.00638000  1501.5333592011764
0.00640000  1501.3223038
0.00642000  1501.1112483988236
0.00644000  1500.900192997647
0.00646000  1500.6891375964706
0.00648000  1500.478082195294
0.00650000  1500.2670267941176
0.00652000  1500.0559713929413
0.00654000  1499.8449159917648
0.00656000  1499.6338605905883
0.00658000  1499.4228051894117
0.00660000  1499.2117497882352
0.00662000  1499.0006943870587
0.00664000  1498.7896389858824
0.00666000  1498.578583584706
0.00668000  1498.3675281835294
0.00670000  1498.156472782353
0.00672000  1497.9454173811764
0.00674000  1497.73436198
0.00676000  1497.5233065788236
0.00678000  1497.312251177647
0.00680000  1497.1011957764706
0.00682000  1496.890140375294
0.00684000  1496.6790849741176
0.00686000  1496.468029572941
0.00688000  1496.2569741717648
0.00690000  1496.0459187705883
0.00692000  1495.8348633694118
0.00694000  1495.6238079682353
0.00696000  1495.4127525670588
0.00698000  1495.2016971658823
0.00700000  1494.990641764706
0.00702000  1494.7795863635295
0.00704000  1494.568530962353
0.00706000  1494.3574755611764
0.00708000  1494.14642016
0.00710000  1493.9353647588234
0.00712000  1493.7243093576471
0.00714000  1493.5132539564706
0.00716000  1493.3021985552941
0.00718000  1493.0911431541176
0.00720000  1492.880087752941
0.00722000  1492.6690323517646
0.00724000  1492.4579769505883
0.00726000  1492.2469215494118
0.00728000  1492.0358661482353
0.00730000  1491.8248107470588
0.00732000  1491.6137553458823
0.00734000  1491.402699944706
0.00736000  1491.1916445435295
0.00738000  1490.980589142353
0.00740000  1490.7695337411765
0.00742000  1490.55847834
0.00744000  1490.3474229388235
0.00746000  1490.136367537647
0.00748000  1489.9253121364707
0.00750000  1489.7142567352942
0.00752000  1489.5032013341176
0.00754000  1489.2921459329411
0.00756000  1489.0810905317646
0.00758000  1488.8700351305883
0.00760000  1488.6589797294118
0.00762000  1488.4479243282353
0.00764000  1488.2368689270588
0.00766000  1488.0258135258823
0.00768000  1487.8147581247058
0.00770000  1487.6037027235295
0.00772000  1487.392647322353
0.00774000  1487.1815919211765
0.00776000  1486.97053652
0.00778000  1486.7594811188235
0.00780000  1486.548425717647
0.00782000  1486.3373703164707
0.00784000  1486.1263149152942
0.00786000  1485.9152595141177
0.00788000  1485.7042041129412
0.00790000  1485.4931487117647
0.00792000  1485.2820933105882
0.00794000  1485.0710379094119
0.00796000  1484.8599825082354
0.00798000  1484.6489271070589
0.00800000  1484.4378717058823
0.00802000  1484.2268163047058
0.00804000  1484.0157609035293
0.00806000  1483.804705502353
0.00808000  1483.5936501011765
0.00810000  1483.3825947
0.00812000  1483.1715392988235
0.00814000  1482.960483897647
0.00816000  1482.7494284964705
0.00818000  1482.5383730952942
0.00820000  1482.3273176941177
0.00822000  1482.1162622929412
0.00824000  1481.9052068917647
0.00826000  1481.6941514905882
0.00828000  1481.4830960894117
0.00830000  1481.2720406882354
0.00832000  1481.0609852870589
0.00834000  1480.8499298858824
0.00836000  1480.6388744847059
0.00838000  1480.4278190835294
0.00840000  1480.2167636823528
0.00842000  1480.0057082811766
0.00844000  1479.79465288
0.00846000  1479.5835974788235
0.00848000  1479.372542077647
0.00850000  1479.1614866764705
0.00852000  1478.950431275294
0.00854000  1478.7393758741177
0.00856000  1478.5283204729412
0.00858000  1478.3172650717647
0.00860000  1478.1062096705882
0.00862000  1477.8951542694117
0.00864000  1477.6840988682352
0.00866000  1477.473043467059
0.00868000  1477.2619880658824
0.00870000  1477.050932664706
0.00872000  1476.8398772635294
0.00874000  1476.6288218623529
0.00876000  1476.4177664611764
0.00878000  1476.20671106
0.00880000  1475.9956556588236
0.00882000  1475.784600257647
0.00884000  1475.5735448564706
0.00886000  1475.362489455294
0.00888000  1475.1514340541175
0.00890000  1474.9403786529413
0.00892000  1474.7293232517648
0.00894000  1474.5182678505882
0.00896000  1474.3072124494117
0.00898000  1474.0961570482352
0.00900000  1473.8851016470587
0.00902000  1473.6740462458824
0.00904000  1473.462990844706
0.00906000  1473.2519354435294
0.00908000  1473.040880042353
0.00910000  1472.8298246411764
0.00912000  1472.61876924
0.00914000  1472.4077138388236
0.00916000  1472.196658437647
0.00918000  1471.9856030364706
0.00920000  1471.774547635294
0.00922000  1471.5634922341176
0.00924000  1471.3524368329413
0.00926000  1471.1413814317648
0.00928000  1470.9303260305883
0.00930000  1470.7192706294118
0.00932000  1470.5082152282353
0.00934000  1470.2971598270587
0.00936000  1470.0861044258822
0.00938000  1469.875049024706
0.00940000  1469.6639936235294
0.00942000  1469.452938222353
0.00944000  1469.2418828211764
0.00946000  1469.03082742
0.00948000  1468.8197720188236
0.00950000  1468.6087166176471
0.00952000  1468.3976612164706
0.00954000  1468.1866058152941
0.00956000  1467.9755504141176
0.00958000  1467.764495012941
0.00960000  1467.5534396117646
0.00962000  1467.3423842105883
0.00964000  1467.1313288094118
0.00966000  1466.9202734082353
0.00968000  1466.7092180070588
0.00970000  1466.4981626058823
0.00972000  1466.287107204706
0.00974000  1466.0760518035295
0.00976000  1465.864996402353
0.00978000  1465.6539410011765
0.00980000  1465.4428856
0.00982000  1465.2318301988234
0.00984000  1465.020774797647
0.00986000  1464.8097193964707
0.00988000  1464.5986639952941
0.00990000  1464.3876085941176
0.00992000  1464.1765531929411
0.00994000  1463.9654977917646
0.00996000  1463.7544423905883
0.00998000  1463.5433869894118
0.01000000  1463.3323315882353
0.01002000  1463.1212761870588
0.01004000  1462.9102207858823
0.01006000  1462.6991653847058
0.01008000  1462.4881099835295
0.01010000  1462.277054582353
0.01012000  1462.0659991811765
0.01014000  1461.85494378
0.01016000  1461.6438883788235
0.01018000  1461.432832977647
0.01020000  1461.2217775764707
0.01022000  1461.0107221752942
0.01024000  1460.7996667741177
0.01026000  1460.5886113729412
0.01028000  1460.3775559717647
0.01030000  1460.1665005705881
0.01032000  1459.9554451694119
0.01034000  1459.7443897682354
0.01036000  1459.5333343670588
0.01038000  1459.3222789658823
0.01040000  1459.1112235647058
0.01042000  1458.9001681635293
0.01044000  1458.689112762353
0.01046000  1458.4780573611765
0.01048000  1458.26700196
0.01050000  1458.0559465588235
0.01052000  1457.844891157647
0.01054000  1457.6338357564705
0.01056000  1457.4227803552942
0.01058000  1457.2117249541177
0.01060000  1457.0006695529412
0.01062000  1456.7896141517647
0.01064000  1456.5785587505882
0.01066000  1456.3675033494117
0.01068000  1456.1564479482354
0.01070000  1455.9453925470589
0.01072000  1455.7343371458824
0.01074000  1455.5232817447059
0.01076000  1455.3122263435293
0.01078000  1455.1011709423528
0.01080000  1454.8901155411766
0.01082000  1454.67906014
0.01084000  1454.4680047388235
0.01086000  1454.256949337647
0.01088000  1454.0458939364705
0.01090000  1453.834838535294
0.01092000  1453.6237831341177
0.01094000  1453.4127277329412
0.01096000  1453.2016723317647
0.01098000  1452.9906169305882
0.01100000  1452.7795615294117
0.01102000  1452.5685061282352
0.01104000  1452.357450727059
0.01106000  1452.1463953258824
0.01108000  1451.9353399247059
0.01110000  1451.7242845235294
0.01112000  1451.5132291223529
0.01114000  1451.3021737211764
0.01116000  1451.09111832
0.01118000  1450.8800629188236
0.01120000  1450.669007517647
0.01122000  1450.4579521164706
0.01124000  1450.246896715294
0.01126000  1450.0358413141175
0.01128000  1449.8247859129413
0.01130000  1449.6137305117647
0.01132000  1449.4026751105882
0.01134000  1449.1916197094117
0.01136000  1448.9805643082352
0.01138000  1448.769508907059
0.01140000  1448.5584535058824
0.01142000  1448.347398104706
0.01144000  1448.1363427035294
0.01146000  1447.925287302353
0.01148000  1447.7142319011764
0.01150000  1447.5031764999999
0.01152000  1447.2921210988236
0.01154000  1447.081065697647
0.01156000  1446.8700102964706
0.01158000  1446.658954895294
0.01160000  1446.4478994941176
0.01162000  1446.2368440929413
0.01164000  1446.0257886917648
0.01166000  1445.8147332905883
0.01168000  1445.6036778894118
0.01170000  1445.3926224882352
0.01172000  1445.1815670870587
0.01174000  1444.9705116858822
0.01176000  1444.759456284706
0.01178000  1444.5484008835294
0.01180000  1444.337345482353
0.01182000  1444.1262900811764
0.01184000  1443.91523468
0.01186000  1443.7041792788236
0.01188000  1443.4931238776471
0.01190000  1443.2820684764706
0.01192000  1443.071013075294
0.01194000  1442.8599576741176
0.01196000  1442.648902272941
0.01198000  1442.4378468717646
0.01200000  1442.2267914705883
0.01202000  1442.0157360694118
0.01204000  1441.8046806682353
0.01206000  1441.5936252670588
0.01208000  1441.3825698658823
0.01210000  1441.171514464706
0.01212000  1440.9604590635295
0.01214000  1440.749403662353
0.01216000  1440.5383482611765
0.01218000  1440.32729286
0.01220000  1440.1162374588234
0.01222000  1439.9051820576472
0.01224000  1439.6941266564706
0.01226000  1439.4830712552941
0.01228000  1439.2720158541176
0.01230000  1439.0609604529411
0.01232000  1438.8499050517646
0.01234000  1438.6388496505883
0.01236000  1438.4277942494118
0.01238000  1438.2167388482353
0.01240000  1438.0056834470588
0.01242000  1437.7946280458823
0.01244000  1437.5835726447058
0.01246000  1437.3725172435295
0.01248000  1437.161461842353
0.01250000  1436.9504064411765
0.01252000  1436.73935104
0.01254000  1436.5282956388235
0.01256000  1436.317240237647
0.01258000  1436.1061848364707
0.01260000  1435.8951294352942
0.01262000  1435.6840740341177
0.01264000  1435.4730186329411
0.01266000  1435.2619632317646
0.01268000  1435.0509078305881
0.01270000  1434.8398524294118
0.01272000  1434.6287970282353
0.01274000  1434.4177416270588
0.01276000  1434.2066862258823
0.01278000  1433.9956308247058
0.01280000  1433.7845754235293
0.01282000  1433.573520022353
0.01284000  1433.3624646211765
0.01286000  1433.15140922
0.01288000  1432.9403538188235
0.01290000  1432.729298417647
0.01292000  1432.5182430164705
0.01294000  1432.3071876152942
0.01296000  1432.0961322141177
0.01298000  1431.8850768129412
0.01300000  1431.6740214117647
0.01302000  1431.4629660105882
0.01304000  1431.2519106094117
0.01306000  1431.0408552082354
0.01308000  1430.8297998070589
0.01310000  1430.6187444058824
0.01312000  1430.4076890047058
0.01314000  1430.1966336035293
0.01316000  1429.9855782023528
0.01318000  1429.7745228011765
0.01320000  1429.5634674
0.01322000  1429.3524119988235
0.01324000  1429.141356597647
0.01326000  1428.9303011964705
0.01328000  1428.719245795294
0.01330000  1428.5081903941177
0.01332000  1428.2971349929412
0.01334000  1428.0860795917647
0.01336000  1427.8750241905882
0.01338000  1427.6639687894117
0.01340000  1427.4529133882352
0.01342000  1427.241857987059
0.01344000  1427.0308025858824
0.01346000  1426.8197471847059
0.01348000  1426.6086917835294
0.01350000  1426.3976363823529
0.01352000  1426.1865809811766
0.01354000  1425.97552558
0.01356000  1425.7644701788236
0.01358000  1425.553414777647
0.01360000  1425.3423593764705
0.01362000  1425.131303975294
0.01364000  1424.9202485741175
0.01366000  1424.7091931729412
0.01368000  1424.4981377717647
0.01370000  1424.2870823705882
0.01372000  1424.0760269694117
0.01374000  1423.8649715682352
0.01376000  1423.653916167059
0.01378000  1423.4428607658824
0.01380000  1423.231805364706
0.01382000  1423.0207499635294
0.01384000  1422.809694562353
0.01386000  1422.5986391611764
0.01388000  1422.3875837599999
0.01390000  1422.1765283588236
0.01392000  1421.965472957647
0.01394000  1421.7544175564706
0.01396000  1421.543362155294
0.01398000  1421.3323067541176
0.01400000  1421.1212513529413
0.01402000  1420.9101959517648
0.01404000  1420.6991405505883
0.01406000  1420.4880851494117
0.01408000  1420.2770297482352
0.01410000  1420.0659743470587
0.01412000  1419.8549189458822
0.01414000  1419.643863544706
0.01416000  1419.4328081435294
0.01418000  1419.221752742353
0.01420000  1419.0106973411764
0.01422000  1418.79964194
0.01424000  1418.5885865388236
0.01426000  1418.377531137647
0.01428000  1418.1664757364706
0.01430000  1417.955420335294
0.01432000  1417.7443649341176
0.01434000  1417.533309532941
0.01436000  1417.3222541317648
0.01438000  1417.1111987305883
0.01440000  1416.9001433294118
0.01442000  1416.6890879282353
0.01444000  1416.4780325270588
0.01446000  1416.2669771258822
0.01448000  1416.055921724706
0.01450000  1415.8448663235295
0.01452000  1415.633810922353
0.01454000  1415.4227555211764
0.01456000  1415.21170012
0.01458000  1415.0006447188234
0.01460000  1414.7895893176471
0.01462000  1414.5785339164706
0.01464000  1414.3674785152941
0.01466000  1414.1564231141176
0.01468000  1413.945367712941
0.01470000  1413.7343123117646
0.01472000  1413.5232569105883
0.01474000  1413.3122015094118
0.01476000  1413.1011461082353
0.01478000  1412.8900907070588
0.01480000  1412.6790353058823
0.01482000  1412.4679799047058
0.01484000  1412.2569245035295
0.01486000  1412.045869102353
0.01488000  1411.8348137011765
0.01490000  1411.6237583
0.01492000  1411.4127028988235
0.01494000  1411.201647497647
0.01496000  1410.9905920964707
0.01498000  1410.7795366952942
0.01500000  1410.5684812941176
0.01502000  1410.3574258929411
0.01504000  1410.1463704917646
0.01506000  1409.9353150905881
0.01508000  1409.7242596894118
0.01510000  1409.5132042882353
0.01512000  1409.3021488870588
0.01514000  1409.0910934858823
0.01516000  1408.8800380847058
0.01518000  1408.6689826835295
0.01520000  1408.457927282353
0.01522000  1408.2468718811765
0.01524000  1408.03581648
0.01526000  1407.8247610788235
0.01528000  1407.613705677647
0.01530000  1407.4026502764705
0.01532000  1407.1915948752942
0.01534000  1406.9805394741177
0.01536000  1406.7694840729412
0.01538000  1406.5584286717647
0.01540000  1406.3473732705882
0.01542000  1406.1363178694119
0.01544000  1405.9252624682354
0.01546000  1405.7142070670589
0.01548000  1405.5031516658823
0.01550000  1405.2920962647058
0.01552000  1405.0810408635293
0.01554000  1404.8699854623528
0.01556000  1404.6589300611765
0.01558000  1404.44787466
0.01560000  1404.2368192588235
0.01562000  1404.025763857647
0.01564000  1403.8147084564705
0.01566000  1403.6036530552942
0.01568000  1403.3925976541177
0.01570000  1403.1815422529412
0.01572000  1402.9704868517647
0.01574000  1402.7594314505882
0.01576000  1402.5483760494117
0.01578000  1402.3373206482352
0.01580000  1402.1262652470589
0.01582000  1401.9152098458824
0.01584000  1401.7041544447059
0.01586000  1401.4930990435294
0.01588000  1401.2820436423528
0.01590000  1401.0709882411766
0.01592000  1400.85993284
0.01594000  1400.6488774388235
0.01596000  1400.437822037647
0.01598000  1400.2267666364705
0.01600000  1400.015711235294
0.01602000  1399.8046558341175
0.01604000  1399.5936004329412
0.01606000  1399.3825450317647
0.01608000  1399.1714896305882
0.01610000  1398.9604342294117
0.01612000  1398.7493788282352
0.01614000  1398.538323427059
0.01616000  1398.3272680258824
0.01618000  1398.116212624706
0.01620000  1397.9051572235294
0.01622000  1397.6941018223529
0.01624000  1397.4830464211764
0.01626000  1397.2719910199999
0.01628000  1397.0609356188236
0.01630000  1396.849880217647
0.01632000  1396.6388248164706
0.01634000  1396.427769415294
0.01636000  1396.2167140141175
0.01638000  1396.0056586129413
0.01640000  1395.7946032117648
0.01642000  1395.5835478105882
0.01644000  1395.3724924094117
0.01646000  1395.1614370082352
0.01648000  1394.9503816070587
0.01650000  1394.7393262058822
0.01652000  1394.528270804706
0.01654000  1394.3172154035294
0.01656000  1394.106160002353
0.01658000  1393.8951046011764
0.01660000  1393.6840492
0.01662000  1393.4729937988236
0.01664000  1393.261938397647
0.01666000  1393.0508829964706
0.01668000  1392.839827595294
0.01670000  1392.6287721941176
0.01672000  1392.417716792941
0.01674000  1392.2066613917646
0.01676000  1391.9956059905883
0.01678000  1391.7845505894118
0.01680000  1391.5734951882353
0.01682000  1391.3624397870587
0.01684000  1391.1513843858822
0.01686000  1390.940328984706
0.01688000  1390.7292735835294
0.01690000  1390.518218182353
0.01692000  1390.3071627811764
0.01694000  1390.09610738
0.01696000  1389.8850519788234
0.01698000  1389.6739965776471
0.01700000  1389.4629411764706
0.01702000  1389.251885775294
0.01704000  1389.0408303741176
0.01706000  1388.829774972941
0.01708000  1388.6187195717646
0.01710000  1388.4076641705883
0.01712000  1388.1966087694118
0.01714000  1387.9855533682353
0.01716000  1387.7744979670588
0.01718000  1387.5634425658823
0.01720000  1387.3523871647058
0.01722000  1387.1413317635295
0.01724000  1386.930276362353
0.01726000  1386.7192209611765
0.01728000  1386.50816556
0.01730000  1386.2971101588234
0.01732000  1386.0860547576472
0.01734000  1385.8749993564707
0.01736000  1385.6639439552941
0.01738000  1385.4528885541176
0.01740000  1385.2418331529411
0.01742000  1385.0307777517646
0.01744000  1384.819722350588
0.01746000  1384.6086669494118
0.01748000  1384.3976115482353
0.01750000  1384.1865561470588
0.01752000  1383.9755007458823
0.01754000  1383.7644453447058
0.01756000  1383.5533899435295
0.01758000  1383.342334542353
0.01760000  1383.1312791411765
0.01762000  1382.92022374
0.01764000  1382.7091683388235
0.01766000  1382.498112937647
0.01768000  1382.2870575364705
0.01770000  1382.0760021352942
0.01772000  1381.8649467341177
0.01774000  1381.6538913329412
0.01776000  1381.4428359317646
0.01778000  1381.2317805305881
0.01780000  1381.0207251294119
0.01782000  1380.8096697282353
0.01784000  1380.5986143270588
0.01786000  1380.3875589258823
0.01788000  1380.1765035247058
0.01790000  1379.9654481235293
0.01792000  1379.7543927223528
0.01794000  1379.5433373211765
0.01796000  1379.33228192
0.01798000  1379.1212265188235
0.01800000  1378.910171117647
0.01802000  1378.6991157164705
0.01804000  1378.4880603152942
0.01806000  1378.2770049141177
0.01808000  1378.0659495129412
0.01810000  1377.8548941117647
0.01812000  1377.6438387105882
0.01814000  1377.4327833094117
0.01816000  1377.2217279082352
0.01818000  1377.0106725070589
0.01820000  1376.7996171058824
0.01822000  1376.5885617047059
0.01824000  1376.3775063035293
0.01826000  1376.1664509023528
0.01828000  1375.9553955011766
0.01830000  1375.7443401
0.01832000  1375.5332846988235
0.01834000  1375.322229297647
0.01836000  1375.1111738964705
0.01838000  1374.900118495294
0.01840000  1374.6890630941175
0.01842000  1374.4780076929412
0.01844000  1374.2669522917647
0.01846000  1374.0558968905882
0.01848000  1373.8448414894117
0.01850000  1373.6337860882352
0.01852000  1373.422730687059
0.01854000  1373.2116752858824
0.01856000  1373.0006198847059
0.01858000  1372.7895644835294
0.01860000  1372.5785090823529
0.01862000  1372.3674536811764
0.01864000  1372.1563982799998
0.01866000  1371.9453428788236
0.01868000  1371.734287477647
0.01870000  1371.5232320764705
0.01872000  1371.312176675294
0.01874000  1371.1011212741175
0.01876000  1370.8900658729412
0.01878000  1370.6790104717647
0.01880000  1370.4679550705882
0.01882000  1370.2568996694117
0.01884000  1370.0458442682352
0.01886000  1369.8347888670587
0.01888000  1369.6237334658822
0.01890000  1369.412678064706
0.01892000  1369.2016226635294
0.01894000  1368.990567262353
0.01896000  1368.7795118611764
0.01898000  1368.5684564599999
0.01900000  1368.3574010588236
0.01902000  1368.146345657647
0.01904000  1367.9352902564706
0.01906000  1367.724234855294
0.01908000  1367.5131794541176
0.01910000  1367.302124052941
0.01912000  1367.0910686517648
0.01914000  1366.8800132505883
0.01916000  1366.6689578494118
0.01918000  1366.4579024482352
0.01920000  1366.2468470470587
0.01922000  1366.0357916458822
0.01924000  1365.824736244706
0.01926000  1365.6136808435294
0.01928000  1365.402625442353
0.01930000  1365.1915700411764
0.01932000  1364.98051464
0.01934000  1364.7694592388234
0.01936000  1364.5584038376471
0.01938000  1364.3473484364706
0.01940000  1364.136293035294
0.01942000  1363.9252376341176
0.01944000  1363.714182232941
0.01946000  1363.5031268317648
0.01948000  1363.2920714305883
0.01950000  1363.0810160294118
0.01952000  1362.8699606282353
0.01954000  1362.6589052270588
0.01956000  1362.4478498258823
0.01958000  1362.2367944247057
0.01960000  1362.0257390235295
0.01962000  1361.814683622353
0.01964000  1361.6036282211765
0.01966000  1361.39257282
0.01968000  1361.1815174188234
0.01970000  1360.9704620176472
0.01972000  1360.7594066164706
0.01974000  1360.5483512152941
0.01976000  1360.3372958141176
0.01978000  1360.1262404129411
0.01980000  1359.9151850117646
0.01982000  1359.704129610588
0.01984000  1359.4930742094118
0.01986000  1359.2820188082353
0.01988000  1359.0709634070588
0.01990000  1358.8599080058823
0.01992000  1358.6488526047058
0.01994000  1358.4377972035295
0.01996000  1358.226741802353
0.01998000  1358.0156864011765
0.02000000  1357.804631
0.02002000  1356.299743
0.02004000  1354.913621
0.02006000  1353.634322
0.02008000  1352.449671
0.02010000  1351.276775
0.02012000  1349.875625
0.02014000  1347.996542
0.02016000  1345.466241
0.02018000  1342.087312
0.02020000  1337.639919
0.02022000  1331.594097
0.02024000  1322.357919
0.02026000  1307.984357
0.02028000  1286.038947
0.02030000  1253.109916
0.02032000  1204.581705
0.02034000  1134.982117
0.02036000  1039.7577
0.02038000  921.4373
0.02040000  795.118173
0.02042000  672.353365
0.02044000  552.175636
0.02046000  426.674171
0.02048000  293.97584
0.02050000  176.803626
0.02052000  103.4365
0.02054000  66.11279
0.02056000  50.099676
0.02058000  46.471996
0.02060000  54.672008
0.02062000  81.758509
0.02064000  144.317898
0.02066000  263.165588
0.02068000  437.437607
0.02070000  639.334172
0.02072000  837.35404
0.02074000  1011.044327
0.02076000  1152.550191
0.02078000  1262.012374
0.02080000  1342.945936
0.02082000  1400.786835
0.02084000  1441.397642
0.02086000  1469.809778
0.02088000  1489.777031
0.02090000  1503.912836
0.02092000  1514.001886
0.02094000  1521.25037
0.02096000  1526.48264
0.02098000  1530.274159
0.02100000  1533.026746
0.02102000  1535.022486
0.02104000  1536.465941
0.02106000  1537.503727
0.02108000  1538.241392
0.02110000  1538.760292
0.02112000  1539.117463
0.02114000  1539.356044
0.02116000  1539.506609
0.02118000  1539.593449
0.02120000  1539.631267
0.02122000  1539.632986
0.02124000  1539.609781
0.02126000  1539.56594
0.02128000  1539.509189
0.02130000  1539.442957
0.02132000  1539.371537
0.02134000  1539.297505
0.02136000  1539.223443
0.02138000  1539.151935
0.02140000  1539.085571
0.02142000  1539.023494
0.02144000  1538.964846
0.02146000  1538.910494
0.02148000  1538.859577
0.02150000  1538.811236
0.02152000  1538.766337
0.02154000  1538.724017
0.02156000  1538.68428
0.02158000  1538.646262
0.02160000  1538.609964
0.02162000  1538.575389
0.02164000  1538.541671
0.02166000  1538.508812
0.02168000  1538.477676
0.02170000  1538.446536
0.02172000  1538.416255
0.02174000  1538.385969
0.02176000  1538.357409
0.02178000  1538.328845
0.02180000  1538.300276
0.02182000  1538.272568
0.02184000  1538.244856
0.02186000  1538.218007
0.02188000  1538.192019
0.02190000  1538.165161
0.02192000  1538.140033
0.02194000  1538.114034
0.02196000  1538.088898
0.02198000  1538.064626
0.02200000  1538.040351
0.02202000  1538.016072
0.02204000  1537.992657
0.02206000  1537.969239
0.02208000  1537.945819
0.02210000  1537.923263
0.02212000  1537.900703
0.02214000  1537.879009
0.02216000  1537.857313
0.02218000  1537.836482
0.02220000  1537.81478
0.02222000  1537.793944
0.02224000  1537.773974
0.02226000  1537.754001
0.02228000  1537.734027
0.02230000  1537.714919
0.02232000  1537.69494
0.02234000  1537.676696
0.02236000  1537.657582
0.02238000  1537.639335
0.02240000  1537.621955
0.02242000  1537.603704
0.02244000  1537.586321
0.02246000  1537.568936
0.02248000  1537.552418
0.02250000  1537.535899
0.02252000  1537.519379
0.02254000  1537.503727
0.02256000  1537.487203
0.02258000  1537.472418
0.02260000  1537.456762
0.02262000  1537.441974
0.02264000  1537.427185
0.02266000  1537.412395
0.02268000  1537.398473
0.02270000  1537.384551
0.02272000  1537.370628
0.02274000  1537.356703
0.02276000  1537.343648
0.02278000  1537.330592
0.02280000  1537.317535
0.02282000  1537.305348
0.02284000  1537.293159
0.02286000  1537.28097
0.02288000  1537.26878
0.02290000  1537.257461
0.02292000  1537.245269
0.02294000  1537.233948
0.02296000  1537.222626
0.02298000  1537.212174
0.02300000  1537.201722
0.02302000  1536.9906665988235
0.02304000  1536.779611197647
0.02306000  1536.5685557964707
0.02308000  1536.3575003952942
0.02310000  1536.1464449941177
0.02312000  1535.9353895929412
0.02314000  1535.7243341917647
0.02316000  1535.5132787905882
0.02318000  1535.302223389412
0.02320000  1535.0911679882354
0.02322000  1534.8801125870589
0.02324000  1534.6690571858824
0.02326000  1534.4580017847059
0.02328000  1534.2469463835293
0.02330000  1534.035890982353
0.02332000  1533.8248355811766
0.02334000  1533.61378018
0.02336000  1533.4027247788235
0.02338000  1533.191669377647
0.02340000  1532.9806139764705
0.02342000  1532.7695585752942
0.02344000  1532.5585031741177
0.02346000  1532.3474477729412
0.02348000  1532.1363923717647
0.02350000  1531.9253369705882
0.02352000  1531.7142815694117
0.02354000  1531.5032261682354
0.02356000  1531.292170767059
0.02358000  1531.0811153658824
0.02360000  1530.870059964706
0.02362000  1530.6590045635294
0.02364000  1530.4479491623529
0.02366000  1530.2368937611766
0.02368000  1530.02583836
0.02370000  1529.8147829588236
0.02372000  1529.603727557647
0.02374000  1529.3926721564706
0.02376000  1529.181616755294
0.02378000  1528.9705613541178
0.02380000  1528.7595059529413
0.02382000  1528.5484505517647
0.02384000  1528.3373951505882
0.02386000  1528.1263397494117
0.02388000  1527.9152843482352
0.02390000  1527.704228947059
0.02392000  1527.4931735458824
0.02394000  1527.282118144706
0.02396000  1527.0710627435294
0.02398000  1526.860007342353
0.02400000  1526.6489519411764
0.02402000  1526.43789654
0.02404000  1526.2268411388236
0.02406000  1526.015785737647
0.02408000  1525.8047303364706
0.02410000  1525.593674935294
0.02412000  1525.3826195341176
0.02414000  1525.1715641329413
0.02416000  1524.9605087317648
0.02418000  1524.7494533305883
0.02420000  1524.5383979294118
0.02422000  1524.3273425282352
0.02424000  1524.1162871270587
0.02426000  1523.9052317258825
0.02428000  1523.694176324706
0.02430000  1523.4831209235294
0.02432000  1523.272065522353
0.02434000  1523.0610101211764
0.02436000  1522.84995472
0.02438000  1522.6388993188236
0.02440000  1522.4278439176471
0.02442000  1522.2167885164706
0.02444000  1522.005733115294
0.02446000  1521.7946777141176
0.02448000  1521.583622312941
0.02450000  1521.3725669117648
0.02452000  1521.1615115105883
0.02454000  1520.9504561094118
0.02456000  1520.7394007082353
0.02458000  1520.5283453070588
0.02460000  1520.3172899058823
0.02462000  1520.106234504706
0.02464000  1519.8951791035295
0.02466000  1519.684123702353
0.02468000  1519.4730683011765
0.02470000  1519.2620129
0.02472000  1519.0509574988234
0.02474000  1518.8399020976472
0.02476000  1518.6288466964706
0.02478000  1518.4177912952941
0.02480000  1518.2067358941176
0.02482000  1517.9956804929411
0.02484000  1517.7846250917646
0.02486000  1517.5735696905883
0.02488000  1517.3625142894118
0.02490000  1517.1514588882353
0.02492000  1516.9404034870588
0.02494000  1516.7293480858823
0.02496000  1516.5182926847058
0.02498000  1516.3072372835295
0.02500000  1516.096181882353
0.02502000  1515.8851264811765
0.02504000  1515.67407108
0.02506000  1515.4630156788235
0.02508000  1515.251960277647
0.02510000  1515.0409048764707
0.02512000  1514.8298494752942
0.02514000  1514.6187940741177
0.02516000  1514.4077386729412
0.02518000  1514.1966832717646
0.02520000  1513.9856278705884
0.02522000  1513.7745724694119
0.02524000  1513.5635170682353
0.02526000  1513.3524616670588
0.02528000  1513.1414062658823
0.02530000  1512.9303508647058
0.02532000  1512.7192954635295
0.02534000  1512.508240062353
0.02536000  1512.2971846611765
0.02538000  1512.08612926
0.02540000  1511.8750738588235
0.02542000  1511.664018457647
0.02544000  1511.4529630564707
0.02546000  1511.2419076552942
0.02548000  1511.0308522541177
0.02550000  1510.8197968529412
0.02552000  1510.6087414517647
0.02554000  1510.3976860505882
0.02556000  1510.1866306494119
0.02558000  1509.9755752482354
0.02560000  1509.7645198470589
0.02562000  1509.5534644458824
0.02564000  1509.3424090447058
0.02566000  1509.1313536435293
0.02568000  1508.920298242353
0.02570000  1508.7092428411765
0.02572000  1508.49818744
0.02574000  1508.2871320388235
0.02576000  1508.076076637647
0.02578000  1507.8650212364705
0.02580000  1507.6539658352942
0.02582000  1507.4429104341177
0.02584000  1507.2318550329412
0.02586000  1507.0207996317647
0.02588000  1506.8097442305882
0.02590000  1506.5986888294117
0.02592000  1506.3876334282354
0.02594000  1506.176578027059
0.02596000  1505.9655226258824
0.02598000  1505.7544672247059
0.02600000  1505.5434118235294
0.02602000  1505.3323564223529
0.02604000  1505.1213010211766
0.02606000  1504.91024562
0.02608000  1504.6991902188236
0.02610000  1504.488134817647
0.02612000  1504.2770794164705
0.02614000  1504.066024015294
0.02616000  1503.8549686141178
0.02618000  1503.6439132129412
0.02620000  1503.4328578117647
0.02622000  1503.2218024105882
0.02624000  1503.0107470094117
0.02626000  1502.7996916082352
0.02628000  1502.588636207059
0.02630000  1502.3775808058824
0.02632000  1502.166525404706
0.02634000  1501.9554700035294
0.02636000  1501.744414602353
0.02638000  1501.5333592011764
0.02640000  1501.3223038
0.02642000  1501.1112483988236
0.02644000  1500.900192997647
0.02646000  1500.6891375964706
0.02648000  1500.478082195294
0.02650000  1500.2670267941176
0.02652000  1500.0559713929413
0.02654000  1499.8449159917648
0.02656000  1499.6338605905883
0.02658000  1499.4228051894117
0.02660000  1499.2117497882352
0.02662000  1499.0006943870587
0.02664000  1498.7896389858824
0.02666000  1498.578583584706
0.02668000  1498.3675281835294
0.02670000  1498.156472782353
0.02672000  1497.9454173811764
0.02674000  1497.73436198
0.02676000  1497.5233065788236
0.02678000  1497.312251177647
0.02680000  1497.1011957764706
0.02682000  1496.890140375294
0.02684000  1496.6790849741176
0.02686000  1496.468029572941
0.02688000  1496.2569741717648
0.02690000  1496.0459187705883
0.02692000  1495.8348633694118
0.02694000  1495.6238079682353
0.02696000  1495.4127525670588
0.02698000  1495.2016971658823
0.02700000  1494.990641764706
0.02702000  1494.7795863635295
0.02704000  1494.568530962353
0.02706000  1494.3574755611764
0.02708000  1494.14642016
0.02710000  1493.9353647588234
0.02712000  1493.7243093576471
0.02714000  1493.5132539564706
0.02716000  1493.3021985552941
0.02718000  1493.0911431541176
0.02720000  1492.880087752941
0.02722000  1492.6690323517646
0.02724000  1492.4579769505883
0.02726000  1492.2469215494118
0.02728000  1492.0358661482353
0.02730000  1491.8248107470588
0.02732000  1491.6137553458823
0.02734000  1491.402699944706
0.02736000  1491.1916445435295
0.02738000  1490.980589142353
0.02740000  1490.7695337411765
0.02742000  1490.55847834
0.02744000  1490.3474229388235
0.02746000  1490.136367537647
0.02748000  1489.9253121364707
0.02750000  1489.7142567352942
0.02752000  1489.5032013341176
0.02754000  1489.2921459329411
0.02756000  1489.0810905317646
0.02758000  1488.8700351305883
0.02760000  1488.6589797294118
0.02762000  1488.4479243282353
0.02764000  1488.2368689270588
0.02766000  1488.0258135258823
0.02768000  1487.8147581247058
0.02770000  1487.6037027235295
0.02772000  1487.392647322353
0.02774000  1487.1815919211765
0.02776000  1486.97053652
0.02778000  1486.7594811188235
0.02780000  1486.548425717647
0.02782000  1486.3373703164707
0.02784000  1486.1263149152942
0.02786000  1485.9152595141177
0.02788000  1485.7042041129412
0.02790000  1485.4931487117647
0.02792000  1485.2820933105882
0.02794000  1485.0710379094119
0.02796000  1484.8599825082354
0.02798000  1484.6489271070589
0.02800000  1484.4378717058823
0.02802000  1484.2268163047058
0.02804000  1484.0157609035293
0.02806000  1483.804705502353
0.02808000  1483.5936501011765
0.02810000  1483.3825947
0.02812000  1483.1715392988235
0.02814000  1482.960483897647
0.02816000  1482.7494284964705
0.02818000  1482.5383730952942
0.02820000  1482.3273176941177
0.02822000  1482.1162622929412
0.02824000  1481.9052068917647
0.02826000  1481.6941514905882
0.02828000  1481.4830960894117
0.02830000  1481.2720406882354
0.02832000  1481.0609852870589
0.02834000  1480.8499298858824
0.02836000  1480.6388744847059
0.02838000  1480.4278190835294
0.02840000  1480.2167636823528
0.02842000  1480.0057082811766
0.02844000  1479.79465288
0.02846000  1479.5835974788235
0.02848000  1479.372542077647
0.02850000  1479.1614866764705
0.02852000  1478.950431275294
0.02854000  1478.7393758741177
0.02856000  1478.5283204729412
0.02858000  1478.3172650717647
0.02860000  1478.1062096705882
0.02862000  1477.8951542694117
0.02864000  1477.6840988682352
0.02866000  1477.473043467059
0.02868000  1477.2619880658824
0.02870000  1477.050932664706
0.02872000  1476.8398772635294
0.02874000  1476.6288218623529
0.02876000  1476.4177664611764
0.02878000  1476.20671106
0.02880000  1475.9956556588236
0.02882000  1475.784600257647
0.02884000  1475.5735448564706
0.02886000  1475.362489455294
0.02888000  1475.1514340541175
0.02890000  1474.9403786529413
0.02892000  1474.7293232517648
0.02894000  1474.5182678505882
0.02896000  1474.3072124494117
0.02898000  1474.0961570482352
0.02900000  1473.8851016470587
0.02902000  1473.6740462458824
0.02904000  1473.462990844706
0.02906000  1473.2519354435294
0.02908000  1473.040880042353
0.02910000  1472.8298246411764
0.02912000  1472.61876924
0.02914000  1472.4077138388236
0.02916000  1472.196658437647
0.02918000  1471.9856030364706
0.02920000  1471.774547635294
0.02922000  1471.5634922341176
0.02924000  1471.3524368329413
0.02926000  1471.1413814317648
0.02928000  1470.9303260305883
0.02930000  1470.7192706294118
0.02932000  1470.5082152282353
0.02934000  1470.2971598270587
0.02936000  1470.0861044258822
0.02938000  1469.875049024706
0.02940000  1469.6639936235294
0.02942000  1469.452938222353
0.02944000  1469.2418828211764
0.02946000  1469.03082742
0.02948000  1468.8197720188236
0.02950000  1468.6087166176471
0.02952000  1468.3976612164706
0.02954000  1468.1866058152941
0.02956000  1467.9755504141176
0.02958000  1467.764495012941
0.02960000  1467.5534396117646
0.02962000  1467.3423842105883
0.02964000  1467.1313288094118
0.02966000  1466.9202734082353
0.02968000  1466.7092180070588
0.02970000  1466.4981626058823
0.02972000  1466.287107204706
0.02974000  1466.0760518035295
0.02976000  1465.864996402353
0.02978000  1465.6539410011765
0.02980000  1465.4428856
0.02982000  1465.2318301988234
0.02984000  1465.020774797647
0.02986000  1464.8097193964707
0.02988000  1464.5986639952941
0.02990000  1464.3876085941176
0.02992000  1464.1765531929411
0.02994000  1463.9654977917646
0.02996000  1463.7544423905883
0.02998000  1463.5433869894118
0.03000000  1463.3323315882353
0.03002000  1463.1212761870588
0.03004000  1462.9102207858823
0.03006000  1462.6991653847058
0.03008000  1462.4881099835295
0.03010000  1462.277054582353
0.03012000  1462.0659991811765
0.03014000  1461.85494378
0.03016000  1461.6438883788235
0.03018000  1461.432832977647
0.03020000  1461.2217775764707
0.03022000  1461.0107221752942
0.03024000  1460.7996667741177
0.03026000  1460.5886113729412
0.03028000  1460.3775559717647
0.03030000  1460.1665005705881
0.03032000  1459.9554451694119
0.03034000  1459.7443897682354
0.03036000  1459.5333343670588
0.03038000  1459.3222789658823
0.03040000  1459.1112235647058
0.03042000  1458.9001681635293
0.03044000  1458.689112762353
0.03046000  1458.4780573611765
0.03048000  1458.26700196
0.03050000  1458.0559465588235
0.03052000  1457.844891157647
0.03054000  1457.6338357564705
0.03056000  1457.4227803552942
0.03058000  1457.2117249541177
0.03060000  1457.0006695529412
0.03062000  1456.7896141517647
0.03064000  1456.5785587505882
0.03066000  1456.3675033494117
0.03068000  1456.1564479482354
0.03070000  1455.9453925470589
0.03072000  1455.7343371458824
0.03074000  1455.5232817447059
0.03076000  1455.3122263435293
0.03078000  1455.1011709423528
0.03080000  1454.8901155411766
0.03082000  1454.67906014
0.03084000  1454.4680047388235
0.03086000  1454.256949337647
0.03088000  1454.0458939364705
0.03090000  1453.834838535294
0.03092000  1453.6237831341177
0.03094000  1453.4127277329412
0.03096000  1453.2016723317647
0.03098000  1452.9906169305882
0.03100000  1452.7795615294117
0.03102000  1452.5685061282352
0.03104000  1452.357450727059
0.03106000  1452.1463953258824
0.03108000  1451.9353399247059
0.03110000  1451.7242845235294
0.03112000  1451.5132291223529
0.03114000  1451.3021737211764
0.03116000  1451.09111832
0.03118000  1450.8800629188236
0.03120000  1450.669007517647
0.03122000  1450.4579521164706
0.03124000  1450.246896715294
0.03126000  1450.0358413141175
0.03128000  1449.8247859129413
0.03130000  1449.6137305117647
0.03132000  1449.4026751105882
0.03134000  1449.1916197094117
0.03136000  1448.9805643082352
0.03138000  1448.769508907059
0.03140000  1448.5584535058824
0.03142000  1448.347398104706
0.03144000  1448.1363427035294
0.03146000  1447.925287302353
0.03148000  1447.7142319011764
0.03150000  1447.5031764999999
0.03152000  1447.2921210988236
0.03154000  1447.081065697647
0.03156000  1446.8700102964706
0.03158000  1446.658954895294
0.03160000  1446.4478994941176
0.03162000  1446.2368440929413
0.03164000  1446.0257886917648
0.03166000  1445.8147332905883
0.03168000  1445.6036778894118
0.03170000  1445.3926224882352
0.03172000  1445.1815670870587
0.03174000  1444.9705116858822
0.03176000  1444.759456284706
0.03178000  1444.5484008835294
0.03180000  1444.337345482353
0.03182000  1444.1262900811764
0.03184000  1443.91523468
0.03186000  1443.7041792788236
0.03188000  1443.4931238776471
0.03190000  1443.2820684764706
0.03192000  1443.071013075294
0.03194000  1442.8599576741176
0.03196000  1442.648902272941
0.03198000  1442.4378468717646
0.03200000  1442.2267914705883
0.03202000  1442.0157360694118
0.03204000  1441.8046806682353
0.03206000  1441.5936252670588
0.03208000  1441.3825698658823
0.03210000  1441.171514464706
0.03212000  1440.9604590635295
0.03214000  1440.749403662353
0.03216000  1440.5383482611765
0.03218000  1440.32729286
0.03220000  1440.1162374588234
0.03222000  1439.9051820576472
0.03224000  1439.6941266564706
0.03226000  1439.4830712552941
0.03228000  1439.2720158541176
0.03230000  1439.0609604529411
0.03232000  1438.8499050517646
0.03234000  1438.6388496505883
0.03236000  1438.4277942494118
0.03238000  1438.2167388482353
0.03240000  1438.0056834470588
0.03242000  1437.7946280458823
0.03244000  1437.5835726447058
0.03246000  1437.3725172435295
0.03248000  1437.161461842353
0.03250000  1436.9504064411765
0.03252000  1436.73935104
0.03254000  1436.5282956388235
0.03256000  1436.317240237647
0.03258000  1436.1061848364707
0.03260000  1435.8951294352942
0.03262000  1435.6840740341177
0.03264000  1435.4730186329411
0.03266000  1435.2619632317646
0.03268000  1435.0509078305881
0.03270000  1434.8398524294118
0.03272000  1434.6287970282353
0.03274000  1434.4177416270588
0.03276000  1434.2066862258823
0.03278000  1433.9956308247058
0.03280000  1433.7845754235293
0.03282000  1433.573520022353
0.03284000  1433.3624646211765
0.03286000  1433.15140922
0.03288000  1432.9403538188235
0.03290000  1432.729298417647
0.03292000  1432.5182430164705
0.03294000  1432.3071876152942
0.03296000  1432.0961322141177
0.03298000  1431.8850768129412
0.03300000  1431.6740214117647
0.03302000  1431.4629660105882
0.03304000  1431.2519106094117
0.03306000  1431.0408552082354
0.03308000  1430.8297998070589
0.03310000  1430.6187444058824
0.03312000  1430.4076890047058
0.03314000  1430.1966336035293
0.03316000  1429.9855782023528
0.03318000  1429.7745228011765
0.03320000  1429.5634674
0.03322000  1429.3524119988235
0.03324000  1429.141356597647
0.03326000  1428.9303011964705
0.03328000  1428.719245795294
0.03330000  1428.5081903941177
0.03332000  1428.2971349929412
0.03334000  1428.0860795917647
0.03336000  1427.8750241905882
0.03338000  1427.6639687894117
0.03340000  1427.4529133882352
0.03342000  1427.241857987059
0.03344000  1427.0308025858824
0.03346000  1426.8197471847059
0.03348000  1426.6086917835294
0.03350000  1426.3976363823529
0.03352000  1426.1865809811766
0.03354000  1425.97552558
0.03356000  1425.7644701788236
0.03358000  1425.553414777647
0.03360000  1425.3423593764705
0.03362000  1425.131303975294
0.03364000  1424.9202485741175
0.03366000  1424.7091931729412
0.03368000  1424.4981377717647
0.03370000  1424.2870823705882
0.03372000  1424.0760269694117
0.03374000  1423.8649715682352
0.03376000  1423.653916167059
0.03378000  1423.4428607658824
0.03380000  1423.231805364706
0.03382000  1423.0207499635294
0.03384000  1422.809694562353
0.03386000  1422.5986391611764
0.03388000  1422.3875837599999
0.03390000  1422.1765283588236
0.03392000  1421.965472957647
0.03394000  1421.7544175564706
0.03396000  1421.543362155294
0.03398000  1421.3323067541176
0.03400000  1421.1212513529413
0.03402000  1420.9101959517648
0.03404000  1420.6991405505883
0.03406000  1420.4880851494117
0.03408000  1420.2770297482352
0.03410000  1420.0659743470587
0.03412000  1419.8549189458822
0.03414000  1419.643863544706
0.03416000  1419.4328081435294
0.03418000  1419.221752742353
0.03420000  1419.0106973411764
0.03422000  1418.79964194
0.03424000  1418.5885865388236
0.03426000  1418.377531137647
0.03428000  1418.1664757364706
0.03430000  1417.955420335294
0.03432000  1417.7443649341176
0.03434000  1417.533309532941
0.03436000  1417.3222541317648
0.03438000  1417.1111987305883
0.03440000  1416.9001433294118
0.03442000  1416.6890879282353
0.03444000  1416.4780325270588
0.03446000  1416.2669771258822
0.03448000  1416.055921724706
0.03450000  1415.8448663235295
0.03452000  1415.633810922353
0.03454000  1415.4227555211764
0.03456000  1415.21170012
0.03458000  1415.0006447188234
0.03460000  1414.7895893176471
0.03462000  1414.5785339164706
0.03464000  1414.3674785152941
0.03466000  1414.1564231141176
0.03468000  1413.945367712941
0.03470000  1413.7343123117646
0.03472000  1413.5232569105883
0.03474000  1413.3122015094118
0.03476000  1413.1011461082353
0.03478000  1412.8900907070588
0.03480000  1412.6790353058823
0.03482000  1412.4679799047058
0.03484000  1412.2569245035295
0.03486000  1412.045869102353
0.03488000  1411.8348137011765
0.03490000  1411.6237583
0.03492000  1411.4127028988235
0.03494000  1411.201647497647
0.03496000  1410.9905920964707
0.03498000  1410.7795366952942
0.03500000  1410.5684812941176
0.03502000  1410.3574258929411
0.03504000  1410.1463704917646
0.03506000  1409.9353150905881
0.03508000  1409.7242596894118
0.03510000  1409.5132042882353
0.03512000  1409.3021488870588
0.03514000  1409.0910934858823
0.03516000  1408.8800380847058
0.03518000  1408.6689826835295
0.03520000  1408.457927282353
0.03522000  1408.2468718811765
0.03524000  1408.03581648
0.03526000  1407.8247610788235
0.03528000  1407.613705677647
0.03530000  1407.4026502764705
0.03532000  1407.1915948752942
0.03534000  1406.9805394741177
0.03536000  1406.7694840729412
0.03538000  1406.5584286717647
0.03540000  1406.3473732705882
0.03542000  1406.1363178694119
0.03544000  1405.9252624682354
0.03546000  1405.7142070670589
0.03548000  1405.5031516658823
0.03550000  1405.2920962647058
0.03552000  1405.0810408635293
0.03554000  1404.8699854623528
0.03556000  1404.6589300611765
0.03558000  1404.44787466
0.03560000  1404.2368192588235
0.03562000  1404.025763857647
0.03564000  1403.8147084564705
0.03566000  1403.6036530552942
0.03568000  1403.3925976541177
0.03570000  1403.1815422529412
0.03572000  1402.9704868517647
0.03574000  1402.7594314505882
0.03576000  1402.5483760494117
0.03578000  1402.3373206482352
0.03580000  1402.1262652470589
0.03582000  1401.9152098458824
0.03584000  1401.7041544447059
0.03586000  1401.4930990435294
0.03588000  1401.2820436423528
0.03590000  1401.0709882411766
0.03592000  1400.85993284
0.03594000  1400.6488774388235
0.03596000  1400.437822037647
0.03598000  1400.2267666364705
0.03600000  1400.015711235294
0.03602000  1399.8046558341175
0.03604000  1399.5936004329412
0.03606000  1399.3825450317647
0.03608000  1399.1714896305882
0.03610000  1398.9604342294117
0.03612000  1398.7493788282352
0.03614000  1398.538323427059
0.03616000  1398.3272680258824
0.03618000  1398.116212624706
0.03620000  1397.9051572235294
0.03622000  1397.6941018223529
0.03624000  1397.4830464211764
0.03626000  1397.2719910199999
0.03628000  1397.0609356188236
0.03630000  1396.849880217647
0.03632000  1396.6388248164706
0.03634000  1396.427769415294
0.03636000  1396.2167140141175
0.03638000  1396.0056586129413
0.03640000  1395.7946032117648
0.03642000  1395.5835478105882
0.03644000  1395.3724924094117
0.03646000  1395.1614370082352
0.03648000  1394.9503816070587
0.03650000  1394.7393262058822
0.03652000  1394.528270804706
0.03654000  1394.3172154035294
0.03656000  1394.106160002353
0.03658000  1393.8951046011764
0.03660000  1393.6840492
0.03662000  1393.4729937988236
0.03664000  1393.261938397647
0.03666000  1393.0508829964706
0.03668000  1392.839827595294
0.03670000  1392.6287721941176
0.03672000  1392.417716792941
0.03674000  1392.2066613917646
0.03676000  1391.9956059905883
0.03678000  1391.7845505894118
0.03680000  1391.5734951882353
0.03682000  1391.3624397870587
0.03684000  1391.1513843858822
0.03686000  1390.940328984706
0.03688000  1390.7292735835294
0.03690000  1390.518218182353
0.03692000  1390.3071627811764
0.03694000  1390.09610738
0.03696000  1389.8850519788234
0.03698000  1389.6739965776471
0.03700000  1389.4629411764706
0.03702000  1389.251885775294
0.03704000  1389.0408303741176
0.03706000  1388.829774972941
0.03708000  1388.6187195717646
0.03710000  1388.4076641705883
0.03712000  1388.1966087694118
0.03714000  1387.9855533682353
0.03716000  1387.7744979670588
0.03718000  1387.5634425658823
0.03720000  1387.3523871647058
0.03722000  1387.1413317635295
0.03724000  1386.930276362353
0.03726000  1386.7192209611765
0.03728000  1386.50816556
0.03730000  1386.2971101588234
0.03732000  1386.0860547576472
0.03734000  1385.8749993564707
0.03736000  1385.6639439552941
0.03738000  1385.4528885541176
0.03740000  1385.2418331529411
0.03742000  1385.0307777517646
0.03744000  1384.819722350588
0.03746000  1384.6086669494118
0.03748000  1384.3976115482353
0.03750000  1384.1865561470588
0.03752000  1383.9755007458823
0.03754000  1383.7644453447058
0.03756000  1383.5533899435295
0.03758000  1383.342334542353
0.03760000  1383.1312791411765
0.03762000  1382.92022374
0.03764000  1382.7091683388235
0.03766000  1382.498112937647
0.03768000  1382.2870575364705
0.03770000  1382.0760021352942
0.03772000  1381.8649467341177
0.03774000  1381.6538913329412
0.03776000  1381.4428359317646
0.03778000  1381.2317805305881
0.03780000  1381.0207251294119
0.03782000  1380.8096697282353
0.03784000  1380.5986143270588
0.03786000  1380.3875589258823
0.03788000  1380.1765035247058
0.03790000  1379.9654481235293
0.03792000  1379.7543927223528
0.03794000  1379.5433373211765
0.03796000  1379.33228192
0.03798000  1379.1212265188235
0.03800000  1378.910171117647
0.03802000  1378.6991157164705
0.03804000  1378.4880603152942
0.03806000  1378.2770049141177
0.03808000  1378.0659495129412
0.03810000  1377.8548941117647
0.03812000  1377.6438387105882
0.03814000  1377.4327833094117
0.03816000  1377.2217279082352
0.03818000  1377.0106725070589
0.03820000  1376.7996171058824
0.03822000  1376.5885617047059
0.03824000  1376.3775063035293
0.03826000  1376.1664509023528
0.03828000  1375.9553955011766
0.03830000  1375.7443401
0.03832000  1375.5332846988235
0.03834000  1375.322229297647
0.03836000  1375.1111738964705
0.03838000  1374.900118495294
0.03840000  1374.6890630941175
0.03842000  1374.4780076929412
0.03844000  1374.2669522917647
0.03846000  1374.0558968905882
0.03848000  1373.8448414894117
0.03850000  1373.6337860882352
0.03852000  1373.422730687059
0.03854000  1373.2116752858824
0.03856000  1373.0006198847059
0.03858000  1372.7895644835294
0.03860000  1372.5785090823529
0.03862000  1372.3674536811764
0.03864000  1372.1563982799998
0.03866000  1371.9453428788236
0.03868000  1371.734287477647
0.03870000  1371.5232320764705
0.03872000  1371.312176675294
0.03874000  1371.1011212741175
0.03876000  1370.8900658729412
0.03878000  1370.6790104717647
0.03880000  1370.4679550705882
0.03882000  1370.2568996694117
0.03884000  1370.0458442682352
0.03886000  1369.8347888670587
0.03888000  1369.6237334658822
0.03890000  1369.412678064706
0.03892000  1369.2016226635294
0.03894000  1368.990567262353
0.03896000  1368.7795118611764
0.03898000  1368.5684564599999
0.03900000  1368.3574010588236
0.03902000  1368.146345657647
0.03904000  1367.9352902564706
0.03906000  1367.724234855294
0.03908000  1367.5131794541176
0.03910000  1367.302124052941
0.03912000  1367.0910686517648
0.03914000  1366.8800132505883
0.03916000  1366.6689578494118
0.03918000  1366.4579024482352
0.03920000  1366.2468470470587
0.03922000  1366.0357916458822
0.03924000  1365.824736244706
0.03926000  1365.6136808435294
0.03928000  1365.402625442353
0.03930000  1365.1915700411764
0.03932000  1364.98051464
0.03934000  1364.7694592388234
0.03936000  1364.5584038376471
0.03938000  1364.3473484364706
0.03940000  1364.136293035294
0.03942000  1363.9252376341176
0.03944000  1363.714182232941
0.03946000  1363.5031268317648
0.03948000  1363.2920714305883
0.03950000  1363.0810160294118
0.03952000  1362.8699606282353
0.03954000  1362.6589052270588
0.03956000  1362.4478498258823
0.03958000  1362.2367944247057
0.03960000  1362.0257390235295
0.03962000  1361.814683622353
0.03964000  1361.6036282211765
0.03966000  1361.39257282
0.03968000  1361.1815174188234
0.03970000  1360.9704620176472
0.03972000  1360.7594066164706
0.03974000  1360.5483512152941
0.03976000  1360.3372958141176
0.03978000  1360.1262404129411
0.03980000  1359.9151850117646
0.03982000  1359.704129610588
0.03984000  1359.4930742094118
0.03986000  1359.2820188082353
0.03988000  1359.0709634070588
0.03990000  1358.8599080058823
0.03992000  1358.6488526047058
0.03994000  1358.4377972035295
0.03996000  1358.226741802353
0.03998000  1358.0156864011765
0.04000000  1357.804631
0.04002000  1356.299743
0.04004000  1354.913621
0.04006000  1353.634322
0.04008000  1352.449671
0.04010000  1351.276775
0.04012000  1349.875625
0.04014000  1347.996542
0.04016000  1345.466241
0.04018000  1342.087312
0.04020000  1337.639919
0.04022000  1331.594097
0.04024000  1322.357919
0.04026000  1307.984357
0.04028000  1286.038947
0.04030000  1253.109916
0.04032000  1204.581705
0.04034000  1134.982117
0.04036000  1039.7577
0.04038000  921.4373
0.04040000  795.118173
0.04042000  672.353365
0.04044000  552.175636
0.04046000  426.674171
0.04048000  293.97584
0.04050000  176.803626
0.04052000  103.4365
0.04054000  66.11279
0.04056000  50.099676
0.04058000  46.471996
0.04060000  54.672008
0.04062000  81.758509
0.04064000  144.317898
0.04066000  263.165588
0.04068000  437.437607
0.04070000  639.334172
0.04072000  837.35404
0.04074000  1011.044327
0.04076000  1152.550191
0.04078000  1262.012374
0.04080000  1342.945936
0.04082000  1400.786835
0.04084000  1441.397642
0.04086000  1469.809778
0.04088000  1489.777031
0.04090000  1503.912836
0.04092000  1514.001886
0.04094000  1521.25037
0.04096000  1526.48264
0.04098000  1530.274159
0.04100000  1533.026746
0.04102000  1535.022486
0.04104000  1536.465941
0.04106000  1537.503727
0.04108000  1538.241392
0.04110000  1538.760292
0.04112000  1539.117463
0.04114000  1539.356044
0.04116000  1539.506609
0.04118000  1539.593449
0.04120000  1539.631267
0.04122000  1539.632986
0.04124000  1539.609781
0.04126000  1539.56594
0.04128000  1539.509189
0.04130000  1539.442957
0.04132000  1539.371537
0.04134000  1539.297505
0.04136000  1539.223443
0.04138000  1539.151935
0.04140000  1539.085571
0.04142000  1539.023494
0.04144000  1538.964846
0.04146000  1538.910494
0.04148000  1538.859577
0.04150000  1538.811236
0.04152000  1538.766337
0.04154000  1538.724017
0.04156000  1538.68428
0.04158000  1538.646262
0.04160000  1538.609964
0.04162000  1538.575389
0.04164000  1538.541671
0.04166000  1538.508812
0.04168000  1538.477676
0.04170000  1538.446536
0.04172000  1538.416255
0.04174000  1538.385969
0.04176000  1538.357409
0.04178000  1538.328845
0.04180000  1538.300276
0.04182000  1538.272568
0.04184000  1538.244856
0.04186000  1538.218007
0.04188000  1538.192019
0.04190000  1538.165161
0.04192000  1538.140033
0.04194000  1538.114034
0.04196000  1538.088898
0.04198000  1538.064626
0.04200000  1538.040351
0.04202000  1538.016072
0.04204000  1537.992657
0.04206000  1537.969239
0.04208000  1537.945819
0.04210000  1537.923263
0.04212000  1537.900703
0.04214000  1537.879009
0.04216000  1537.857313
0.04218000  1537.836482
0.04220000  1537.81478
0.04222000  1537.793944
0.04224000  1537.773974
0.04226000  1537.754001
0.04228000  1537.734027
0.04230000  1537.714919
0.04232000  1537.69494
0.04234000  1537.676696
0.04236000  1537.657582
0.04238000  1537.639335
0.04240000  1537.621955
0.04242000  1537.603704
0.04244000  1537.586321
0.04246000  1537.568936
0.04248000  1537.552418
0.04250000  1537.535899
0.04252000  1537.519379
0.04254000  1537.503727
0.04256000  1537.487203
0.04258000  1537.472418
0.04260000  1537.456762
0.04262000  1537.441974
0.04264000  1537.427185
0.04266000  1537.412395
0.04268000  1537.398473
0.04270000  1537.384551
0.04272000  1537.370628
0.04274000  1537.356703
0.04276000  1537.343648
0.04278000  1537.330592
0.04280000  1537.317535
0.04282000  1537.305348
0.04284000  1537.293159
0.04286000  1537.28097
0.04288000  1537.26878
0.04290000  1537.257461
0.04292000  1537.245269
0.04294000  1537.233948
0.04296000  1537.222626
0.04298000  1537.212174
0.04300000  1537.201722
0.04302000  1536.9906665988235
0.04304000  1536.779611197647
0.04306000  1536.5685557964707
0.04308000  1536.3575003952942
0.04310000  1536.1464449941177
0.04312000  1535.9353895929412
0.04314000  1535.7243341917647
0.04316000  1535.5132787905882
0.04318000  1535.302223389412
0.04320000  1535.0911679882354
0.04322000  1534.8801125870589
0.04324000  1534.6690571858824
0.04326000  1534.4580017847059
0.04328000  1534.2469463835293
0.04330000  1534.035890982353
0.04332000  1533.8248355811766
0.04334000  1533.61378018
0.04336000  1533.4027247788235
0.04338000  1533.191669377647
0.04340000  1532.9806139764705
0.04342000  1532.7695585752942
0.04344000  1532.5585031741177
0.04346000  1532.3474477729412
0.04348000  1532.1363923717647
0.04350000  1531.9253369705882
0.04352000  1531.7142815694117
0.04354000  1531.5032261682354
0.04356000  1531.292170767059
0.04358000  1531.0811153658824
0.04360000  1530.870059964706
0.04362000  1530.6590045635294
0.04364000  1530.4479491623529
0.04366000  1530.2368937611766
0.04368000  1530.02583836
0.04370000  1529.8147829588236
0.04372000  1529.603727557647
0.04374000  1529.3926721564706
0.04376000  1529.181616755294
0.04378000  1528.9705613541178
0.04380000  1528.7595059529413
0.04382000  1528.5484505517647
0.04384000  1528.3373951505882
0.04386000  1528.1263397494117
0.04388000  1527.9152843482352
0.04390000  1527.704228947059
0.04392000  1527.4931735458824
0.04394000  1527.282118144706
0.04396000  1527.0710627435294
0.04398000  1526.860007342353
0.04400000  1526.6489519411764
0.04402000  1526.43789654
0.04404000  1526.2268411388236
0.04406000  1526.015785737647
0.04408000  1525.8047303364706
0.04410000  1525.593674935294
0.04412000  1525.3826195341176
0.04414000  1525.1715641329413
0.04416000  1524.9605087317648
0.04418000  1524.7494533305883
0.04420000  1524.5383979294118
0.04422000  1524.3273425282352
0.04424000  1524.1162871270587
0.04426000  1523.9052317258825
0.04428000  1523.694176324706
0.04430000  1523.4831209235294
0.04432000  1523.272065522353
0.04434000  1523.0610101211764
0.04436000  1522.84995472
0.04438000  1522.6388993188236
0.04440000  1522.4278439176471
0.04442000  1522.2167885164706
0.04444000  1522.005733115294
0.04446000  1521.7946777141176
0.04448000  1521.583622312941
0.04450000  1521.3725669117648
0.04452000  1521.1615115105883
0.04454000  1520.9504561094118
0.04456000  1520.7394007082353
0.04458000  1520.5283453070588
0.04460000  1520.3172899058823
0.04462000  1520.106234504706
0.04464000  1519.8951791035295
0.04466000  1519.684123702353
0.04468000  1519.4730683011765
0.04470000  1519.2620129
0.04472000  1519.0509574988234
0.04474000  1518.8399020976472
0.04476000  1518.6288466964706
0.04478000  1518.4177912952941
0.04480000  1518.2067358941176
0.04482000  1517.9956804929411
0.04484000  1517.7846250917646
0.04486000  1517.5735696905883
0.04488000  1517.3625142894118
0.04490000  1517.1514588882353
0.04492000  1516.9404034870588
0.04494000  1516.7293480858823
0.04496000  1516.5182926847058
0.04498000  1516.3072372835295
0.04500000  1516.096181882353
0.04502000  1515.8851264811765
0.04504000  1515.67407108
0.04506000  1515.4630156788235
0.04508000  1515.251960277647
0.04510000  1515.0409048764707
0.04512000  1514.8298494752942
0.04514000  1514.6187940741177
0.04516000  1514.4077386729412
0.04518000  1514.1966832717646
0.04520000  1513.9856278705884
0.04522000  1513.7745724694119
0.04524000  1513.5635170682353
0.04526000  1513.3524616670588
0.04528000  1513.1414062658823
0.04530000  1512.9303508647058
0.04532000  1512.7192954635295
0.04534000  1512.508240062353
0.04536000  1512.2971846611765
0.04538000  1512.08612926
0.04540000  1511.8750738588235
0.04542000  1511.664018457647
0.04544000  1511.4529630564707
0.04546000  1511.2419076552942
0.04548000  1511.0308522541177
0.04550000  1510.8197968529412
0.04552000  1510.6087414517647
0.04554000  1510.3976860505882
0.04556000  1510.1866306494119
0.04558000  1509.9755752482354
0.04560000  1509.7645198470589
0.04562000  1509.5534644458824
0.04564000  1509.3424090447058
0.04566000  1509.1313536435293
0.04568000  1508.920298242353
0.04570000  1508.7092428411765
0.04572000  1508.49818744
0.04574000  1508.2871320388235
0.04576000  1508.076076637647
0.04578000  1507.8650212364705
0.04580000  1507.6539658352942
0.04582000  1507.4429104341177
0.04584000  1507.2318550329412
0.04586000  1507.0207996317647
0.04588000  1506.8097442305882
0.04590000  1506.5986888294117
0.04592000  1506.3876334282354
0.04594000  1506.176578027059
0.04596000  1505.9655226258824
0.04598000  1505.7544672247059
0.04600000  1505.5434118235294
0.04602000  1505.3323564223529
0.04604000  1505.1213010211766
0.04606000  1504.91024562
0.04608000  1504.6991902188236
0.04610000  1504.488134817647
0.04612000  1504.2770794164705
0.04614000  1504.066024015294
0.04616000  1503.8549686141178
0.04618000  1503.6439132129412
0.04620000  1503.4328578117647
0.04622000  1503.2218024105882
0.04624000  1503.0107470094117
0.04626000  1502.7996916082352
0.04628000  1502.588636207059
0.04630000  1502.3775808058824
0.04632000  1502.166525404706
0.04634000  1501.9554700035294
0.04636000  1501.744414602353
0.04638000  1501.5333592011764
0.04640000  1501.3223038
0.04642000  1501.1112483988236
0.04644000  1500.900192997647
0.04646000  1500.6891375964706
0.04648000  1500.478082195294
0.04650000  1500.2670267941176
0.04652000  1500.0559713929413
0.04654000  1499.8449159917648
0.04656000  1499.6338605905883
0.04658000  1499.4228051894117
0.04660000  1499.2117497882352
0.04662000  1499.0006943870587
0.04664000  1498.7896389858824
0.04666000  1498.578583584706
0.04668000  1498.3675281835294
0.04670000  1498.156472782353
0.04672000  1497.9454173811764
0.04674000  1497.73436198
0.04676000  1497.5233065788236
0.04678000  1497.312251177647
0.04680000  1497.1011957764706
0.04682000  1496.890140375294
0.04684000  1496.6790849741176
0.04686000  1496.468029572941
0.04688000  1496.2569741717648
0.04690000  1496.0459187705883
0.04692000  1495.8348633694118
0.04694000  1495.6238079682353
0.04696000  1495.4127525670588
0.04698000  1495.2016971658823
0.04700000  1494.990641764706
0.04702000  1494.7795863635295
0.04704000  1494.568530962353
0.04706000  1494.3574755611764
0.04708000  1494.14642016
0.04710000  1493.9353647588234
0.04712000  1493.7243093576471
0.04714000  1493.5132539564706
0.04716000  1493.3021985552941
0.04718000  1493.0911431541176
0.04720000  1492.880087752941
0.04722000  1492.6690323517646
0.04724000  1492.4579769505883
0.04726000  1492.2469215494118
0.04728000  1492.0358661482353
0.04730000  1491.8248107470588
0.04732000  1491.6137553458823
0.04734000  1491.402699944706
0.04736000  1491.1916445435295
0.04738000  1490.980589142353
0.04740000  1490.7695337411765
0.04742000  1490.55847834
0.04744000  1490.3474229388235
0.04746000  1490.136367537647
0.04748000  1489.9253121364707
0.04750000  1489.7142567352942
0.04752000  1489.5032013341176
0.04754000  1489.2921459329411
0.04756000  1489.0810905317646
0.04758000  1488.8700351305883
0.04760000  1488.6589797294118
0.04762000  1488.4479243282353
0.04764000  1488.2368689270588
0.04766000  1488.0258135258823
0.04768000  1487.8147581247058
0.04770000  1487.6037027235295
0.04772000  1487.392647322353
0.04774000  1487.1815919211765
0.04776000  1486.97053652
0.04778000  1486.7594811188235
0.04780000  1486.548425717647
0.04782000  1486.3373703164707
0.04784000  1486.1263149152942
0.04786000  1485.9152595141177
0.04788000  1485.7042041129412
0.04790000  1485.4931487117647
0.04792000  1485.2820933105882
0.04794000  1485.0710379094119
0.04796000  1484.8599825082354
0.04798000  1484.6489271070589
0.04800000  1484.4378717058823
0.04802000  1484.2268163047058
0.04804000  1484.0157609035293
0.04806000  1483.804705502353
0.04808000  1483.5936501011765
0.04810000  1483.3825947
0.04812000  1483.1715392988235
0.04814000  1482.960483897647
0.04816000  1482.7494284964705
0.04818000  1482.5383730952942
0.04820000  1482.3273176941177
0.04822000  1482.1162622929412
0.04824000  1481.9052068917647
0.04826000  1481.6941514905882
0.04828000  1481.4830960894117
0.04830000  1481.2720406882354
0.04832000  1481.0609852870589
0.04834000  1480.8499298858824
0.04836000  1480.6388744847059
0.04838000  1480.4278190835294
0.04840000  1480.2167636823528
0.04842000  1480.0057082811766
0.04844000  1479.79465288
0.04846000  1479.5835974788235
0.04848000  1479.372542077647
0.04850000  1479.1614866764705
0.04852000  1478.950431275294
0.04854000  1478.7393758741177
0.04856000  1478.5283204729412
0.04858000  1478.3172650717647
0.04860000  1478.1062096705882
0.04862000  1477.8951542694117
0.04864000  1477.6840988682352
0.04866000  1477.473043467059
0.04868000  1477.2619880658824
0.04870000  1477.050932664706
0.04872000  1476.8398772635294
0.04874000  1476.6288218623529
0.04876000  1476.4177664611764
0.04878000  1476.20671106
0.04880000  1475.9956556588236
0.04882000  1475.784600257647
0.04884000  1475.5735448564706
0.04886000  1475.362489455294
0.04888000  1475.1514340541175
0.04890000  1474.9403786529413
0.04892000  1474.7293232517648
0.04894000  1474.5182678505882
0.04896000  1474.3072124494117
0.04898000  1474.0961570482352
0.04900000  1473.8851016470587
0.04902000  1473.6740462458824
0.04904000  1473.462990844706
0.04906000  1473.2519354435294
0.04908000  1473.040880042353
0.04910000  1472.8298246411764
0.04912000  1472.61876924
0.04914000  1472.4077138388236
0.04916000  1472.196658437647
0.04918000  1471.9856030364706
0.04920000  1471.774547635294
0.04922000  1471.5634922341176
0.04924000  1471.3524368329413
0.04926000  1471.1413814317648
0.04928000  1470.9303260305883
0.04930000  1470.7192706294118
0.04932000  1470.5082152282353
0.04934000  1470.2971598270587
0.04936000  1470.0861044258822
0.04938000  1469.875049024706
0.04940000  1469.6639936235294
0.04942000  1469.452938222353
0.04944000  1469.2418828211764
0.04946000  1469.03082742
0.04948000  1468.8197720188236
0.04950000  1468.6087166176471
0.04952000  1468.3976612164706
0.04954000  1468.1866058152941
0.04956000  1467.9755504141176
0.04958000  1467.764495012941
0.04960000  1467.5534396117646
0.04962000  1467.3423842105883
0.04964000  1467.1313288094118
0.04966000  1466.9202734082353
0.04968000  1466.7092180070588
0.04970000  1466.4981626058823
0.04972000  1466.287107204706
0.04974000  1466.0760518035295
0.04976000  1465.864996402353
0.04978000  1465.6539410011765
0.04980000  1465.4428856
0.04982000  1465.2318301988234
0.04984000  1465.020774797647
0.04986000  1464.8097193964707
0.04988000  1464.5986639952941
0.04990000  1464.3876085941176
0.04992000  1464.1765531929411
0.04994000  1463.9654977917646
0.04996000  1463.7544423905883
0.04998000  1463.5433869894118
0.05000000  1463.3323315882353
0.05002000  1463.1212761870588
0.05004000  1462.9102207858823
0.05006000  1462.6991653847058
0.05008000  1462.4881099835295
0.05010000  1462.277054582353
0.05012000  1462.0659991811765
0.05014000  1461.85494378
0.05016000  1461.6438883788235
0.05018000  1461.432832977647
0.05020000  1461.2217775764707
0.05022000  1461.0107221752942
0.05024000  1460.7996667741177
0.05026000  1460.5886113729412
0.05028000  1460.3775559717647
0.05030000  1460.1665005705881
0.05032000  1459.9554451694119
0.05034000  1459.7443897682354
0.05036000  1459.5333343670588
0.05038000  1459.3222789658823
0.05040000  1459.1112235647058
0.05042000  1458.9001681635293
0.05044000  1458.689112762353
0.05046000  1458.4780573611765
0.05048000  1458.26700196
0.05050000  1458.0559465588235
0.05052000  1457.844891157647
0.05054000  1457.6338357564705
0.05056000  1457.4227803552942
0.05058000  1457.2117249541177
0.05060000  1457.0006695529412
0.05062000  1456.7896141517647
0.05064000  1456.5785587505882
0.05066000  1456.3675033494117
0.05068000  1456.1564479482354
0.05070000  1455.9453925470589
0.05072000  1455.7343371458824
0.05074000  1455.5232817447059
0.05076000  1455.3122263435293
0.05078000  1455.1011709423528
0.05080000  1454.8901155411766
0.05082000  1454.67906014
0.05084000  1454.4680047388235
0.05086000  1454.256949337647
0.05088000  1454.0458939364705
0.05090000  1453.834838535294
0.05092000  1453.6237831341177
0.05094000  1453.4127277329412
0.05096000  1453.2016723317647
0.05098000  1452.9906169305882
0.05100000  1452.7795615294117
0.05102000  1452.5685061282352
0.05104000  1452.357450727059
0.05106000  1452.1463953258824
0.05108000  1451.9353399247059
0.05110000  1451.7242845235294
0.05112000  1451.5132291223529
0.05114000  1451.3021737211764
0.05116000  1451.09111832
0.05118000  1450.8800629188236
0.05120000  1450.669007517647
0.05122000  1450.4579521164706
0.05124000  1450.246896715294
0.05126000  1450.0358413141175
0.05128000  1449.8247859129413
0.05130000  1449.6137305117647
0.05132000  1449.4026751105882
0.05134000  1449.1916197094117
0.05136000  1448.9805643082352
0.05138000  1448.769508907059
0.05140000  1448.5584535058824
0.05142000  1448.347398104706
0.05144000  1448.1363427035294
0.05146000  1447.925287302353
0.05148000  1447.7142319011764
0.05150000  1447.5031764999999
0.05152000  1447.2921210988236
0.05154000  1447.081065697647
0.05156000  1446.8700102964706
0.05158000  1446.658954895294
0.05160000  1446.4478994941176
0.05162000  1446.2368440929413
0.05164000  1446.0257886917648
0.05166000  1445.8147332905883
0.05168000  1445.6036778894118
0.05170000  1445.3926224882352
0.05172000  1445.1815670870587
0.05174000  1444.9705116858822
0.05176000  1444.759456284706
0.05178000  1444.5484008835294
0.05180000  1444.337345482353
0.05182000  1444.1262900811764
0.05184000  1443.91523468
0.05186000  1443.7041792788236
0.05188000  1443.4931238776471
0.05190000  1443.2820684764706
0.05192000  1443.071013075294
0.05194000  1442.8599576741176
0.05196000  1442.648902272941
0.05198000  1442.4378468717646
0.05200000  1442.2267914705883
0.05202000  1442.0157360694118
0.05204000  1441.8046806682353
0.05206000  1441.5936252670588
0.05208000  1441.3825698658823
0.05210000  1441.171514464706
0.05212000  1440.9604590635295
0.05214000  1440.749403662353
0.05216000  1440.5383482611765
0.05218000  1440.32729286
0.05220000  1440.1162374588234
0.05222000  1439.9051820576472
0.05224000  1439.6941266564706
0.05226000  1439.4830712552941
0.05228000  1439.2720158541176
0.05230000  1439.0609604529411
0.05232000  1438.8499050517646
0.05234000  1438.6388496505883
0.05236000  1438.4277942494118
0.05238000  1438.2167388482353
0.05240000  1438.0056834470588
0.05242000  1437.7946280458823
0.05244000  1437.5835726447058
0.05246000  1437.3725172435295
0.05248000  1437.161461842353
0.05250000  1436.9504064411765
0.05252000  1436.73935104
0.05254000  1436.5282956388235
0.05256000  1436.317240237647
0.05258000  1436.1061848364707
0.05260000  1435.8951294352942
0.05262000  1435.6840740341177
0.05264000  1435.4730186329411
0.05266000  1435.2619632317646
0.05268000  1435.0509078305881
0.05270000  1434.8398524294118
0.05272000  1434.6287970282353
0.05274000  1434.4177416270588
0.05276000  1434.2066862258823
0.05278000  1433.9956308247058
0.05280000  1433.7845754235293
0.05282000  1433.573520022353
0.05284000  1433.3624646211765
0.05286000  1433.15140922
0.05288000  1432.9403538188235
0.05290000  1432.729298417647
0.05292000  1432.5182430164705
0.05294000  1432.3071876152942
0.05296000  1432.0961322141177
0.05298000  1431.8850768129412
0.05300000  1431.6740214117647
0.05302000  1431.4629660105882
0.05304000  1431.2519106094117
0.05306000  1431.0408552082354
0.05308000  1430.8297998070589
0.05310000  1430.6187444058824
0.05312000  1430.4076890047058
0.05314000  1430.1966336035293
0.05316000  1429.9855782023528
0.05318000  1429.7745228011765
0.05320000  1429.5634674
0.05322000  1429.3524119988235
0.05324000  1429.141356597647
0.05326000  1428.9303011964705
0.05328000  1428.719245795294
0.05330000  1428.5081903941177
0.05332000  1428.2971349929412
0.05334000  1428.0860795917647
0.05336000  1427.8750241905882
0.05338000  1427.6639687894117
0.05340000  1427.4529133882352
0.05342000  1427.241857987059
0.05344000  1427.0308025858824
0.05346000  1426.8197471847059
0.05348000  1426.6086917835294
0.05350000  1426.3976363823529
0.05352000  1426.1865809811766
0.05354000  1425.97552558
0.05356000  1425.7644701788236
0.05358000  1425.553414777647
0.05360000  1425.3423593764705
0.05362000  1425.131303975294
0.05364000  1424.9202485741175
0.05366000  1424.7091931729412
0.05368000  1424.4981377717647
0.05370000  1424.2870823705882
0.05372000  1424.0760269694117
0.05374000  1423.8649715682352
0.05376000  1423.653916167059
0.05378000  1423.4428607658824
0.05380000  1423.231805364706
0.05382000  1423.0207499635294
0.05384000  1422.809694562353
0.05386000  1422.5986391611764
0.05388000  1422.3875837599999
0.05390000  1422.1765283588236
0.05392000  1421.965472957647
0.05394000  1421.7544175564706
0.05396000  1421.543362155294
0.05398000  1421.3323067541176
0.05400000  1421.1212513529413
0.05402000  1420.9101959517648
0.05404000  1420.6991405505883
0.05406000  1420.4880851494117
0.05408000  1420.2770297482352
0.05410000  1420.0659743470587
0.05412000  1419.8549189458822
0.05414000  1419.643863544706
0.05416000  1419.4328081435294
0.05418000  1419.221752742353
0.05420000  1419.0106973411764
0.05422000  1418.79964194
0.05424000  1418.5885865388236
0.05426000  1418.377531137647
0.05428000  1418.1664757364706
0.05430000  1417.955420335294
0.05432000  1417.7443649341176
0.05434000  1417.533309532941
0.05436000  1417.3222541317648
0.05438000  1417.1111987305883
0.05440000  1416.9001433294118
0.05442000  1416.6890879282353
0.05444000  1416.4780325270588
0.05446000  1416.2669771258822
0.05448000  1416.055921724706
0.05450000  1415.8448663235295
0.05452000  1415.633810922353
0.05454000  1415.4227555211764
0.05456000  1415.21170012
0.05458000  1415.0006447188234
0.05460000  1414.7895893176471
0.05462000  1414.5785339164706
0.05464000  1414.3674785152941
0.05466000  1414.1564231141176
0.05468000  1413.945367712941
0.05470000  1413.7343123117646
0.05472000  1413.5232569105883
0.05474000  1413.3122015094118
0.05476000  1413.1011461082353
0.05478000  1412.8900907070588
0.05480000  1412.6790353058823
0.05482000  1412.4679799047058
0.05484000  1412.2569245035295
0.05486000  1412.045869102353
0.05488000  1411.8348137011765
0.05490000  1411.6237583
0.05492000  1411.4127028988235
0.05494000  1411.201647497647
0.05496000  1410.9905920964707
0.05498000  1410.7795366952942
0.05500000  1410.5684812941176
0.05502000  1410.3574258929411
0.05504000  1410.1463704917646
0.05506000  1409.9353150905881
0.05508000  1409.7242596894118
0.05510000  1409.5132042882353
0.05512000  1409.3021488870588
0.05514000  1409.0910934858823
0.05516000  1408.8800380847058
0.05518000  1408.6689826835295
0.05520000  1408.457927282353
0.05522000  1408.2468718811765
0.05524000  1408.03581648
0.05526000  1407.8247610788235
0.05528000  1407.613705677647
0.05530000  1407.4026502764705
0.05532000  1407.1915948752942
0.05534000  1406.9805394741177
0.05536000  1406.7694840729412
0.05538000  1406.5584286717647
0.05540000  1406.3473732705882
0.05542000  1406.1363178694119
0.05544000  1405.9252624682354
0.05546000  1405.7142070670589
0.05548000  1405.5031516658823
0.05550000  1405.2920962647058
0.05552000  1405.0810408635293
0.05554000  1404.8699854623528
0.05556000  1404.6589300611765
0.05558000  1404.44787466
0.05560000  1404.2368192588235
0.05562000  1404.025763857647
0.05564000  1403.8147084564705
0.05566000  1403.6036530552942
0.05568000  1403.3925976541177
0.05570000  1403.1815422529412
0.05572000  1402.9704868517647
0.05574000  1402.7594314505882
0.05576000  1402.5483760494117
0.05578000  1402.3373206482352
0.05580000  1402.1262652470589
0.05582000  1401.9152098458824
0.05584000  1401.7041544447059
0.05586000  1401.4930990435294
0.05588000  1401.2820436423528
0.05590000  1401.0709882411766
0.05592000  1400.85993284
0.05594000  1400.6488774388235
0.05596000  1400.437822037647
0.05598000  1400.2267666364705
0.05600000  1400.015711235294
0.05602000  1399.8046558341175
0.05604000  1399.5936004329412
0.05606000  1399.3825450317647
0.05608000  1399.1714896305882
0.05610000  1398.9604342294117
0.05612000  1398.7493788282352
0.05614000  1398.538323427059
0.05616000  1398.3272680258824
0.05618000  1398.116212624706
0.05620000  1397.9051572235294
0.05622000  1397.6941018223529
0.05624000  1397.4830464211764
0.05626000  1397.2719910199999
0.05628000  1397.0609356188236
0.05630000  1396.849880217647
0.05632000  1396.6388248164706
0.05634000  1396.427769415294
0.05636000  1396.2167140141175
0.05638000  1396.0056586129413
0.05640000  1395.7946032117648
0.05642000  1395.5835478105882
0.05644000  1395.3724924094117
0.05646000  1395.1614370082352
0.05648000  1394.9503816070587
0.05650000  1394.7393262058822
0.05652000  1394.528270804706
0.05654000  1394.3172154035294
0.05656000  1394.106160002353
0.05658000  1393.8951046011764
0.05660000  1393.6840492
0.05662000  1393.4729937988236
0.05664000  1393.261938397647
0.05666000  1393.0508829964706
0.05668000  1392.839827595294
0.05670000  1392.6287721941176
0.05672000  1392.417716792941
0.05674000  1392.2066613917646
0.05676000  1391.9956059905883
0.05678000  1391.7845505894118
0.05680000  1391.5734951882353
0.05682000  1391.3624397870587
0.05684000  1391.1513843858822
0.05686000  1390.940328984706
0.05688000  1390.7292735835294
0.05690000  1390.518218182353
0.05692000  1390.3071627811764
0.05694000  1390.09610738
0.05696000  1389.8850519788234
0.05698000  1389.6739965776471
0.05700000  1389.4629411764706
0.05702000  1389.251885775294
0.05704000  1389.0408303741176
0.05706000  1388.829774972941
0.05708000  1388.6187195717646
0.05710000  1388.4076641705883
0.05712000  1388.1966087694118
0.05714000  1387.9855533682353
0.05716000  1387.7744979670588
0.05718000  1387.5634425658823
0.05720000  1387.3523871647058
0.05722000  1387.1413317635295
0.05724000  1386.930276362353
0.05726000  1386.7192209611765
0.05728000  1386.50816556
0.05730000  1386.2971101588234
0.05732000  1386.0860547576472
0.05734000  1385.8749993564707
0.05736000  1385.6639439552941
0.05738000  1385.4528885541176
0.05740000  1385.2418331529411
0.05742000  1385.0307777517646
0.05744000  1384.819722350588
0.05746000  1384.6086669494118
0.05748000  1384.3976115482353
0.05750000  1384.1865561470588
0.05752000  1383.9755007458823
0.05754000  1383.7644453447058
0.05756000  1383.5533899435295
0.05758000  1383.342334542353
0.05760000  1383.1312791411765
0.05762000  1382.92022374
0.05764000  1382.7091683388235
0.05766000  1382.498112937647
0.05768000  1382.2870575364705
0.05770000  1382.0760021352942
0.05772000  1381.8649467341177
0.05774000  1381.6538913329412
0.05776000  1381.4428359317646
0.05778000  1381.2317805305881
0.05780000  1381.0207251294119
0.05782000  1380.8096697282353
0.05784000  1380.5986143270588
0.05786000  1380.3875589258823
0.05788000  1380.1765035247058
0.05790000  1379.9654481235293
0.05792000  1379.7543927223528
0.05794000  1379.5433373211765
0.05796000  1379.33228192
0.05798000  1379.1212265188235
0.05800000  1378.910171117647
0.05802000  1378.6991157164705
0.05804000  1378.4880603152942
0.05806000  1378.2770049141177
0.05808000  1378.0659495129412
0.05810000  1377.8548941117647
0.05812000  1377.6438387105882
0.05814000  1377.4327833094117
0.05816000  1377.2217279082352
0.05818000  1377.0106725070589
0.05820000  1376.7996171058824
0.05822000  1376.5885617047059
0.05824000  1376.3775063035293
0.05826000  1376.1664509023528
0.05828000  1375.9553955011766
0.05830000  1375.7443401
0.05832000  1375.5332846988235
0.05834000  1375.322229297647
0.05836000  1375.1111738964705
0.05838000  1374.900118495294
0.05840000  1374.6890630941175
0.05842000  1374.4780076929412
0.05844000  1374.2669522917647
0.05846000  1374.0558968905882
0.05848000  1373.8448414894117
0.05850000  1373.6337860882352
0.05852000  1373.422730687059
0.05854000  1373.2116752858824
0.05856000  1373.0006198847059
0.05858000  1372.7895644835294
0.05860000  1372.5785090823529
0.05862000  1372.3674536811764
0.05864000  1372.1563982799998
0.05866000  1371.9453428788236
0.05868000  1371.734287477647
0.05870000  1371.5232320764705
0.05872000  1371.312176675294
0.05874000  1371.1011212741175
0.05876000  1370.8900658729412
0.05878000  1370.6790104717647
0.05880000  1370.4679550705882
0.05882000  1370.2568996694117
0.05884000  1370.0458442682352
0.05886000  1369.8347888670587
0.05888000  1369.6237334658822
0.05890000  1369.412678064706
0.05892000  1369.2016226635294
0.05894000  1368.990567262353
0.05896000  1368.7795118611764
0.05898000  1368.5684564599999
0.05900000  1368.3574010588236
0.05902000  1368.146345657647
0.05904000  1367.9352902564706
0.05906000  1367.724234855294
0.05908000  1367.5131794541176
0.05910000  1367.302124052941
0.05912000  1367.0910686517648
0.05914000  1366.8800132505883
0.05916000  1366.6689578494118
0.05918000  1366.4579024482352
0.05920000  1366.2468470470587
0.05922000  1366.0357916458822
0.05924000  1365.824736244706
0.05926000  1365.6136808435294
0.05928000  1365.402625442353
0.05930000  1365.1915700411764
0.05932000  1364.98051464
0.05934000  1364.7694592388234
0.05936000  1364.5584038376471
0.05938000  1364.3473484364706
0.05940000  1364.136293035294
0.05942000  1363.9252376341176
0.05944000  1363.714182232941
0.05946000  1363.5031268317648
0.05948000  1363.2920714305883
0.05950000  1363.0810160294118
0.05952000  1362.8699606282353
0.05954000  1362.6589052270588
0.05956000  1362.4478498258823
0.05958000  1362.2367944247057
0.05960000  1362.0257390235295
0.05962000  1361.814683622353
0.05964000  1361.6036282211765
0.05966000  1361.39257282
0.05968000  1361.1815174188234
0.05970000  1360.9704620176472
0.05972000  1360.7594066164706
0.05974000  1360.5483512152941
0.05976000  1360.3372958141176
0.05978000  1360.1262404129411
0.05980000  1359.9151850117646
0.05982000  1359.704129610588
0.05984000  1359.4930742094118
0.05986000  1359.2820188082353
0.05988000  1359.0709634070588
0.05990000  1358.8599080058823
0.05992000  1358.6488526047058
0.05994000  1358.4377972035295
0.05996000  1358.226741802353
0.05998000  1358.0156864011765
0.06000000  1357.804631
0.06002000  1356.299743
0.06004000  1354.913621
0.06006000  1353.634322
0.06008000  1352.449671
0.06010000  1351.276775
0.06012000  1349.875625
0.06014000  1347.996542
0.06016000  1345.466241
0.06018000  1342.087312
0.06020000  1337.639919
0.06022000  1331.594097
0.06024000  1322.357919
0.06026000  1307.984357
0.06028000  1286.038947
0.06030000  1253.109916
0.06032000  1204.581705
0.06034000  1134.982117
0.06036000  1039.7577
0.06038000  921.4373
0.06040000  795.118173
0.06042000  672.353365
0.06044000  552.175636
0.06046000  426.674171
0.06048000  293.97584
0.06050000  176.803626
0.06052000  103.4365
0.06054000  66.11279
0.06056000  50.099676
0.06058000  46.471996
0.06060000  54.672008
0.06062000  81.758509
0.06064000  144.317898
0.06066000  263.165588
0.06068000  437.437607
0.06070000  639.334172
0.06072000  837.35404
0.06074000  1011.044327
0.06076000  1152.550191
0.06078000  1262.012374
0.06080000  1342.945936
0.06082000  1400.786835
0.06084000  1441.397642
0.06086000  1469.809778
0.06088000  1489.777031
0.06090000  1503.912836
0.06092000  1514.001886
0.06094000  1521.25037
0.06096000  1526.48264
0.06098000  1530.274159
0.06100000  1533.026746
0.06102000  1535.022486
0.06104000  1536.465941
0.06106000  1537.503727
0.06108000  1538.241392
0.06110000  1538.760292
0.06112000  1539.117463
0.06114000  1539.356044
0.06116000  1539.506609
0.06118000  1539.593449
0.06120000  1539.631267
0.06122000  1539.632986
0.06124000  1539.609781
0.06126000  1539.56594
0.06128000  1539.509189
0.06130000  1539.442957
0.06132000  1539.371537
0.06134000  1539.297505
0.06136000  1539.223443
0.06138000  1539.151935
0.06140000  1539.085571
0.06142000  1539.023494
0.06144000  1538.964846
0.06146000  1538.910494
0.06148000  1538.859577
0.06150000  1538.811236
0.06152000  1538.766337
0.06154000  1538.724017
0.06156000  1538.68428
0.06158000  1538.646262
0.06160000  1538.609964
0.06162000  1538.575389
0.06164000  1538.541671
0.06166000  1538.508812
0.06168000  1538.477676
0.06170000  1538.446536
0.06172000  1538.416255
0.06174000  1538.385969
0.06176000  1538.357409
0.06178000  1538.328845
0.06180000  1538.300276
0.06182000  1538.272568
0.06184000  1538.244856
0.06186000  1538.218007
0.06188000  1538.192019
0.06190000  1538.165161
0.06192000  1538.140033
0.06194000  1538.114034
0.06196000  1538.088898
0.06198000  1538.064626
0.06200000  1538.040351
0.06202000  1538.016072
0.06204000  1537.992657
0.06206000  1537.969239
0.06208000  1537.945819
0.06210000  1537.923263
0.06212000  1537.900703
0.06214000  1537.879009
0.06216000  1537.857313
0.06218000  1537.836482
0.06220000  1537.81478
0.06222000  1537.793944
0.06224000  1537.773974
0.06226000  1537.754001
0.06228000  1537.734027
0.06230000  1537.714919
0.06232000  1537.69494
0.06234000  1537.676696
0.06236000  1537.657582
0.06238000  1537.639335
0.06240000  1537.621955
0.06242000  1537.603704
0.06244000  1537.586321
0.06246000  1537.568936
0.06248000  1537.552418
0.06250000  1537.535899
0.06252000  1537.519379
0.06254000  1537.503727
0.06256000  1537.487203
0.06258000  1537.472418
0.06260000  1537.456762
0.06262000  1537.441974
0.06264000  1537.427185
0.06266000  1537.412395
0.06268000  1537.398473
0.06270000  1537.384551
0.06272000  1537.370628
0.06274000  1537.356703
0.06276000  1537.343648
0.06278000  1537.330592
0.06280000  1537.317535
0.06282000  1537.305348
0.06284000  1537.293159
0.06286000  1537.28097
0.06288000  1537.26878
0.06290000  1537.257461
0.06292000  1537.245269
0.06294000  1537.233948
0.06296000  1537.222626
0.06298000  1537.212174
0.06300000  1537.201722
