0.00000000  1357.794927
0.00002000  1356.29163
0.00004000  1354.903857
0.00006000  1353.62453
0.00008000  1352.439855
0.00010000  1351.266934
0.00012000  1349.865755
0.00014000  1347.986633
0.00016000  1345.456279
0.00018000  1342.07728
0.00020000  1337.629796
0.00022000  1331.583852
0.00024000  1322.345751
0.00026000  1307.971864
0.00028000  1286.014858
0.00030000  1253.059235
0.00032000  1204.463298
0.00034000  1134.705302
0.00036000  1039.157846
0.00038000  920.276048
0.00040000  793.140071
0.00042000  669.311096
0.00044000  547.922095
0.00046000  421.556817
0.00048000  288.809868
0.00050000  172.408662
0.00052000  99.814985
0.00054000  62.859117
0.00056000  46.699883
0.00058000  42.351158
0.00060000  48.561917
0.00062000  70.657821
0.00064000  121.838491
0.00066000  219.926005
0.00068000  368.349558
0.00070000  549.841989
0.00072000  739.653457
0.00074000  916.69325
0.00076000  1069.05812
0.00078000  1192.446332
0.00080000  1287.005452
0.00082000  1356.431151
0.00084000  1406.198201
0.00086000  1441.61294
0.00088000  1466.890238
0.00090000  1485.062323
0.00092000  1498.242624
0.00094000  1507.879571
0.00096000  1514.971983
0.00098000  1520.222738
0.00100000  1524.125953
0.00102000  1527.03318
0.00104000  1529.200786
0.00106000  1530.813101
0.00108000  1532.008288
0.00110000  1532.890378
0.00112000  1533.537463
0.00114000  1534.006907
0.00116000  1534.341628
0.00118000  1534.573277
0.00120000  1534.72696
0.00122000  1534.821403
0.00124000  1534.86993
0.00126000  1534.884045
0.00128000  1534.872577
0.00130000  1534.843463
0.00132000  1534.801107
0.00134000  1534.749914
0.00136000  1534.696057
0.00138000  1534.643068
0.00140000  1534.591832
0.00142000  1534.544116
0.00144000  1534.499039
0.00146000  1534.457489
0.00148000  1534.419466
0.00150000  1534.384089
0.00152000  1534.35136
0.00154000  1534.322164
0.00156000  1534.295618
0.00158000  1534.270838
0.00160000  1534.247825
0.00162000  1534.22658
0.00164000  1534.207104
0.00166000  1534.188511
0.00168000  1534.170801
0.00170000  1534.153975
0.00172000  1534.137148
0.00174000  1534.121205
0.00176000  1534.106147
0.00178000  1534.091973
0.00180000  1534.077798
0.00182000  1534.063622
0.00184000  1534.050331
0.00186000  1534.037925
0.00188000  1534.024633
0.00190000  1534.012225
0.00192000  1534.000703
0.00194000  1533.98918
0.00196000  1533.977657
0.00198000  1533.966133
0.00200000  1533.955495
0.00202000  1533.944856
0.00204000  1533.934216
0.00206000  1533.924463
0.00208000  1533.914709
0.00210000  1533.904955
0.00212000  1533.896087
0.00214000  1533.887218
0.00216000  1533.878349
0.00218000  1533.86948
0.00220000  1533.861497
0.00222000  1533.853514
0.00224000  1533.84553
0.00226000  1533.838434
0.00228000  1533.831337
0.00230000  1533.82424
0.00232000  1533.817142
0.00234000  1533.810932
0.00236000  1533.804721
0.00238000  1533.79851
0.00240000  1533.792299
0.00242000  1533.786975
0.00244000  1533.78165
0.00246000  1533.776326
0.00248000  1533.771002
0.00250000  1533.766564
0.00252000  1533.76124
0.00254000  1533.756802
0.00256000  1533.753252
0.00258000  1533.748815
0.00260000  1533.745265
0.00262000  1533.741714
0.00264000  1533.738164
0.00266000  1533.734614
0.00268000  1533.731951
0.00270000  1533.7284
0.00272000  1533.725737
0.00274000  1533.723075
0.00276000  1533.721299
0.00278000  1533.718636
0.00280000  1533.716861
0.00282000  1533.715086
0.00284000  1533.71331
0.00286000  1533.711535
0.00288000  1533.710647
0.00290000  1533.708872
0.00292000  1533.707984
0.00294000  1533.707096
0.00296000  1533.706208
0.00298000  1533.705321
0.00300000  1533.704433
0.00302000  1533.49748064
0.00304000  1533.2905282800002
0.00306000  1533.0835759200002
0.00308000  1532.87662356
0.00310000  1532.6696712
0.00312000  1532.4627188400002
0.00314000  1532.2557664800001
0.00316000  1532.04881412
0.00318000  1531.84186176
0.00320000  1531.6349094000002
0.00322000  1531.4279570400001
0.00324000  1531.22100468
0.00326000  1531.01405232
0.00328000  1530.8070999600002
0.00330000  1530.6001476000001
0.00332000  1530.39319524
0.00334000  1530.18624288
0.00336000  1529.9792905200002
0.00338000  1529.7723381600001
0.00340000  1529.5653858
0.00342000  1529.35843344
0.00344000  1529.1514810800002
0.00346000  1528.94452872
0.00348000  1528.73757636
0.00350000  1528.530624
0.00352000  1528.3236716400002
0.00354000  1528.11671928
0.00356000  1527.90976692
0.00358000  1527.7028145600002
0.00360000  1527.4958622000001
0.00362000  1527.28890984
0.00364000  1527.08195748
0.00366000  1526.8750051200002
0.00368000  1526.6680527600001
0.00370000  1526.4611004
0.00372000  1526.25414804
0.00374000  1526.0471956800002
0.00376000  1525.8402433200001
0.00378000  1525.63329096
0.00380000  1525.4263386
0.00382000  1525.2193862400002
0.00384000  1525.0124338800001
0.00386000  1524.80548152
0.00388000  1524.59852916
0.00390000  1524.3915768000002
0.00392000  1524.18462444
0.00394000  1523.97767208
0.00396000  1523.77071972
0.00398000  1523.5637673600002
0.00400000  1523.356815
0.00402000  1523.14986264
0.00404000  1522.9429102800002
0.00406000  1522.7359579200001
0.00408000  1522.52900556
0.00410000  1522.3220532
0.00412000  1522.1151008400002
0.00414000  1521.9081484800001
0.00416000  1521.70119612
0.00418000  1521.49424376
0.00420000  1521.2872914000002
0.00422000  1521.0803390400001
0.00424000  1520.87338668
0.00426000  1520.66643432
0.00428000  1520.4594819600002
0.00430000  1520.2525296000001
0.00432000  1520.04557724
0.00434000  1519.83862488
0.00436000  1519.6316725200002
0.00438000  1519.42472016
0.00440000  1519.2177678
0.00442000  1519.01081544
0.00444000  1518.8038630800002
0.00446000  1518.59691072
0.00448000  1518.38995836
0.00450000  1518.1830060000002
0.00452000  1517.9760536400001
0.00454000  1517.76910128
0.00456000  1517.56214892
0.00458000  1517.3551965600002
0.00460000  1517.1482442000001
0.00462000  1516.94129184
0.00464000  1516.73433948
0.00466000  1516.5273871200002
0.00468000  1516.3204347600001
0.00470000  1516.1134824
0.00472000  1515.90653004
0.00474000  1515.6995776800002
0.00476000  1515.4926253200001
0.00478000  1515.28567296
0.00480000  1515.0787206
0.00482000  1514.8717682400002
0.00484000  1514.66481588
0.00486000  1514.45786352
0.00488000  1514.25091116
0.00490000  1514.0439588000002
0.00492000  1513.83700644
0.00494000  1513.63005408
0.00496000  1513.42310172
0.00498000  1513.2161493600001
0.00500000  1513.009197
0.00502000  1512.80224464
0.00504000  1512.5952922800002
0.00506000  1512.3883399200001
0.00508000  1512.18138756
0.00510000  1511.9744352
0.00512000  1511.7674828400002
0.00514000  1511.5605304800001
0.00516000  1511.35357812
0.00518000  1511.14662576
0.00520000  1510.9396734000002
0.00522000  1510.7327210400001
0.00524000  1510.52576868
0.00526000  1510.31881632
0.00528000  1510.1118639600002
0.00530000  1509.9049116
0.00532000  1509.69795924
0.00534000  1509.49100688
0.00536000  1509.2840545200002
0.00538000  1509.07710216
0.00540000  1508.8701498
0.00542000  1508.66319744
0.00544000  1508.4562450800001
0.00546000  1508.24929272
0.00548000  1508.04234036
0.00550000  1507.835388
0.00552000  1507.6284356400001
0.00554000  1507.42148328
0.00556000  1507.21453092
0.00558000  1507.0075785600002
0.00560000  1506.8006262000001
0.00562000  1506.59367384
0.00564000  1506.38672148
0.00566000  1506.1797691200002
0.00568000  1505.9728167600001
0.00570000  1505.7658644
0.00572000  1505.55891204
0.00574000  1505.3519596800002
0.00576000  1505.14500732
0.00578000  1504.93805496
0.00580000  1504.7311026
0.00582000  1504.5241502400002
0.00584000  1504.31719788
0.00586000  1504.11024552
0.00588000  1503.90329316
0.00590000  1503.6963408000001
0.00592000  1503.48938844
0.00594000  1503.28243608
0.00596000  1503.07548372
0.00598000  1502.8685313600001
0.00600000  1502.661579
0.00602000  1502.45462664
0.00604000  1502.2476742800002
0.00606000  1502.0407219200001
0.00608000  1501.83376956
0.00610000  1501.6268172
0.00612000  1501.4198648400002
0.00614000  1501.21291248
0.00616000  1501.00596012
0.00618000  1500.79900776
0.00620000  1500.5920554000002
0.00622000  1500.38510304
0.00624000  1500.17815068
0.00626000  1499.97119832
0.00628000  1499.7642459600002
0.00630000  1499.5572936
0.00632000  1499.35034124
0.00634000  1499.14338888
0.00636000  1498.9364365200001
0.00638000  1498.72948416
0.00640000  1498.5225318
0.00642000  1498.31557944
0.00644000  1498.1086270800001
0.00646000  1497.90167472
0.00648000  1497.69472236
0.00650000  1497.4877700000002
0.00652000  1497.2808176400001
0.00654000  1497.07386528
0.00656000  1496.86691292
0.00658000  1496.6599605600002
0.00660000  1496.4530082
0.00662000  1496.24605584
0.00664000  1496.03910348
0.00666000  1495.8321511200002
0.00668000  1495.62519876
0.00670000  1495.4182464
0.00672000  1495.21129404
0.00674000  1495.0043416800002
0.00676000  1494.79738932
0.00678000  1494.59043696
0.00680000  1494.3834846
0.00682000  1494.1765322400001
0.00684000  1493.96957988
0.00686000  1493.76262752
0.00688000  1493.55567516
0.00690000  1493.3487228000001
0.00692000  1493.14177044
0.00694000  1492.93481808
0.00696000  1492.72786572
0.00698000  1492.5209133600001
0.00700000  1492.313961
0.00702000  1492.10700864
0.00704000  1491.9000562800002
0.00706000  1491.69310392
0.00708000  1491.48615156
0.00710000  1491.2791992
0.00712000  1491.0722468400002
0.00714000  1490.86529448
0.00716000  1490.65834212
0.00718000  1490.45138976
0.00720000  1490.2444374000002
0.00722000  1490.03748504
0.00724000  1489.83053268
0.00726000  1489.62358032
0.00728000  1489.4166279600001
0.00730000  1489.2096756
0.00732000  1489.00272324
0.00734000  1488.79577088
0.00736000  1488.5888185200001
0.00738000  1488.38186616
0.00740000  1488.1749138
0.00742000  1487.96796144
0.00744000  1487.7610090800001
0.00746000  1487.55405672
0.00748000  1487.34710436
0.00750000  1487.140152
0.00752000  1486.93319964
0.00754000  1486.72624728
0.00756000  1486.51929492
0.00758000  1486.3123425600002
0.00760000  1486.1053902
0.00762000  1485.89843784
0.00764000  1485.69148548
0.00766000  1485.4845331200002
0.00768000  1485.27758076
0.00770000  1485.0706284
0.00772000  1484.86367604
0.00774000  1484.6567236800001
0.00776000  1484.44977132
0.00778000  1484.24281896
0.00780000  1484.0358666
0.00782000  1483.8289142400001
0.00784000  1483.62196188
0.00786000  1483.41500952
0.00788000  1483.20805716
0.00790000  1483.0011048000001
0.00792000  1482.79415244
0.00794000  1482.58720008
0.00796000  1482.38024772
0.00798000  1482.17329536
0.00800000  1481.966343
0.00802000  1481.75939064
0.00804000  1481.5524382800002
0.00806000  1481.34548592
0.00808000  1481.13853356
0.00810000  1480.9315812
0.00812000  1480.7246288400002
0.00814000  1480.51767648
0.00816000  1480.31072412
0.00818000  1480.10377176
0.00820000  1479.8968194000001
0.00822000  1479.68986704
0.00824000  1479.48291468
0.00826000  1479.27596232
0.00828000  1479.0690099600001
0.00830000  1478.8620576
0.00832000  1478.65510524
0.00834000  1478.44815288
0.00836000  1478.2412005200001
0.00838000  1478.03424816
0.00840000  1477.8272958
0.00842000  1477.62034344
0.00844000  1477.41339108
0.00846000  1477.20643872
0.00848000  1476.99948636
0.00850000  1476.7925340000002
0.00852000  1476.58558164
0.00854000  1476.37862928
0.00856000  1476.17167692
0.00858000  1475.9647245600001
0.00860000  1475.7577722
0.00862000  1475.55081984
0.00864000  1475.34386748
0.00866000  1475.1369151200001
0.00868000  1474.92996276
0.00870000  1474.7230104
0.00872000  1474.51605804
0.00874000  1474.3091056800001
0.00876000  1474.10215332
0.00878000  1473.89520096
0.00880000  1473.6882486
0.00882000  1473.4812962400001
0.00884000  1473.27434388
0.00886000  1473.06739152
0.00888000  1472.86043916
0.00890000  1472.6534868
0.00892000  1472.44653444
0.00894000  1472.23958208
0.00896000  1472.03262972
0.00898000  1471.82567736
0.00900000  1471.618725
0.00902000  1471.41177264
0.00904000  1471.2048202800001
0.00906000  1470.99786792
0.00908000  1470.79091556
0.00910000  1470.5839632
0.00912000  1470.3770108400001
0.00914000  1470.17005848
0.00916000  1469.96310612
0.00918000  1469.75615376
0.00920000  1469.5492014000001
0.00922000  1469.34224904
0.00924000  1469.13529668
0.00926000  1468.92834432
0.00928000  1468.7213919600001
0.00930000  1468.5144396
0.00932000  1468.30748724
0.00934000  1468.10053488
0.00936000  1467.89358252
0.00938000  1467.68663016
0.00940000  1467.4796778
0.00942000  1467.27272544
0.00944000  1467.06577308
0.00946000  1466.85882072
0.00948000  1466.65186836
0.00950000  1466.444916
0.00952000  1466.23796364
0.00954000  1466.03101128
0.00956000  1465.82405892
0.00958000  1465.6171065600001
0.00960000  1465.4101542
0.00962000  1465.20320184
0.00964000  1464.99624948
0.00966000  1464.7892971200001
0.00968000  1464.58234476
0.00970000  1464.3753924
0.00972000  1464.16844004
0.00974000  1463.9614876800001
0.00976000  1463.75453532
0.00978000  1463.54758296
0.00980000  1463.3406306
0.00982000  1463.13367824
0.00984000  1462.92672588
0.00986000  1462.71977352
0.00988000  1462.51282116
0.00990000  1462.3058688
0.00992000  1462.09891644
0.00994000  1461.89196408
0.00996000  1461.6850117200001
0.00998000  1461.47805936
0.01000000  1461.271107
0.01002000  1461.06415464
0.01004000  1460.85720228
0.01006000  1460.65024992
0.01008000  1460.44329756
0.01010000  1460.2363452
0.01012000  1460.0293928400001
0.01014000  1459.82244048
0.01016000  1459.61548812
0.01018000  1459.40853576
0.01020000  1459.2015834000001
0.01022000  1458.99463104
0.01024000  1458.78767868
0.01026000  1458.58072632
0.01028000  1458.37377396
0.01030000  1458.1668216
0.01032000  1457.95986924
0.01034000  1457.75291688
0.01036000  1457.54596452
0.01038000  1457.33901216
0.01040000  1457.1320598
0.01042000  1456.92510744
0.01044000  1456.71815508
0.01046000  1456.51120272
0.01048000  1456.30425036
0.01050000  1456.0972980000001
0.01052000  1455.89034564
0.01054000  1455.68339328
0.01056000  1455.47644092
0.01058000  1455.2694885600001
0.01060000  1455.0625362
0.01062000  1454.85558384
0.01064000  1454.64863148
0.01066000  1454.4416791200001
0.01068000  1454.23472676
0.01070000  1454.0277744
0.01072000  1453.82082204
0.01074000  1453.61386968
0.01076000  1453.40691732
0.01078000  1453.19996496
0.01080000  1452.9930126
0.01082000  1452.78606024
0.01084000  1452.57910788
0.01086000  1452.37215552
0.01088000  1452.16520316
0.01090000  1451.9582508
0.01092000  1451.75129844
0.01094000  1451.54434608
0.01096000  1451.33739372
0.01098000  1451.13044136
0.01100000  1450.923489
0.01102000  1450.71653664
0.01104000  1450.5095842800001
0.01106000  1450.30263192
0.01108000  1450.09567956
0.01110000  1449.8887272
0.01112000  1449.6817748400001
0.01114000  1449.47482248
0.01116000  1449.26787012
0.01118000  1449.06091776
0.01120000  1448.8539654
0.01122000  1448.64701304
0.01124000  1448.44006068
0.01126000  1448.23310832
0.01128000  1448.02615596
0.01130000  1447.8192036
0.01132000  1447.61225124
0.01134000  1447.40529888
0.01136000  1447.19834652
0.01138000  1446.99139416
0.01140000  1446.7844418
0.01142000  1446.57748944
0.01144000  1446.37053708
0.01146000  1446.16358472
0.01148000  1445.95663236
0.01150000  1445.74968
0.01152000  1445.54272764
0.01154000  1445.33577528
0.01156000  1445.12882292
0.01158000  1444.9218705600001
0.01160000  1444.7149182
0.01162000  1444.50796584
0.01164000  1444.30101348
0.01166000  1444.09406112
0.01168000  1443.88710876
0.01170000  1443.6801564
0.01172000  1443.47320404
0.01174000  1443.26625168
0.01176000  1443.05929932
0.01178000  1442.85234696
0.01180000  1442.6453946
0.01182000  1442.43844224
0.01184000  1442.23148988
0.01186000  1442.02453752
0.01188000  1441.81758516
0.01190000  1441.6106328
0.01192000  1441.40368044
0.01194000  1441.19672808
0.01196000  1440.9897757200001
0.01198000  1440.78282336
0.01200000  1440.575871
0.01202000  1440.36891864
0.01204000  1440.16196628
0.01206000  1439.95501392
0.01208000  1439.74806156
0.01210000  1439.5411092
0.01212000  1439.33415684
0.01214000  1439.12720448
0.01216000  1438.92025212
0.01218000  1438.71329976
0.01220000  1438.5063474
0.01222000  1438.29939504
0.01224000  1438.09244268
0.01226000  1437.88549032
0.01228000  1437.67853796
0.01230000  1437.4715856
0.01232000  1437.26463324
0.01234000  1437.05768088
0.01236000  1436.85072852
0.01238000  1436.64377616
0.01240000  1436.4368238
0.01242000  1436.22987144
0.01244000  1436.02291908
0.01246000  1435.81596672
0.01248000  1435.60901436
0.01250000  1435.4020620000001
0.01252000  1435.19510964
0.01254000  1434.98815728
0.01256000  1434.78120492
0.01258000  1434.57425256
0.01260000  1434.3673002
0.01262000  1434.16034784
0.01264000  1433.95339548
0.01266000  1433.74644312
0.01268000  1433.53949076
0.01270000  1433.3325384
0.01272000  1433.12558604
0.01274000  1432.91863368
0.01276000  1432.71168132
0.01278000  1432.50472896
0.01280000  1432.2977766
0.01282000  1432.09082424
0.01284000  1431.88387188
0.01286000  1431.67691952
0.01288000  1431.46996716
0.01290000  1431.2630148
0.01292000  1431.05606244
0.01294000  1430.84911008
0.01296000  1430.64215772
0.01298000  1430.43520536
0.01300000  1430.228253
0.01302000  1430.02130064
0.01304000  1429.81434828
0.01306000  1429.60739592
0.01308000  1429.40044356
0.01310000  1429.1934912
0.01312000  1428.98653884
0.01314000  1428.77958648
0.01316000  1428.57263412
0.01318000  1428.36568176
0.01320000  1428.1587294
0.01322000  1427.95177704
0.01324000  1427.74482468
0.01326000  1427.53787232
0.01328000  1427.33091996
0.01330000  1427.1239676
0.01332000  1426.91701524
0.01334000  1426.71006288
0.01336000  1426.50311052
0.01338000  1426.29615816
0.01340000  1426.0892058
0.01342000  1425.8822534399999
0.01344000  1425.67530108
0.01346000  1425.46834872
0.01348000  1425.26139636
0.01350000  1425.0544439999999
0.01352000  1424.84749164
0.01354000  1424.64053928
0.01356000  1424.43358692
0.01358000  1424.22663456
0.01360000  1424.0196822
0.01362000  1423.81272984
0.01364000  1423.60577748
0.01366000  1423.39882512
0.01368000  1423.19187276
0.01370000  1422.9849204
0.01372000  1422.77796804
0.01374000  1422.57101568
0.01376000  1422.36406332
0.01378000  1422.15711096
0.01380000  1421.9501586
0.01382000  1421.74320624
0.01384000  1421.53625388
0.01386000  1421.32930152
0.01388000  1421.1223491599999
0.01390000  1420.9153968
0.01392000  1420.70844444
0.01394000  1420.50149208
0.01396000  1420.29453972
0.01398000  1420.08758736
0.01400000  1419.880635
0.01402000  1419.67368264
0.01404000  1419.4667302799999
0.01406000  1419.25977792
0.01408000  1419.05282556
0.01410000  1418.8458732
0.01412000  1418.63892084
0.01414000  1418.43196848
0.01416000  1418.22501612
0.01418000  1418.01806376
0.01420000  1417.8111114
0.01422000  1417.60415904
0.01424000  1417.39720668
0.01426000  1417.19025432
0.01428000  1416.98330196
0.01430000  1416.7763496
0.01432000  1416.56939724
0.01434000  1416.3624448799999
0.01436000  1416.15549252
0.01438000  1415.94854016
0.01440000  1415.7415878
0.01442000  1415.5346354399999
0.01444000  1415.32768308
0.01446000  1415.12073072
0.01448000  1414.91377836
0.01450000  1414.706826
0.01452000  1414.49987364
0.01454000  1414.29292128
0.01456000  1414.08596892
0.01458000  1413.87901656
0.01460000  1413.6720642
0.01462000  1413.46511184
0.01464000  1413.25815948
0.01466000  1413.05120712
0.01468000  1412.84425476
0.01470000  1412.6373024
0.01472000  1412.43035004
0.01474000  1412.22339768
0.01476000  1412.01644532
0.01478000  1411.80949296
0.01480000  1411.6025405999999
0.01482000  1411.39558824
0.01484000  1411.18863588
0.01486000  1410.98168352
0.01488000  1410.7747311599999
0.01490000  1410.5677788
0.01492000  1410.36082644
0.01494000  1410.15387408
0.01496000  1409.9469217199999
0.01498000  1409.73996936
0.01500000  1409.533017
0.01502000  1409.32606464
0.01504000  1409.11911228
0.01506000  1408.91215992
0.01508000  1408.70520756
0.01510000  1408.4982552
0.01512000  1408.29130284
0.01514000  1408.08435048
0.01516000  1407.87739812
0.01518000  1407.67044576
0.01520000  1407.4634934
0.01522000  1407.25654104
0.01524000  1407.04958868
0.01526000  1406.8426363199999
0.01528000  1406.63568396
0.01530000  1406.4287316
0.01532000  1406.22177924
0.01534000  1406.0148268799999
0.01536000  1405.80787452
0.01538000  1405.60092216
0.01540000  1405.3939698
0.01542000  1405.18701744
0.01544000  1404.98006508
0.01546000  1404.77311272
0.01548000  1404.56616036
0.01550000  1404.3592079999999
0.01552000  1404.15225564
0.01554000  1403.94530328
0.01556000  1403.73835092
0.01558000  1403.53139856
0.01560000  1403.3244462
0.01562000  1403.11749384
0.01564000  1402.91054148
0.01566000  1402.70358912
0.01568000  1402.49663676
0.01570000  1402.2896844
0.01572000  1402.0827320399999
0.01574000  1401.87577968
0.01576000  1401.66882732
0.01578000  1401.46187496
0.01580000  1401.2549225999999
0.01582000  1401.04797024
0.01584000  1400.84101788
0.01586000  1400.63406552
0.01588000  1400.4271131599999
0.01590000  1400.2201608
0.01592000  1400.01320844
0.01594000  1399.80625608
0.01596000  1399.59930372
0.01598000  1399.39235136
0.01600000  1399.185399
0.01602000  1398.97844664
0.01604000  1398.7714942799998
0.01606000  1398.56454192
0.01608000  1398.35758956
0.01610000  1398.1506372
0.01612000  1397.94368484
0.01614000  1397.73673248
0.01616000  1397.52978012
0.01618000  1397.3228277599999
0.01620000  1397.1158754
0.01622000  1396.90892304
0.01624000  1396.70197068
0.01626000  1396.4950183199999
0.01628000  1396.28806596
0.01630000  1396.0811136
0.01632000  1395.87416124
0.01634000  1395.6672088799999
0.01636000  1395.46025652
0.01638000  1395.25330416
0.01640000  1395.0463518
0.01642000  1394.8393994399999
0.01644000  1394.63244708
0.01646000  1394.42549472
0.01648000  1394.21854236
0.01650000  1394.01159
0.01652000  1393.80463764
0.01654000  1393.59768528
0.01656000  1393.39073292
0.01658000  1393.1837805599998
0.01660000  1392.9768282
0.01662000  1392.76987584
0.01664000  1392.5629234799999
0.01666000  1392.35597112
0.01668000  1392.14901876
0.01670000  1391.9420664
0.01672000  1391.7351140399999
0.01674000  1391.52816168
0.01676000  1391.32120932
0.01678000  1391.11425696
0.01680000  1390.9073045999999
0.01682000  1390.70035224
0.01684000  1390.49339988
0.01686000  1390.28644752
0.01688000  1390.07949516
0.01690000  1389.8725428
0.01692000  1389.66559044
0.01694000  1389.45863808
0.01696000  1389.2516857199998
0.01698000  1389.04473336
0.01700000  1388.837781
0.01702000  1388.63082864
0.01704000  1388.42387628
0.01706000  1388.21692392
0.01708000  1388.00997156
0.01710000  1387.8030191999999
0.01712000  1387.59606684
0.01714000  1387.38911448
0.01716000  1387.18216212
0.01718000  1386.9752097599999
0.01720000  1386.7682574
0.01722000  1386.56130504
0.01724000  1386.35435268
0.01726000  1386.1474003199999
0.01728000  1385.94044796
0.01730000  1385.7334956
0.01732000  1385.52654324
0.01734000  1385.3195908799999
0.01736000  1385.11263852
0.01738000  1384.90568616
0.01740000  1384.6987338
0.01742000  1384.49178144
0.01744000  1384.28482908
0.01746000  1384.07787672
0.01748000  1383.87092436
0.01750000  1383.6639719999998
0.01752000  1383.45701964
0.01754000  1383.25006728
0.01756000  1383.0431149199999
0.01758000  1382.83616256
0.01760000  1382.6292102
0.01762000  1382.42225784
0.01764000  1382.2153054799999
0.01766000  1382.00835312
0.01768000  1381.80140076
0.01770000  1381.5944484
0.01772000  1381.3874960399999
0.01774000  1381.18054368
0.01776000  1380.97359132
0.01778000  1380.76663896
0.01780000  1380.5596865999998
0.01782000  1380.35273424
0.01784000  1380.14578188
0.01786000  1379.93882952
0.01788000  1379.7318771599998
0.01790000  1379.5249248
0.01792000  1379.31797244
0.01794000  1379.11102008
0.01796000  1378.90406772
0.01798000  1378.69711536
0.01800000  1378.490163
0.01802000  1378.2832106399999
0.01804000  1378.0762582799998
0.01806000  1377.86930592
0.01808000  1377.66235356
0.01810000  1377.4554011999999
0.01812000  1377.24844884
0.01814000  1377.04149648
0.01816000  1376.83454412
0.01818000  1376.6275917599999
0.01820000  1376.4206394
0.01822000  1376.21368704
0.01824000  1376.00673468
0.01826000  1375.7997823199998
0.01828000  1375.59282996
0.01830000  1375.3858776
0.01832000  1375.17892524
0.01834000  1374.9719728799998
0.01836000  1374.76502052
0.01838000  1374.55806816
0.01840000  1374.3511158
0.01842000  1374.1441634399998
0.01844000  1373.93721108
0.01846000  1373.73025872
0.01848000  1373.5233063599999
0.01850000  1373.316354
0.01852000  1373.10940164
0.01854000  1372.90244928
0.01856000  1372.6954969199999
0.01858000  1372.4885445599998
0.01860000  1372.2815922
0.01862000  1372.07463984
0.01864000  1371.8676874799999
0.01866000  1371.66073512
0.01868000  1371.45378276
0.01870000  1371.2468304
0.01872000  1371.0398780399998
0.01874000  1370.83292568
0.01876000  1370.62597332
0.01878000  1370.41902096
0.01880000  1370.2120685999998
0.01882000  1370.00511624
0.01884000  1369.79816388
0.01886000  1369.59121152
0.01888000  1369.38425916
0.01890000  1369.1773068
0.01892000  1368.97035444
0.01894000  1368.7634020799999
0.01896000  1368.5564497199998
0.01898000  1368.34949736
0.01900000  1368.142545
0.01902000  1367.9355926399999
0.01904000  1367.72864028
0.01906000  1367.52168792
0.01908000  1367.31473556
0.01910000  1367.1077831999999
0.01912000  1366.90083084
0.01914000  1366.69387848
0.01916000  1366.48692612
0.01918000  1366.2799737599998
0.01920000  1366.0730214
0.01922000  1365.86606904
0.01924000  1365.65911668
0.01926000  1365.4521643199998
0.01928000  1365.24521196
0.01930000  1365.0382596
0.01932000  1364.83130724
0.01934000  1364.6243548799998
0.01936000  1364.41740252
0.01938000  1364.21045016
0.01940000  1364.0034977999999
0.01942000  1363.79654544
0.01944000  1363.58959308
0.01946000  1363.38264072
0.01948000  1363.1756883599999
0.01950000  1362.9687359999998
0.01952000  1362.76178364
0.01954000  1362.55483128
0.01956000  1362.3478789199999
0.01958000  1362.14092656
0.01960000  1361.9339742
0.01962000  1361.72702184
0.01964000  1361.5200694799998
0.01966000  1361.31311712
0.01968000  1361.10616476
0.01970000  1360.8992124
0.01972000  1360.6922600399998
0.01974000  1360.48530768
0.01976000  1360.27835532
0.01978000  1360.07140296
0.01980000  1359.8644505999998
0.01982000  1359.65749824
0.01984000  1359.45054588
0.01986000  1359.2435935199999
0.01988000  1359.0366411599998
0.01990000  1358.8296888
0.01992000  1358.62273644
0.01994000  1358.4157840799999
0.01996000  1358.20883172
0.01998000  1358.00187936
0.02000000  1357.794927
0.02002000  1356.29163
0.02004000  1354.903857
0.02006000  1353.62453
0.02008000  1352.439855
0.02010000  1351.266934
0.02012000  1349.865755
0.02014000  1347.986633
0.02016000  1345.456279
0.02018000  1342.07728
0.02020000  1337.629796
0.02022000  1331.583852
0.02024000  1322.345751
0.02026000  1307.971864
0.02028000  1286.014858
0.02030000  1253.059235
0.02032000  1204.463298
0.02034000  1134.705302
0.02036000  1039.157846
0.02038000  920.276048
0.02040000  793.140071
0.02042000  669.311096
0.02044000  547.922095
0.02046000  421.556817
0.02048000  288.809868
0.02050000  172.408662
0.02052000  99.814985
0.02054000  62.859117
0.02056000  46.699883
0.02058000  42.351158
0.02060000  48.561917
0.02062000  70.657821
0.02064000  121.838491
0.02066000  219.926005
0.02068000  368.349558
0.02070000  549.841989
0.02072000  739.653457
0.02074000  916.69325
0.02076000  1069.05812
0.02078000  1192.446332
0.02080000  1287.005452
0.02082000  1356.431151
0.02084000  1406.198201
0.02086000  1441.61294
0.02088000  1466.890238
0.02090000  1485.062323
0.02092000  1498.242624
0.02094000  1507.879571
0.02096000  1514.971983
0.02098000  1520.222738
0.02100000  1524.125953
0.02102000  1527.03318
0.02104000  1529.200786
0.02106000  1530.813101
0.02108000  1532.008288
0.02110000  1532.890378
0.02112000  1533.537463
0.02114000  1534.006907
0.02116000  1534.341628
0.02118000  1534.573277
0.02120000  1534.72696
0.02122000  1534.821403
0.02124000  1534.86993
0.02126000  1534.884045
0.02128000  1534.872577
0.02130000  1534.843463
0.02132000  1534.801107
0.02134000  1534.749914
0.02136000  1534.696057
0.02138000  1534.643068
0.02140000  1534.591832
0.02142000  1534.544116
0.02144000  1534.499039
0.02146000  1534.457489
0.02148000  1534.419466
0.02150000  1534.384089
0.02152000  1534.35136
0.02154000  1534.322164
0.02156000  1534.295618
0.02158000  1534.270838
0.02160000  1534.247825
0.02162000  1534.22658
0.02164000  1534.207104
0.02166000  1534.188511
0.02168000  1534.170801
0.02170000  1534.153975
0.02172000  1534.137148
0.02174000  1534.121205
0.02176000  1534.106147
0.02178000  1534.091973
0.02180000  1534.077798
0.02182000  1534.063622
0.02184000  1534.050331
0.02186000  1534.037925
0.02188000  1534.024633
0.02190000  1534.012225
0.02192000  1534.000703
0.02194000  1533.98918
0.02196000  1533.977657
0.02198000  1533.966133
0.02200000  1533.955495
0.02202000  1533.944856
0.02204000  1533.934216
0.02206000  1533.924463
0.02208000  1533.914709
0.02210000  1533.904955
0.02212000  1533.896087
0.02214000  1533.887218
0.02216000  1533.878349
0.02218000  1533.86948
0.02220000  1533.861497
0.02222000  1533.853514
0.02224000  1533.84553
0.02226000  1533.838434
0.02228000  1533.831337
0.02230000  1533.82424
0.02232000  1533.817142
0.02234000  1533.810932
0.02236000  1533.804721
0.02238000  1533.79851
0.02240000  1533.792299
0.02242000  1533.786975
0.02244000  1533.78165
0.02246000  1533.776326
0.02248000  1533.771002
0.02250000  1533.766564
0.02252000  1533.76124
0.02254000  1533.756802
0.02256000  1533.753252
0.02258000  1533.748815
0.02260000  1533.745265
0.02262000  1533.741714
0.02264000  1533.738164
0.02266000  1533.734614
0.02268000  1533.731951
0.02270000  1533.7284
0.02272000  1533.725737
0.02274000  1533.723075
0.02276000  1533.721299
0.02278000  1533.718636
0.02280000  1533.716861
0.02282000  1533.715086
0.02284000  1533.71331
0.02286000  1533.711535
0.02288000  1533.710647
0.02290000  1533.708872
0.02292000  1533.707984
0.02294000  1533.707096
0.02296000  1533.706208
0.02298000  1533.705321
0.02300000  1533.704433
0.02302000  1533.49748064
0.02304000  1533.2905282800002
0.02306000  1533.0835759200002
0.02308000  1532.87662356
0.02310000  1532.6696712
0.02312000  1532.4627188400002
0.02314000  1532.2557664800001
0.02316000  1532.04881412
0.02318000  1531.84186176
0.02320000  1531.6349094000002
0.02322000  1531.4279570400001
0.02324000  1531.22100468
0.02326000  1531.01405232
0.02328000  1530.8070999600002
0.02330000  1530.6001476000001
0.02332000  1530.39319524
0.02334000  1530.18624288
0.02336000  1529.9792905200002
0.02338000  1529.7723381600001
0.02340000  1529.5653858
0.02342000  1529.35843344
0.02344000  1529.1514810800002
0.02346000  1528.94452872
0.02348000  1528.73757636
0.02350000  1528.530624
0.02352000  1528.3236716400002
0.02354000  1528.11671928
0.02356000  1527.90976692
0.02358000  1527.7028145600002
0.02360000  1527.4958622000001
0.02362000  1527.28890984
0.02364000  1527.08195748
0.02366000  1526.8750051200002
0.02368000  1526.6680527600001
0.02370000  1526.4611004
0.02372000  1526.25414804
0.02374000  1526.0471956800002
0.02376000  1525.8402433200001
0.02378000  1525.63329096
0.02380000  1525.4263386
0.02382000  1525.2193862400002
0.02384000  1525.0124338800001
0.02386000  1524.80548152
0.02388000  1524.59852916
0.02390000  1524.3915768000002
0.02392000  1524.18462444
0.02394000  1523.97767208
0.02396000  1523.77071972
0.02398000  1523.5637673600002
0.02400000  1523.356815
0.02402000  1523.14986264
0.02404000  1522.9429102800002
0.02406000  1522.7359579200001
0.02408000  1522.52900556
0.02410000  1522.3220532
0.02412000  1522.1151008400002
0.02414000  1521.9081484800001
0.02416000  1521.70119612
0.02418000  1521.49424376
0.02420000  1521.2872914000002
0.02422000  1521.0803390400001
0.02424000  1520.87338668
0.02426000  1520.66643432
0.02428000  1520.4594819600002
0.02430000  1520.2525296000001
0.02432000  1520.04557724
0.02434000  1519.83862488
0.02436000  1519.6316725200002
0.02438000  1519.42472016
0.02440000  1519.2177678
0.02442000  1519.01081544
0.02444000  1518.8038630800002
0.02446000  1518.59691072
0.02448000  1518.38995836
0.02450000  1518.1830060000002
0.02452000  1517.9760536400001
0.02454000  1517.76910128
0.02456000  1517.56214892
0.02458000  1517.3551965600002
0.02460000  1517.1482442000001
0.02462000  1516.94129184
0.02464000  1516.73433948
0.02466000  1516.5273871200002
0.02468000  1516.3204347600001
0.02470000  1516.1134824
0.02472000  1515.90653004
0.02474000  1515.6995776800002
0.02476000  1515.4926253200001
0.02478000  1515.28567296
0.02480000  1515.0787206
0.02482000  1514.8717682400002
0.02484000  1514.66481588
0.02486000  1514.45786352
0.02488000  1514.25091116
0.02490000  1514.0439588000002
0.02492000  1513.83700644
0.02494000  1513.63005408
0.02496000  1513.42310172
0.02498000  1513.2161493600001
0.02500000  1513.009197
0.02502000  1512.80224464
0.02504000  1512.5952922800002
0.02506000  1512.3883399200001
0.02508000  1512.18138756
0.02510000  1511.9744352
0.02512000  1511.7674828400002
0.02514000  1511.5605304800001
0.02516000  1511.35357812
0.02518000  1511.14662576
0.02520000  1510.9396734000002
0.02522000  1510.7327210400001
0.02524000  1510.52576868
0.02526000  1510.31881632
0.02528000  1510.1118639600002
0.02530000  1509.9049116
0.02532000  1509.69795924
0.02534000  1509.49100688
0.02536000  1509.2840545200002
0.02538000  1509.07710216
0.02540000  1508.8701498
0.02542000  1508.66319744
0.02544000  1508.4562450800001
0.02546000  1508.24929272
0.02548000  1508.04234036
0.02550000  1507.835388
0.02552000  1507.6284356400001
0.02554000  1507.42148328
0.02556000  1507.21453092
0.02558000  1507.0075785600002
0.02560000  1506.8006262000001
0.02562000  1506.59367384
0.02564000  1506.38672148
0.02566000  1506.1797691200002
0.02568000  1505.9728167600001
0.02570000  1505.7658644
0.02572000  1505.55891204
0.02574000  1505.3519596800002
0.02576000  1505.14500732
0.02578000  1504.93805496
0.02580000  1504.7311026
0.02582000  1504.5241502400002
0.02584000  1504.31719788
0.02586000  1504.11024552
0.02588000  1503.90329316
0.02590000  1503.6963408000001
0.02592000  1503.48938844
0.02594000  1503.28243608
0.02596000  1503.07548372
0.02598000  1502.8685313600001
0.02600000  1502.661579
0.02602000  1502.45462664
0.02604000  1502.2476742800002
0.02606000  1502.0407219200001
0.02608000  1501.83376956
0.02610000  1501.6268172
0.02612000  1501.4198648400002
0.02614000  1501.21291248
0.02616000  1501.00596012
0.02618000  1500.79900776
0.02620000  1500.5920554000002
0.02622000  1500.38510304
0.02624000  1500.17815068
0.02626000  1499.97119832
0.02628000  1499.7642459600002
0.02630000  1499.5572936
0.02632000  1499.35034124
0.02634000  1499.14338888
0.02636000  1498.9364365200001
0.02638000  1498.72948416
0.02640000  1498.5225318
0.02642000  1498.31557944
0.02644000  1498.1086270800001
0.02646000  1497.90167472
0.02648000  1497.69472236
0.02650000  1497.4877700000002
0.02652000  1497.2808176400001
0.02654000  1497.07386528
0.02656000  1496.86691292
0.02658000  1496.6599605600002
0.02660000  1496.4530082
0.02662000  1496.24605584
0.02664000  1496.03910348
0.02666000  1495.8321511200002
0.02668000  1495.62519876
0.02670000  1495.4182464
0.02672000  1495.21129404
0.02674000  1495.0043416800002
0.02676000  1494.79738932
0.02678000  1494.59043696
0.02680000  1494.3834846
0.02682000  1494.1765322400001
0.02684000  1493.96957988
0.02686000  1493.76262752
0.02688000  1493.55567516
0.02690000  1493.3487228000001
0.02692000  1493.14177044
0.02694000  1492.93481808
0.02696000  1492.72786572
0.02698000  1492.5209133600001
0.02700000  1492.313961
0.02702000  1492.10700864
0.02704000  1491.9000562800002
0.02706000  1491.69310392
0.02708000  1491.48615156
0.02710000  1491.2791992
0.02712000  1491.0722468400002
0.02714000  1490.86529448
0.02716000  1490.65834212
0.02718000  1490.45138976
0.02720000  1490.2444374000002
0.02722000  1490.03748504
0.02724000  1489.83053268
0.02726000  1489.62358032
0.02728000  1489.4166279600001
0.02730000  1489.2096756
0.02732000  1489.00272324
0.02734000  1488.79577088
0.02736000  1488.5888185200001
0.02738000  1488.38186616
0.02740000  1488.1749138
0.02742000  1487.96796144
0.02744000  1487.7610090800001
0.02746000  1487.55405672
0.02748000  1487.34710436
0.02750000  1487.140152
0.02752000  1486.93319964
0.02754000  1486.72624728
0.02756000  1486.51929492
0.02758000  1486.3123425600002
0.02760000  1486.1053902
0.02762000  1485.89843784
0.02764000  1485.69148548
0.02766000  1485.4845331200002
0.02768000  1485.27758076
0.02770000  1485.0706284
0.02772000  1484.86367604
0.02774000  1484.6567236800001
0.02776000  1484.44977132
0.02778000  1484.24281896
0.02780000  1484.0358666
0.02782000  1483.8289142400001
0.02784000  1483.62196188
0.02786000  1483.41500952
0.02788000  1483.20805716
0.02790000  1483.0011048000001
0.02792000  1482.79415244
0.02794000  1482.58720008
0.02796000  1482.38024772
0.02798000  1482.17329536
0.02800000  1481.966343
0.02802000  1481.75939064
0.02804000  1481.5524382800002
0.02806000  1481.34548592
0.02808000  1481.13853356
0.02810000  1480.9315812
0.02812000  1480.7246288400002
0.02814000  1480.51767648
0.02816000  1480.31072412
0.02818000  1480.10377176
0.02820000  1479.8968194000001
0.02822000  1479.68986704
0.02824000  1479.48291468
0.02826000  1479.27596232
0.02828000  1479.0690099600001
0.02830000  1478.8620576
0.02832000  1478.65510524
0.02834000  1478.44815288
0.02836000  1478.2412005200001
0.02838000  1478.03424816
0.02840000  1477.8272958
0.02842000  1477.62034344
0.02844000  1477.41339108
0.02846000  1477.20643872
0.02848000  1476.99948636
0.02850000  1476.7925340000002
0.02852000  1476.58558164
0.02854000  1476.37862928
0.02856000  1476.17167692
0.02858000  1475.9647245600001
0.02860000  1475.7577722
0.02862000  1475.55081984
0.02864000  1475.34386748
0.02866000  1475.1369151200001
0.02868000  1474.92996276
0.02870000  1474.7230104
0.02872000  1474.51605804
0.02874000  1474.3091056800001
0.02876000  1474.10215332
0.02878000  1473.89520096
0.02880000  1473.6882486
0.02882000  1473.4812962400001
0.02884000  1473.27434388
0.02886000  1473.06739152
0.02888000  1472.86043916
0.02890000  1472.6534868
0.02892000  1472.44653444
0.02894000  1472.23958208
0.02896000  1472.03262972
0.02898000  1471.82567736
0.02900000  1471.618725
0.02902000  1471.41177264
0.02904000  1471.2048202800001
0.02906000  1470.99786792
0.02908000  1470.79091556
0.02910000  1470.5839632
0.02912000  1470.3770108400001
0.02914000  1470.17005848
0.02916000  1469.96310612
0.02918000  1469.75615376
0.02920000  1469.5492014000001
0.02922000  1469.34224904
0.02924000  1469.13529668
0.02926000  1468.92834432
0.02928000  1468.7213919600001
0.02930000  1468.5144396
0.02932000  1468.30748724
0.02934000  1468.10053488
0.02936000  1467.89358252
0.02938000  1467.68663016
0.02940000  1467.4796778
0.02942000  1467.27272544
0.02944000  1467.06577308
0.02946000  1466.85882072
0.02948000  1466.65186836
0.02950000  1466.444916
0.02952000  1466.23796364
0.02954000  1466.03101128
0.02956000  1465.82405892
0.02958000  1465.6171065600001
0.02960000  1465.4101542
0.02962000  1465.20320184
0.02964000  1464.99624948
0.02966000  1464.7892971200001
0.02968000  1464.58234476
0.02970000  1464.3753924
0.02972000  1464.16844004
0.02974000  1463.9614876800001
0.02976000  1463.75453532
0.02978000  1463.54758296
0.02980000  1463.3406306
0.02982000  1463.13367824
0.02984000  1462.92672588
0.02986000  1462.71977352
0.02988000  1462.51282116
0.02990000  1462.3058688
0.02992000  1462.09891644
0.02994000  1461.89196408
0.02996000  1461.6850117200001
0.02998000  1461.47805936
0.03000000  1461.271107
0.03002000  1461.06415464
0.03004000  1460.85720228
0.03006000  1460.65024992
0.03008000  1460.44329756
0.03010000  1460.2363452
0.03012000  1460.0293928400001
0.03014000  1459.82244048
0.03016000  1459.61548812
0.03018000  1459.40853576
0.03020000  1459.2015834000001
0.03022000  1458.99463104
0.03024000  1458.78767868
0.03026000  1458.58072632
0.03028000  1458.37377396
0.03030000  1458.1668216
0.03032000  1457.95986924
0.03034000  1457.75291688
0.03036000  1457.54596452
0.03038000  1457.33901216
0.03040000  1457.1320598
0.03042000  1456.92510744
0.03044000  1456.71815508
0.03046000  1456.51120272
0.03048000  1456.30425036
0.03050000  1456.0972980000001
0.03052000  1455.89034564
0.03054000  1455.68339328
0.03056000  1455.47644092
0.03058000  1455.2694885600001
0.03060000  1455.0625362
0.03062000  1454.85558384
0.03064000  1454.64863148
0.03066000  1454.4416791200001
0.03068000  1454.23472676
0.03070000  1454.0277744
0.03072000  1453.82082204
0.03074000  1453.61386968
0.03076000  1453.40691732
0.03078000  1453.19996496
0.03080000  1452.9930126
0.03082000  1452.78606024
0.03084000  1452.57910788
0.03086000  1452.37215552
0.03088000  1452.16520316
0.03090000  1451.9582508
0.03092000  1451.75129844
0.03094000  1451.54434608
0.03096000  1451.33739372
0.03098000  1451.13044136
0.03100000  1450.923489
0.03102000  1450.71653664
0.03104000  1450.5095842800001
0.03106000  1450.30263192
0.03108000  1450.09567956
0.03110000  1449.8887272
0.03112000  1449.6817748400001
0.03114000  1449.47482248
0.03116000  1449.26787012
0.03118000  1449.06091776
0.03120000  1448.8539654
0.03122000  1448.64701304
0.03124000  1448.44006068
0.03126000  1448.23310832
0.03128000  1448.02615596
0.03130000  1447.8192036
0.03132000  1447.61225124
0.03134000  1447.40529888
0.03136000  1447.19834652
0.03138000  1446.99139416
0.03140000  1446.7844418
0.03142000  1446.57748944
0.03144000  1446.37053708
0.03146000  1446.16358472
0.03148000  1445.95663236
0.03150000  1445.74968
0.03152000  1445.54272764
0.03154000  1445.33577528
0.03156000  1445.12882292
0.03158000  1444.9218705600001
0.03160000  1444.7149182
0.03162000  1444.50796584
0.03164000  1444.30101348
0.03166000  1444.09406112
0.03168000  1443.88710876
0.03170000  1443.6801564
0.03172000  1443.47320404
0.03174000  1443.26625168
0.03176000  1443.05929932
0.03178000  1442.85234696
0.03180000  1442.6453946
0.03182000  1442.43844224
0.03184000  1442.23148988
0.03186000  1442.02453752
0.03188000  1441.81758516
0.03190000  1441.6106328
0.03192000  1441.40368044
0.03194000  1441.19672808
0.03196000  1440.9897757200001
0.03198000  1440.78282336
0.03200000  1440.575871
0.03202000  1440.36891864
0.03204000  1440.16196628
0.03206000  1439.95501392
0.03208000  1439.74806156
0.03210000  1439.5411092
0.03212000  1439.33415684
0.03214000  1439.12720448
0.03216000  1438.92025212
0.03218000  1438.71329976
0.03220000  1438.5063474
0.03222000  1438.29939504
0.03224000  1438.09244268
0.03226000  1437.88549032
0.03228000  1437.67853796
0.03230000  1437.4715856
0.03232000  1437.26463324
0.03234000  1437.05768088
0.03236000  1436.85072852
0.03238000  1436.64377616
0.03240000  1436.4368238
0.03242000  1436.22987144
0.03244000  1436.02291908
0.03246000  1435.81596672
0.03248000  1435.60901436
0.03250000  1435.4020620000001
0.03252000  1435.19510964
0.03254000  1434.98815728
0.03256000  1434.78120492
0.03258000  1434.57425256
0.03260000  1434.3673002
0.03262000  1434.16034784
0.03264000  1433.95339548
0.03266000  1433.74644312
0.03268000  1433.53949076
0.03270000  1433.3325384
0.03272000  1433.12558604
0.03274000  1432.91863368
0.03276000  1432.71168132
0.03278000  1432.50472896
0.03280000  1432.2977766
0.03282000  1432.09082424
0.03284000  1431.88387188
0.03286000  1431.67691952
0.03288000  1431.46996716
0.03290000  1431.2630148
0.03292000  1431.05606244
0.03294000  1430.84911008
0.03296000  1430.64215772
0.03298000  1430.43520536
0.03300000  1430.228253
0.03302000  1430.02130064
0.03304000  1429.81434828
0.03306000  1429.60739592
0.03308000  1429.40044356
0.03310000  1429.1934912
0.03312000  1428.98653884
0.03314000  1428.77958648
0.03316000  1428.57263412
0.03318000  1428.36568176
0.03320000  1428.1587294
0.03322000  1427.95177704
0.03324000  1427.74482468
0.03326000  1427.53787232
0.03328000  1427.33091996
0.03330000  1427.1239676
0.03332000  1426.91701524
0.03334000  1426.71006288
0.03336000  1426.50311052
0.03338000  1426.29615816
0.03340000  1426.0892058
0.03342000  1425.8822534399999
0.03344000  1425.67530108
0.03346000  1425.46834872
0.03348000  1425.26139636
0.03350000  1425.0544439999999
0.03352000  1424.84749164
0.03354000  1424.64053928
0.03356000  1424.43358692
0.03358000  1424.22663456
0.03360000  1424.0196822
0.03362000  1423.81272984
0.03364000  1423.60577748
0.03366000  1423.39882512
0.03368000  1423.19187276
0.03370000  1422.9849204
0.03372000  1422.77796804
0.03374000  1422.57101568
0.03376000  1422.36406332
0.03378000  1422.15711096
0.03380000  1421.9501586
0.03382000  1421.74320624
0.03384000  1421.53625388
0.03386000  1421.32930152
0.03388000  1421.1223491599999
0.03390000  1420.9153968
0.03392000  1420.70844444
0.03394000  1420.50149208
0.03396000  1420.29453972
0.03398000  1420.08758736
0.03400000  1419.880635
0.03402000  1419.67368264
0.03404000  1419.4667302799999
0.03406000  1419.25977792
0.03408000  1419.05282556
0.03410000  1418.8458732
0.03412000  1418.63892084
0.03414000  1418.43196848
0.03416000  1418.22501612
0.03418000  1418.01806376
0.03420000  1417.8111114
0.03422000  1417.60415904
0.03424000  1417.39720668
0.03426000  1417.19025432
0.03428000  1416.98330196
0.03430000  1416.7763496
0.03432000  1416.56939724
0.03434000  1416.3624448799999
0.03436000  1416.15549252
0.03438000  1415.94854016
0.03440000  1415.7415878
0.03442000  1415.5346354399999
0.03444000  1415.32768308
0.03446000  1415.12073072
0.03448000  1414.91377836
0.03450000  1414.706826
0.03452000  1414.49987364
0.03454000  1414.29292128
0.03456000  1414.08596892
0.03458000  1413.87901656
0.03460000  1413.6720642
0.03462000  1413.46511184
0.03464000  1413.25815948
0.03466000  1413.05120712
0.03468000  1412.84425476
0.03470000  1412.6373024
0.03472000  1412.43035004
0.03474000  1412.22339768
0.03476000  1412.01644532
0.03478000  1411.80949296
0.03480000  1411.6025405999999
0.03482000  1411.39558824
0.03484000  1411.18863588
0.03486000  1410.98168352
0.03488000  1410.7747311599999
0.03490000  1410.5677788
0.03492000  1410.36082644
0.03494000  1410.15387408
0.03496000  1409.9469217199999
0.03498000  1409.73996936
0.03500000  1409.533017
0.03502000  1409.32606464
0.03504000  1409.11911228
0.03506000  1408.91215992
0.03508000  1408.70520756
0.03510000  1408.4982552
0.03512000  1408.29130284
0.03514000  1408.08435048
0.03516000  1407.87739812
0.03518000  1407.67044576
0.03520000  1407.4634934
0.03522000  1407.25654104
0.03524000  1407.04958868
0.03526000  1406.8426363199999
0.03528000  1406.63568396
0.03530000  1406.4287316
0.03532000  1406.22177924
0.03534000  1406.0148268799999
0.03536000  1405.80787452
0.03538000  1405.60092216
0.03540000  1405.3939698
0.03542000  1405.18701744
0.03544000  1404.98006508
0.03546000  1404.77311272
0.03548000  1404.56616036
0.03550000  1404.3592079999999
0.03552000  1404.15225564
0.03554000  1403.94530328
0.03556000  1403.73835092
0.03558000  1403.53139856
0.03560000  1403.3244462
0.03562000  1403.11749384
0.03564000  1402.91054148
0.03566000  1402.70358912
0.03568000  1402.49663676
0.03570000  1402.2896844
0.03572000  1402.0827320399999
0.03574000  1401.87577968
0.03576000  1401.66882732
0.03578000  1401.46187496
0.03580000  1401.2549225999999
0.03582000  1401.04797024
0.03584000  1400.84101788
0.03586000  1400.63406552
0.03588000  1400.4271131599999
0.03590000  1400.2201608
0.03592000  1400.01320844
0.03594000  1399.80625608
0.03596000  1399.59930372
0.03598000  1399.39235136
0.03600000  1399.185399
0.03602000  1398.97844664
0.03604000  1398.7714942799998
0.03606000  1398.56454192
0.03608000  1398.35758956
0.03610000  1398.1506372
0.03612000  1397.94368484
0.03614000  1397.73673248
0.03616000  1397.52978012
0.03618000  1397.3228277599999
0.03620000  1397.1158754
0.03622000  1396.90892304
0.03624000  1396.70197068
0.03626000  1396.4950183199999
0.03628000  1396.28806596
0.03630000  1396.0811136
0.03632000  1395.87416124
0.03634000  1395.6672088799999
0.03636000  1395.46025652
0.03638000  1395.25330416
0.03640000  1395.0463518
0.03642000  1394.8393994399999
0.03644000  1394.63244708
0.03646000  1394.42549472
0.03648000  1394.21854236
0.03650000  1394.01159
0.03652000  1393.80463764
0.03654000  1393.59768528
0.03656000  1393.39073292
0.03658000  1393.1837805599998
0.03660000  1392.9768282
0.03662000  1392.76987584
0.03664000  1392.5629234799999
0.03666000  1392.35597112
0.03668000  1392.14901876
0.03670000  1391.9420664
0.03672000  1391.7351140399999
0.03674000  1391.52816168
0.03676000  1391.32120932
0.03678000  1391.11425696
0.03680000  1390.9073045999999
0.03682000  1390.70035224
0.03684000  1390.49339988
0.03686000  1390.28644752
0.03688000  1390.07949516
0.03690000  1389.8725428
0.03692000  1389.66559044
0.03694000  1389.45863808
0.03696000  1389.2516857199998
0.03698000  1389.04473336
0.03700000  1388.837781
0.03702000  1388.63082864
0.03704000  1388.42387628
0.03706000  1388.21692392
0.03708000  1388.00997156
0.03710000  1387.8030191999999
0.03712000  1387.59606684
0.03714000  1387.38911448
0.03716000  1387.18216212
0.03718000  1386.9752097599999
0.03720000  1386.7682574
0.03722000  1386.56130504
0.03724000  1386.35435268
0.03726000  1386.1474003199999
0.03728000  1385.94044796
0.03730000  1385.7334956
0.03732000  1385.52654324
0.03734000  1385.3195908799999
0.03736000  1385.11263852
0.03738000  1384.90568616
0.03740000  1384.6987338
0.03742000  1384.49178144
0.03744000  1384.28482908
0.03746000  1384.07787672
0.03748000  1383.87092436
0.03750000  1383.6639719999998
0.03752000  1383.45701964
0.03754000  1383.25006728
0.03756000  1383.0431149199999
0.03758000  1382.83616256
0.03760000  1382.6292102
0.03762000  1382.42225784
0.03764000  1382.2153054799999
0.03766000  1382.00835312
0.03768000  1381.80140076
0.03770000  1381.5944484
0.03772000  1381.3874960399999
0.03774000  1381.18054368
0.03776000  1380.97359132
0.03778000  1380.76663896
0.03780000  1380.5596865999998
0.03782000  1380.35273424
0.03784000  1380.14578188
0.03786000  1379.93882952
0.03788000  1379.7318771599998
0.03790000  1379.5249248
0.03792000  1379.31797244
0.03794000  1379.11102008
0.03796000  1378.90406772
0.03798000  1378.69711536
0.03800000  1378.490163
0.03802000  1378.2832106399999
0.03804000  1378.0762582799998
0.03806000  1377.86930592
0.03808000  1377.66235356
0.03810000  1377.4554011999999
0.03812000  1377.24844884
0.03814000  1377.04149648
0.03816000  1376.83454412
0.03818000  1376.6275917599999
0.03820000  1376.4206394
0.03822000  1376.21368704
0.03824000  1376.00673468
0.03826000  1375.7997823199998
0.03828000  1375.59282996
0.03830000  1375.3858776
0.03832000  1375.17892524
0.03834000  1374.9719728799998
0.03836000  1374.76502052
0.03838000  1374.55806816
0.03840000  1374.3511158
0.03842000  1374.1441634399998
0.03844000  1373.93721108
0.03846000  1373.73025872
0.03848000  1373.5233063599999
0.03850000  1373.316354
0.03852000  1373.10940164
0.03854000  1372.90244928
0.03856000  1372.6954969199999
0.03858000  1372.4885445599998
0.03860000  1372.2815922
0.03862000  1372.07463984
0.03864000  1371.8676874799999
0.03866000  1371.66073512
0.03868000  1371.45378276
0.03870000  1371.2468304
0.03872000  1371.0398780399998
0.03874000  1370.83292568
0.03876000  1370.62597332
0.03878000  1370.41902096
0.03880000  1370.2120685999998
0.03882000  1370.00511624
0.03884000  1369.79816388
0.03886000  1369.59121152
0.03888000  1369.38425916
0.03890000  1369.1773068
0.03892000  1368.97035444
0.03894000  1368.7634020799999
0.03896000  1368.5564497199998
0.03898000  1368.34949736
0.03900000  1368.142545
0.03902000  1367.9355926399999
0.03904000  1367.72864028
0.03906000  1367.52168792
0.03908000  1367.31473556
0.03910000  1367.1077831999999
0.03912000  1366.90083084
0.03914000  1366.69387848
0.03916000  1366.48692612
0.03918000  1366.2799737599998
0.03920000  1366.0730214
0.03922000  1365.86606904
0.03924000  1365.65911668
0.03926000  1365.4521643199998
0.03928000  1365.24521196
0.03930000  1365.0382596
0.03932000  1364.83130724
0.03934000  1364.6243548799998
0.03936000  1364.41740252
0.03938000  1364.21045016
0.03940000  1364.0034977999999
0.03942000  1363.79654544
0.03944000  1363.58959308
0.03946000  1363.38264072
0.03948000  1363.1756883599999
0.03950000  1362.9687359999998
0.03952000  1362.76178364
0.03954000  1362.55483128
0.03956000  1362.3478789199999
0.03958000  1362.14092656
0.03960000  1361.9339742
0.03962000  1361.72702184
0.03964000  1361.5200694799998
0.03966000  1361.31311712
0.03968000  1361.10616476
0.03970000  1360.8992124
0.03972000  1360.6922600399998
0.03974000  1360.48530768
0.03976000  1360.27835532
0.03978000  1360.07140296
0.03980000  1359.8644505999998
0.03982000  1359.65749824
0.03984000  1359.45054588
0.03986000  1359.2435935199999
0.03988000  1359.0366411599998
0.03990000  1358.8296888
0.03992000  1358.62273644
0.03994000  1358.4157840799999
0.03996000  1358.20883172
0.03998000  1358.00187936
0.04000000  1357.794927
0.04002000  1356.29163
0.04004000  1354.903857
0.04006000  1353.62453
0.04008000  1352.439855
0.04010000  1351.266934
0.04012000  1349.865755
0.04014000  1347.986633
0.04016000  1345.456279
0.04018000  1342.07728
0.04020000  1337.629796
0.04022000  1331.583852
0.04024000  1322.345751
0.04026000  1307.971864
0.04028000  1286.014858
0.04030000  1253.059235
0.04032000  1204.463298
0.04034000  1134.705302
0.04036000  1039.157846
0.04038000  920.276048
0.04040000  793.140071
0.04042000  669.311096
0.04044000  547.922095
0.04046000  421.556817
0.04048000  288.809868
0.04050000  172.408662
0.04052000  99.814985
0.04054000  62.859117
0.04056000  46.699883
0.04058000  42.351158
0.04060000  48.561917
0.04062000  70.657821
0.04064000  121.838491
0.04066000  219.926005
0.04068000  368.349558
0.04070000  549.841989
0.04072000  739.653457
0.04074000  916.69325
0.04076000  1069.05812
0.04078000  1192.446332
0.04080000  1287.005452
0.04082000  1356.431151
0.04084000  1406.198201
0.04086000  1441.61294
0.04088000  1466.890238
0.04090000  1485.062323
0.04092000  1498.242624
0.04094000  1507.879571
0.04096000  1514.971983
0.04098000  1520.222738
0.04100000  1524.125953
0.04102000  1527.03318
0.04104000  1529.200786
0.04106000  1530.813101
0.04108000  1532.008288
0.04110000  1532.890378
0.04112000  1533.537463
0.04114000  1534.006907
0.04116000  1534.341628
0.04118000  1534.573277
0.04120000  1534.72696
0.04122000  1534.821403
0.04124000  1534.86993
0.04126000  1534.884045
0.04128000  1534.872577
0.04130000  1534.843463
0.04132000  1534.801107
0.04134000  1534.749914
0.04136000  1534.696057
0.04138000  1534.643068
0.04140000  1534.591832
0.04142000  1534.544116
0.04144000  1534.499039
0.04146000  1534.457489
0.04148000  1534.419466
0.04150000  1534.384089
0.04152000  1534.35136
0.04154000  1534.322164
0.04156000  1534.295618
0.04158000  1534.270838
0.04160000  1534.247825
0.04162000  1534.22658
0.04164000  1534.207104
0.04166000  1534.188511
0.04168000  1534.170801
0.04170000  1534.153975
0.04172000  1534.137148
0.04174000  1534.121205
0.04176000  1534.106147
0.04178000  1534.091973
0.04180000  1534.077798
0.04182000  1534.063622
0.04184000  1534.050331
0.04186000  1534.037925
0.04188000  1534.024633
0.04190000  1534.012225
0.04192000  1534.000703
0.04194000  1533.98918
0.04196000  1533.977657
0.04198000  1533.966133
0.04200000  1533.955495
0.04202000  1533.944856
0.04204000  1533.934216
0.04206000  1533.924463
0.04208000  1533.914709
0.04210000  1533.904955
0.04212000  1533.896087
0.04214000  1533.887218
0.04216000  1533.878349
0.04218000  1533.86948
0.04220000  1533.861497
0.04222000  1533.853514
0.04224000  1533.84553
0.04226000  1533.838434
0.04228000  1533.831337
0.04230000  1533.82424
0.04232000  1533.817142
0.04234000  1533.810932
0.04236000  1533.804721
0.04238000  1533.79851
0.04240000  1533.792299
0.04242000  1533.786975
0.04244000  1533.78165
0.04246000  1533.776326
0.04248000  1533.771002
0.04250000  1533.766564
0.04252000  1533.76124
0.04254000  1533.756802
0.04256000  1533.753252
0.04258000  1533.748815
0.04260000  1533.745265
0.04262000  1533.741714
0.04264000  1533.738164
0.04266000  1533.734614
0.04268000  1533.731951
0.04270000  1533.7284
0.04272000  1533.725737
0.04274000  1533.723075
0.04276000  1533.721299
0.04278000  1533.718636
0.04280000  1533.716861
0.04282000  1533.715086
0.04284000  1533.71331
0.04286000  1533.711535
0.04288000  1533.710647
0.04290000  1533.708872
0.04292000  1533.707984
0.04294000  1533.707096
0.04296000  1533.706208
0.04298000  1533.705321
0.04300000  1533.704433
0.04302000  1533.49748064
0.04304000  1533.2905282800002
0.04306000  1533.0835759200002
0.04308000  1532.87662356
0.04310000  1532.6696712
0.04312000  1532.4627188400002
0.04314000  1532.2557664800001
0.04316000  1532.04881412
0.04318000  1531.84186176
0.04320000  1531.6349094000002
0.04322000  1531.4279570400001
0.04324000  1531.22100468
0.04326000  1531.01405232
0.04328000  1530.8070999600002
0.04330000  1530.6001476000001
0.04332000  1530.39319524
0.04334000  1530.18624288
0.04336000  1529.9792905200002
0.04338000  1529.7723381600001
0.04340000  1529.5653858
0.04342000  1529.35843344
0.04344000  1529.1514810800002
0.04346000  1528.94452872
0.04348000  1528.73757636
0.04350000  1528.530624
0.04352000  1528.3236716400002
0.04354000  1528.11671928
0.04356000  1527.90976692
0.04358000  1527.7028145600002
0.04360000  1527.4958622000001
0.04362000  1527.28890984
0.04364000  1527.08195748
0.04366000  1526.8750051200002
0.04368000  1526.6680527600001
0.04370000  1526.4611004
0.04372000  1526.25414804
0.04374000  1526.0471956800002
0.04376000  1525.8402433200001
0.04378000  1525.63329096
0.04380000  1525.4263386
0.04382000  1525.2193862400002
0.04384000  1525.0124338800001
0.04386000  1524.80548152
0.04388000  1524.59852916
0.04390000  1524.3915768000002
0.04392000  1524.18462444
0.04394000  1523.97767208
0.04396000  1523.77071972
0.04398000  1523.5637673600002
0.04400000  1523.356815
0.04402000  1523.14986264
0.04404000  1522.9429102800002
0.04406000  1522.7359579200001
0.04408000  1522.52900556
0.04410000  1522.3220532
0.04412000  1522.1151008400002
0.04414000  1521.9081484800001
0.04416000  1521.70119612
0.04418000  1521.49424376
0.04420000  1521.2872914000002
0.04422000  1521.0803390400001
0.04424000  1520.87338668
0.04426000  1520.66643432
0.04428000  1520.4594819600002
0.04430000  1520.2525296000001
0.04432000  1520.04557724
0.04434000  1519.83862488
0.04436000  1519.6316725200002
0.04438000  1519.42472016
0.04440000  1519.2177678
0.04442000  1519.01081544
0.04444000  1518.8038630800002
0.04446000  1518.59691072
0.04448000  1518.38995836
0.04450000  1518.1830060000002
0.04452000  1517.9760536400001
0.04454000  1517.76910128
0.04456000  1517.56214892
0.04458000  1517.3551965600002
0.04460000  1517.1482442000001
0.04462000  1516.94129184
0.04464000  1516.73433948
0.04466000  1516.5273871200002
0.04468000  1516.3204347600001
0.04470000  1516.1134824
0.04472000  1515.90653004
0.04474000  1515.6995776800002
0.04476000  1515.4926253200001
0.04478000  1515.28567296
0.04480000  1515.0787206
0.04482000  1514.8717682400002
0.04484000  1514.66481588
0.04486000  1514.45786352
0.04488000  1514.25091116
0.04490000  1514.0439588000002
0.04492000  1513.83700644
0.04494000  1513.63005408
0.04496000  1513.42310172
0.04498000  1513.2161493600001
0.04500000  1513.009197
0.04502000  1512.80224464
0.04504000  1512.5952922800002
0.04506000  1512.3883399200001
0.04508000  1512.18138756
0.04510000  1511.9744352
0.04512000  1511.7674828400002
0.04514000  1511.5605304800001
0.04516000  1511.35357812
0.04518000  1511.14662576
0.04520000  1510.9396734000002
0.04522000  1510.7327210400001
0.04524000  1510.52576868
0.04526000  1510.31881632
0.04528000  1510.1118639600002
0.04530000  1509.9049116
0.04532000  1509.69795924
0.04534000  1509.49100688
0.04536000  1509.2840545200002
0.04538000  1509.07710216
0.04540000  1508.8701498
0.04542000  1508.66319744
0.04544000  1508.4562450800001
0.04546000  1508.24929272
0.04548000  1508.04234036
0.04550000  1507.835388
0.04552000  1507.6284356400001
0.04554000  1507.42148328
0.04556000  1507.21453092
0.04558000  1507.0075785600002
0.04560000  1506.8006262000001
0.04562000  1506.59367384
0.04564000  1506.38672148
0.04566000  1506.1797691200002
0.04568000  1505.9728167600001
0.04570000  1505.7658644
0.04572000  1505.55891204
0.04574000  1505.3519596800002
0.04576000  1505.14500732
0.04578000  1504.93805496
0.04580000  1504.7311026
0.04582000  1504.5241502400002
0.04584000  1504.31719788
0.04586000  1504.11024552
0.04588000  1503.90329316
0.04590000  1503.6963408000001
0.04592000  1503.48938844
0.04594000  1503.28243608
0.04596000  1503.07548372
0.04598000  1502.8685313600001
0.04600000  1502.661579
0.04602000  1502.45462664
0.04604000  1502.2476742800002
0.04606000  1502.0407219200001
0.04608000  1501.83376956
0.04610000  1501.6268172
0.04612000  1501.4198648400002
0.04614000  1501.21291248
0.04616000  1501.00596012
0.04618000  1500.79900776
0.04620000  1500.5920554000002
0.04622000  1500.38510304
0.04624000  1500.17815068
0.04626000  1499.97119832
0.04628000  1499.7642459600002
0.04630000  1499.5572936
0.04632000  1499.35034124
0.04634000  1499.14338888
0.04636000  1498.9364365200001
0.04638000  1498.72948416
0.04640000  1498.5225318
0.04642000  1498.31557944
0.04644000  1498.1086270800001
0.04646000  1497.90167472
0.04648000  1497.69472236
0.04650000  1497.4877700000002
0.04652000  1497.2808176400001
0.04654000  1497.07386528
0.04656000  1496.86691292
0.04658000  1496.6599605600002
0.04660000  1496.4530082
0.04662000  1496.24605584
0.04664000  1496.03910348
0.04666000  1495.8321511200002
0.04668000  1495.62519876
0.04670000  1495.4182464
0.04672000  1495.21129404
0.04674000  1495.0043416800002
0.04676000  1494.79738932
0.04678000  1494.59043696
0.04680000  1494.3834846
0.04682000  1494.1765322400001
0.04684000  1493.96957988
0.04686000  1493.76262752
0.04688000  1493.55567516
0.04690000  1493.3487228000001
0.04692000  1493.14177044
0.04694000  1492.93481808
0.04696000  1492.72786572
0.04698000  1492.5209133600001
0.04700000  1492.313961
0.04702000  1492.10700864
0.04704000  1491.9000562800002
0.04706000  1491.69310392
0.04708000  1491.48615156
0.04710000  1491.2791992
0.04712000  1491.0722468400002
0.04714000  1490.86529448
0.04716000  1490.65834212
0.04718000  1490.45138976
0.04720000  1490.2444374000002
0.04722000  1490.03748504
0.04724000  1489.83053268
0.04726000  1489.62358032
0.04728000  1489.4166279600001
0.04730000  1489.2096756
0.04732000  1489.00272324
0.04734000  1488.79577088
0.04736000  1488.5888185200001
0.04738000  1488.38186616
0.04740000  1488.1749138
0.04742000  1487.96796144
0.04744000  1487.7610090800001
0.04746000  1487.55405672
0.04748000  1487.34710436
0.04750000  1487.140152
0.04752000  1486.93319964
0.04754000  1486.72624728
0.04756000  1486.51929492
0.04758000  1486.3123425600002
0.04760000  1486.1053902
0.04762000  1485.89843784
0.04764000  1485.69148548
0.04766000  1485.4845331200002
0.04768000  1485.27758076
0.04770000  1485.0706284
0.04772000  1484.86367604
0.04774000  1484.6567236800001
0.04776000  1484.44977132
0.04778000  1484.24281896
0.04780000  1484.0358666
0.04782000  1483.8289142400001
0.04784000  1483.62196188
0.04786000  1483.41500952
0.04788000  1483.20805716
0.04790000  1483.0011048000001
0.04792000  1482.79415244
0.04794000  1482.58720008
0.04796000  1482.38024772
0.04798000  1482.17329536
0.04800000  1481.966343
0.04802000  1481.75939064
0.04804000  1481.5524382800002
0.04806000  1481.34548592
0.04808000  1481.13853356
0.04810000  1480.9315812
0.04812000  1480.7246288400002
0.04814000  1480.51767648
0.04816000  1480.31072412
0.04818000  1480.10377176
0.04820000  1479.8968194000001
0.04822000  1479.68986704
0.04824000  1479.48291468
0.04826000  1479.27596232
0.04828000  1479.0690099600001
0.04830000  1478.8620576
0.04832000  1478.65510524
0.04834000  1478.44815288
0.04836000  1478.2412005200001
0.04838000  1478.03424816
0.04840000  1477.8272958
0.04842000  1477.62034344
0.04844000  1477.41339108
0.04846000  1477.20643872
0.04848000  1476.99948636
0.04850000  1476.7925340000002
0.04852000  1476.58558164
0.04854000  1476.37862928
0.04856000  1476.17167692
0.04858000  1475.9647245600001
0.04860000  1475.7577722
0.04862000  1475.55081984
0.04864000  1475.34386748
0.04866000  1475.1369151200001
0.04868000  1474.92996276
0.04870000  1474.7230104
0.04872000  1474.51605804
0.04874000  1474.3091056800001
0.04876000  1474.10215332
0.04878000  1473.89520096
0.04880000  1473.6882486
0.04882000  1473.4812962400001
0.04884000  1473.27434388
0.04886000  1473.06739152
0.04888000  1472.86043916
0.04890000  1472.6534868
0.04892000  1472.44653444
0.04894000  1472.23958208
0.04896000  1472.03262972
0.04898000  1471.82567736
0.04900000  1471.618725
0.04902000  1471.41177264
0.04904000  1471.2048202800001
0.04906000  1470.99786792
0.04908000  1470.79091556
0.04910000  1470.5839632
0.04912000  1470.3770108400001
0.04914000  1470.17005848
0.04916000  1469.96310612
0.04918000  1469.75615376
0.04920000  1469.5492014000001
0.04922000  1469.34224904
0.04924000  1469.13529668
0.04926000  1468.92834432
0.04928000  1468.7213919600001
0.04930000  1468.5144396
0.04932000  1468.30748724
0.04934000  1468.10053488
0.04936000  1467.89358252
0.04938000  1467.68663016
0.04940000  1467.4796778
0.04942000  1467.27272544
0.04944000  1467.06577308
0.04946000  1466.85882072
0.04948000  1466.65186836
0.04950000  1466.444916
0.04952000  1466.23796364
0.04954000  1466.03101128
0.04956000  1465.82405892
0.04958000  1465.6171065600001
0.04960000  1465.4101542
0.04962000  1465.20320184
0.04964000  1464.99624948
0.04966000  1464.7892971200001
0.04968000  1464.58234476
0.04970000  1464.3753924
0.04972000  1464.16844004
0.04974000  1463.9614876800001
0.04976000  1463.75453532
0.04978000  1463.54758296
0.04980000  1463.3406306
0.04982000  1463.13367824
0.04984000  1462.92672588
0.04986000  1462.71977352
0.04988000  1462.51282116
0.04990000  1462.3058688
0.04992000  1462.09891644
0.04994000  1461.89196408
0.04996000  1461.6850117200001
0.04998000  1461.47805936
0.05000000  1461.271107
0.05002000  1461.06415464
0.05004000  1460.85720228
0.05006000  1460.65024992
0.05008000  1460.44329756
0.05010000  1460.2363452
0.05012000  1460.0293928400001
0.05014000  1459.82244048
0.05016000  1459.61548812
0.05018000  1459.40853576
0.05020000  1459.2015834000001
0.05022000  1458.99463104
0.05024000  1458.78767868
0.05026000  1458.58072632
0.05028000  1458.37377396
0.05030000  1458.1668216
0.05032000  1457.95986924
0.05034000  1457.75291688
0.05036000  1457.54596452
0.05038000  1457.33901216
0.05040000  1457.1320598
0.05042000  1456.92510744
0.05044000  1456.71815508
0.05046000  1456.51120272
0.05048000  1456.30425036
0.05050000  1456.0972980000001
0.05052000  1455.89034564
0.05054000  1455.68339328
0.05056000  1455.47644092
0.05058000  1455.2694885600001
0.05060000  1455.0625362
0.05062000  1454.85558384
0.05064000  1454.64863148
0.05066000  1454.4416791200001
0.05068000  1454.23472676
0.05070000  1454.0277744
0.05072000  1453.82082204
0.05074000  1453.61386968
0.05076000  1453.40691732
0.05078000  1453.19996496
0.05080000  1452.9930126
0.05082000  1452.78606024
0.05084000  1452.57910788
0.05086000  1452.37215552
0.05088000  1452.16520316
0.05090000  1451.9582508
0.05092000  1451.75129844
0.05094000  1451.54434608
0.05096000  1451.33739372
0.05098000  1451.13044136
0.05100000  1450.923489
0.05102000  1450.71653664
0.05104000  1450.5095842800001
0.05106000  1450.30263192
0.05108000  1450.09567956
0.05110000  1449.8887272
0.05112000  1449.6817748400001
0.05114000  1449.47482248
0.05116000  1449.26787012
0.05118000  1449.06091776
0.05120000  1448.8539654
0.05122000  1448.64701304
0.05124000  1448.44006068
0.05126000  1448.23310832
0.05128000  1448.02615596
0.05130000  1447.8192036
0.05132000  1447.61225124
0.05134000  1447.40529888
0.05136000  1447.19834652
0.05138000  1446.99139416
0.05140000  1446.7844418
0.05142000  1446.57748944
0.05144000  1446.37053708
0.05146000  1446.16358472
0.05148000  1445.95663236
0.05150000  1445.74968
0.05152000  1445.54272764
0.05154000  1445.33577528
0.05156000  1445.12882292
0.05158000  1444.9218705600001
0.05160000  1444.7149182
0.05162000  1444.50796584
0.05164000  1444.30101348
0.05166000  1444.09406112
0.05168000  1443.88710876
0.05170000  1443.6801564
0.05172000  1443.47320404
0.05174000  1443.26625168
0.05176000  1443.05929932
0.05178000  1442.85234696
0.05180000  1442.6453946
0.05182000  1442.43844224
0.05184000  1442.23148988
0.05186000  1442.02453752
0.05188000  1441.81758516
0.05190000  1441.6106328
0.05192000  1441.40368044
0.05194000  1441.19672808
0.05196000  1440.9897757200001
0.05198000  1440.78282336
0.05200000  1440.575871
0.05202000  1440.36891864
0.05204000  1440.16196628
0.05206000  1439.95501392
0.05208000  1439.74806156
0.05210000  1439.5411092
0.05212000  1439.33415684
0.05214000  1439.12720448
0.05216000  1438.92025212
0.05218000  1438.71329976
0.05220000  1438.5063474
0.05222000  1438.29939504
0.05224000  1438.09244268
0.05226000  1437.88549032
0.05228000  1437.67853796
0.05230000  1437.4715856
0.05232000  1437.26463324
0.05234000  1437.05768088
0.05236000  1436.85072852
0.05238000  1436.64377616
0.05240000  1436.4368238
0.05242000  1436.22987144
0.05244000  1436.02291908
0.05246000  1435.81596672
0.05248000  1435.60901436
0.05250000  1435.4020620000001
0.05252000  1435.19510964
0.05254000  1434.98815728
0.05256000  1434.78120492
0.05258000  1434.57425256
0.05260000  1434.3673002
0.05262000  1434.16034784
0.05264000  1433.95339548
0.05266000  1433.74644312
0.05268000  1433.53949076
0.05270000  1433.3325384
0.05272000  1433.12558604
0.05274000  1432.91863368
0.05276000  1432.71168132
0.05278000  1432.50472896
0.05280000  1432.2977766
0.05282000  1432.09082424
0.05284000  1431.88387188
0.05286000  1431.67691952
0.05288000  1431.46996716
0.05290000  1431.2630148
0.05292000  1431.05606244
0.05294000  1430.84911008
0.05296000  1430.64215772
0.05298000  1430.43520536
0.05300000  1430.228253
0.05302000  1430.02130064
0.05304000  1429.81434828
0.05306000  1429.60739592
0.05308000  1429.40044356
0.05310000  1429.1934912
0.05312000  1428.98653884
0.05314000  1428.77958648
0.05316000  1428.57263412
0.05318000  1428.36568176
0.05320000  1428.1587294
0.05322000  1427.95177704
0.05324000  1427.74482468
0.05326000  1427.53787232
0.05328000  1427.33091996
0.05330000  1427.1239676
0.05332000  1426.91701524
0.05334000  1426.71006288
0.05336000  1426.50311052
0.05338000  1426.29615816
0.05340000  1426.0892058
0.05342000  1425.8822534399999
0.05344000  1425.67530108
0.05346000  1425.46834872
0.05348000  1425.26139636
0.05350000  1425.0544439999999
0.05352000  1424.84749164
0.05354000  1424.64053928
0.05356000  1424.43358692
0.05358000  1424.22663456
0.05360000  1424.0196822
0.05362000  1423.81272984
0.05364000  1423.60577748
0.05366000  1423.39882512
0.05368000  1423.19187276
0.05370000  1422.9849204
0.05372000  1422.77796804
0.05374000  1422.57101568
0.05376000  1422.36406332
0.05378000  1422.15711096
0.05380000  1421.9501586
0.05382000  1421.74320624
0.05384000  1421.53625388
0.05386000  1421.32930152
0.05388000  1421.1223491599999
0.05390000  1420.9153968
0.05392000  1420.70844444
0.05394000  1420.50149208
0.05396000  1420.29453972
0.05398000  1420.08758736
0.05400000  1419.880635
0.05402000  1419.67368264
0.05404000  1419.4667302799999
0.05406000  1419.25977792
0.05408000  1419.05282556
0.05410000  1418.8458732
0.05412000  1418.63892084
0.05414000  1418.43196848
0.05416000  1418.22501612
0.05418000  1418.01806376
0.05420000  1417.8111114
0.05422000  1417.60415904
0.05424000  1417.39720668
0.05426000  1417.19025432
0.05428000  1416.98330196
0.05430000  1416.7763496
0.05432000  1416.56939724
0.05434000  1416.3624448799999
0.05436000  1416.15549252
0.05438000  1415.94854016
0.05440000  1415.7415878
0.05442000  1415.5346354399999
0.05444000  1415.32768308
0.05446000  1415.12073072
0.05448000  1414.91377836
0.05450000  1414.706826
0.05452000  1414.49987364
0.05454000  1414.29292128
0.05456000  1414.08596892
0.05458000  1413.87901656
0.05460000  1413.6720642
0.05462000  1413.46511184
0.05464000  1413.25815948
0.05466000  1413.05120712
0.05468000  1412.84425476
0.05470000  1412.6373024
0.05472000  1412.43035004
0.05474000  1412.22339768
0.05476000  1412.01644532
0.05478000  1411.80949296
0.05480000  1411.6025405999999
0.05482000  1411.39558824
0.05484000  1411.18863588
0.05486000  1410.98168352
0.05488000  1410.7747311599999
0.05490000  1410.5677788
0.05492000  1410.36082644
0.05494000  1410.15387408
0.05496000  1409.9469217199999
0.05498000  1409.73996936
0.05500000  1409.533017
0.05502000  1409.32606464
0.05504000  1409.11911228
0.05506000  1408.91215992
0.05508000  1408.70520756
0.05510000  1408.4982552
0.05512000  1408.29130284
0.05514000  1408.08435048
0.05516000  1407.87739812
0.05518000  1407.67044576
0.05520000  1407.4634934
0.05522000  1407.25654104
0.05524000  1407.04958868
0.05526000  1406.8426363199999
0.05528000  1406.63568396
0.05530000  1406.4287316
0.05532000  1406.22177924
0.05534000  1406.0148268799999
0.05536000  1405.80787452
0.05538000  1405.60092216
0.05540000  1405.3939698
0.05542000  1405.18701744
0.05544000  1404.98006508
0.05546000  1404.77311272
0.05548000  1404.56616036
0.05550000  1404.3592079999999
0.05552000  1404.15225564
0.05554000  1403.94530328
0.05556000  1403.73835092
0.05558000  1403.53139856
0.05560000  1403.3244462
0.05562000  1403.11749384
0.05564000  1402.91054148
0.05566000  1402.70358912
0.05568000  1402.49663676
0.05570000  1402.2896844
0.05572000  1402.0827320399999
0.05574000  1401.87577968
0.05576000  1401.66882732
0.05578000  1401.46187496
0.05580000  1401.2549225999999
0.05582000  1401.04797024
0.05584000  1400.84101788
0.05586000  1400.63406552
0.05588000  1400.4271131599999
0.05590000  1400.2201608
0.05592000  1400.01320844
0.05594000  1399.80625608
0.05596000  1399.59930372
0.05598000  1399.39235136
0.05600000  1399.185399
0.05602000  1398.97844664
0.05604000  1398.7714942799998
0.05606000  1398.56454192
0.05608000  1398.35758956
0.05610000  1398.1506372
0.05612000  1397.94368484
0.05614000  1397.73673248
0.05616000  1397.52978012
0.05618000  1397.3228277599999
0.05620000  1397.1158754
0.05622000  1396.90892304
0.05624000  1396.70197068
0.05626000  1396.4950183199999
0.05628000  1396.28806596
0.05630000  1396.0811136
0.05632000  1395.87416124
0.05634000  1395.6672088799999
0.05636000  1395.46025652
0.05638000  1395.25330416
0.05640000  1395.0463518
0.05642000  1394.8393994399999
0.05644000  1394.63244708
0.05646000  1394.42549472
0.05648000  1394.21854236
0.05650000  1394.01159
0.05652000  1393.80463764
0.05654000  1393.59768528
0.05656000  1393.39073292
0.05658000  1393.1837805599998
0.05660000  1392.9768282
0.05662000  1392.76987584
0.05664000  1392.5629234799999
0.05666000  1392.35597112
0.05668000  1392.14901876
0.05670000  1391.9420664
0.05672000  1391.7351140399999
0.05674000  1391.52816168
0.05676000  1391.32120932
0.05678000  1391.11425696
0.05680000  1390.9073045999999
0.05682000  1390.70035224
0.05684000  1390.49339988
0.05686000  1390.28644752
0.05688000  1390.07949516
0.05690000  1389.8725428
0.05692000  1389.66559044
0.05694000  1389.45863808
0.05696000  1389.2516857199998
0.05698000  1389.04473336
0.05700000  1388.837781
0.05702000  1388.63082864
0.05704000  1388.42387628
0.05706000  1388.21692392
0.05708000  1388.00997156
0.05710000  1387.8030191999999
0.05712000  1387.59606684
0.05714000  1387.38911448
0.05716000  1387.18216212
0.05718000  1386.9752097599999
0.05720000  1386.7682574
0.05722000  1386.56130504
0.05724000  1386.35435268
0.05726000  1386.1474003199999
0.05728000  1385.94044796
0.05730000  1385.7334956
0.05732000  1385.52654324
0.05734000  1385.3195908799999
0.05736000  1385.11263852
0.05738000  1384.90568616
0.05740000  1384.6987338
0.05742000  1384.49178144
0.05744000  1384.28482908
0.05746000  1384.07787672
0.05748000  1383.87092436
0.05750000  1383.6639719999998
0.05752000  1383.45701964
0.05754000  1383.25006728
0.05756000  1383.0431149199999
0.05758000  1382.83616256
0.05760000  1382.6292102
0.05762000  1382.42225784
0.05764000  1382.2153054799999
0.05766000  1382.00835312
0.05768000  1381.80140076
0.05770000  1381.5944484
0.05772000  1381.3874960399999
0.05774000  1381.18054368
0.05776000  1380.97359132
0.05778000  1380.76663896
0.05780000  1380.5596865999998
0.05782000  1380.35273424
0.05784000  1380.14578188
0.05786000  1379.93882952
0.05788000  1379.7318771599998
0.05790000  1379.5249248
0.05792000  1379.31797244
0.05794000  1379.11102008
0.05796000  1378.90406772
0.05798000  1378.69711536
0.05800000  1378.490163
0.05802000  1378.2832106399999
0.05804000  1378.0762582799998
0.05806000  1377.86930592
0.05808000  1377.66235356
0.05810000  1377.4554011999999
0.05812000  1377.24844884
0.05814000  1377.04149648
0.05816000  1376.83454412
0.05818000  1376.6275917599999
0.05820000  1376.4206394
0.05822000  1376.21368704
0.05824000  1376.00673468
0.05826000  1375.7997823199998
0.05828000  1375.59282996
0.05830000  1375.3858776
0.05832000  1375.17892524
0.05834000  1374.9719728799998
0.05836000  1374.76502052
0.05838000  1374.55806816
0.05840000  1374.3511158
0.05842000  1374.1441634399998
0.05844000  1373.93721108
0.05846000  1373.73025872
0.05848000  1373.5233063599999
0.05850000  1373.316354
0.05852000  1373.10940164
0.05854000  1372.90244928
0.05856000  1372.6954969199999
0.05858000  1372.4885445599998
0.05860000  1372.2815922
0.05862000  1372.07463984
0.05864000  1371.8676874799999
0.05866000  1371.66073512
0.05868000  1371.45378276
0.05870000  1371.2468304
0.05872000  1371.0398780399998
0.05874000  1370.83292568
0.05876000  1370.62597332
0.05878000  1370.41902096
0.05880000  1370.2120685999998
0.05882000  1370.00511624
0.05884000  1369.79816388
0.05886000  1369.59121152
0.05888000  1369.38425916
0.05890000  1369.1773068
0.05892000  1368.97035444
0.05894000  1368.7634020799999
0.05896000  1368.5564497199998
0.05898000  1368.34949736
0.05900000  1368.142545
0.05902000  1367.9355926399999
0.05904000  1367.72864028
0.05906000  1367.52168792
0.05908000  1367.31473556
0.05910000  1367.1077831999999
0.05912000  1366.90083084
0.05914000  1366.69387848
0.05916000  1366.48692612
0.05918000  1366.2799737599998
0.05920000  1366.0730214
0.05922000  1365.86606904
0.05924000  1365.65911668
0.05926000  1365.4521643199998
0.05928000  1365.24521196
0.05930000  1365.0382596
0.05932000  1364.83130724
0.05934000  1364.6243548799998
0.05936000  1364.41740252
0.05938000  1364.21045016
0.05940000  1364.0034977999999
0.05942000  1363.79654544
0.05944000  1363.58959308
0.05946000  1363.38264072
0.05948000  1363.1756883599999
0.05950000  1362.9687359999998
0.05952000  1362.76178364
0.05954000  1362.55483128
0.05956000  1362.3478789199999
0.05958000  1362.14092656
0.05960000  1361.9339742
0.05962000  1361.72702184
0.05964000  1361.5200694799998
0.05966000  1361.31311712
0.05968000  1361.10616476
0.05970000  1360.8992124
0.05972000  1360.6922600399998
0.05974000  1360.48530768
0.05976000  1360.27835532
0.05978000  1360.07140296
0.05980000  1359.8644505999998
0.05982000  1359.65749824
0.05984000  1359.45054588
0.05986000  1359.2435935199999
0.05988000  1359.0366411599998
0.05990000  1358.8296888
0.05992000  1358.62273644
0.05994000  1358.4157840799999
0.05996000  1358.20883172
0.05998000  1358.00187936
0.06000000  1357.794927
0.06002000  1356.29163
0.06004000  1354.903857
0.06006000  1353.62453
0.06008000  1352.439855
0.06010000  1351.266934
0.06012000  1349.865755
0.06014000  1347.986633
0.06016000  1345.456279
0.06018000  1342.07728
0.06020000  1337.629796
0.06022000  1331.583852
0.06024000  1322.345751
0.06026000  1307.971864
0.06028000  1286.014858
0.06030000  1253.059235
0.06032000  1204.463298
0.06034000  1134.705302
0.06036000  1039.157846
0.06038000  920.276048
0.06040000  793.140071
0.06042000  669.311096
0.06044000  547.922095
0.06046000  421.556817
0.06048000  288.809868
0.06050000  172.408662
0.06052000  99.814985
0.06054000  62.859117
0.06056000  46.699883
0.06058000  42.351158
0.06060000  48.561917
0.06062000  70.657821
0.06064000  121.838491
0.06066000  219.926005
0.06068000  368.349558
0.06070000  549.841989
0.06072000  739.653457
0.06074000  916.69325
0.06076000  1069.05812
0.06078000  1192.446332
0.06080000  1287.005452
0.06082000  1356.431151
0.06084000  1406.198201
0.06086000  1441.61294
0.06088000  1466.890238
0.06090000  1485.062323
0.06092000  1498.242624
0.06094000  1507.879571
0.06096000  1514.971983
0.06098000  1520.222738
0.06100000  1524.125953
0.06102000  1527.03318
0.06104000  1529.200786
0.06106000  1530.813101
0.06108000  1532.008288
0.06110000  1532.890378
0.06112000  1533.537463
0.06114000  1534.006907
0.06116000  1534.341628
0.06118000  1534.573277
0.06120000  1534.72696
0.06122000  1534.821403
0.06124000  1534.86993
0.06126000  1534.884045
0.06128000  1534.872577
0.06130000  1534.843463
0.06132000  1534.801107
0.06134000  1534.749914
0.06136000  1534.696057
0.06138000  1534.643068
0.06140000  1534.591832
0.06142000  1534.544116
0.06144000  1534.499039
0.06146000  1534.457489
0.06148000  1534.419466
0.06150000  1534.384089
0.06152000  1534.35136
0.06154000  1534.322164
0.06156000  1534.295618
0.06158000  1534.270838
0.06160000  1534.247825
0.06162000  1534.22658
0.06164000  1534.207104
0.06166000  1534.188511
0.06168000  1534.170801
0.06170000  1534.153975
0.06172000  1534.137148
0.06174000  1534.121205
0.06176000  1534.106147
0.06178000  1534.091973
0.06180000  1534.077798
0.06182000  1534.063622
0.06184000  1534.050331
0.06186000  1534.037925
0.06188000  1534.024633
0.06190000  1534.012225
0.06192000  1534.000703
0.06194000  1533.98918
0.06196000  1533.977657
0.06198000  1533.966133
0.06200000  1533.955495
0.06202000  1533.944856
0.06204000  1533.934216
0.06206000  1533.924463
0.06208000  1533.914709
0.06210000  1533.904955
0.06212000  1533.896087
0.06214000  1533.887218
0.06216000  1533.878349
0.06218000  1533.86948
0.06220000  1533.861497
0.06222000  1533.853514
0.06224000  1533.84553
0.06226000  1533.838434
0.06228000  1533.831337
0.06230000  1533.82424
0.06232000  1533.817142
0.06234000  1533.810932
0.06236000  1533.804721
0.06238000  1533.79851
0.06240000  1533.792299
0.06242000  1533.786975
0.06244000  1533.78165
0.06246000  1533.776326
0.06248000  1533.771002
0.06250000  1533.766564
0.06252000  1533.76124
0.06254000  1533.756802
0.06256000  1533.753252
0.06258000  1533.748815
0.06260000  1533.745265
0.06262000  1533.741714
0.06264000  1533.738164
0.06266000  1533.734614
0.06268000  1533.731951
0.06270000  1533.7284
0.06272000  1533.725737
0.06274000  1533.723075
0.06276000  1533.721299
0.06278000  1533.718636
0.06280000  1533.716861
0.06282000  1533.715086
0.06284000  1533.71331
0.06286000  1533.711535
0.06288000  1533.710647
0.06290000  1533.708872
0.06292000  1533.707984
0.06294000  1533.707096
0.06296000  1533.706208
0.06298000  1533.705321
0.06300000  1533.704433
