0.00000000  1357.801396
0.00002000  1356.296498
0.00004000  1354.910367
0.00006000  1353.631058
0.00008000  1352.446399
0.00010000  1351.273494
0.00012000  1349.872335
0.00014000  1347.991588
0.00016000  1345.46126
0.00018000  1342.083968
0.00020000  1337.634857
0.00022000  1331.588975
0.00024000  1322.352704
0.00026000  1307.980788
0.00028000  1286.029682
0.00030000  1253.090424
0.00032000  1204.536006
0.00034000  1134.879436
0.00036000  1039.533076
0.00038000  921.002798
0.00040000  794.376939
0.00042000  671.172895
0.00044000  550.438683
0.00046000  424.582323
0.00048000  291.927058
0.00050000  175.121601
0.00052000  102.083128
0.00054000  64.888685
0.00056000  48.784326
0.00058000  44.870841
0.00060000  52.304361
0.00062000  77.481747
0.00064000  135.709804
0.00066000  246.835838
0.00068000  412.014799
0.00070000  607.470722
0.00072000  803.645591
0.00074000  979.133077
0.00076000  1124.643212
0.00078000  1238.946616
0.00080000  1324.507131
0.00082000  1386.227871
0.00084000  1429.878608
0.00086000  1460.60257
0.00088000  1482.314321
0.00090000  1497.773949
0.00092000  1508.873554
0.00094000  1516.900791
0.00096000  1522.738414
0.00098000  1527.00192
0.00100000  1530.124936
0.00102000  1532.412758
0.00104000  1534.086657
0.00106000  1535.306099
0.00108000  1536.187616
0.00110000  1536.818927
0.00112000  1537.265298
0.00114000  1537.575021
0.00116000  1537.781788
0.00118000  1537.911116
0.00120000  1537.983117
0.00122000  1538.012603
0.00124000  1538.009135
0.00126000  1537.98225
0.00128000  1537.938011
0.00130000  1537.882481
0.00132000  1537.818252
0.00134000  1537.750528
0.00136000  1537.681909
0.00138000  1537.615872
0.00140000  1537.553288
0.00142000  1537.49503
0.00144000  1537.440234
0.00146000  1537.388902
0.00148000  1537.341907
0.00150000  1537.297512
0.00152000  1537.255719
0.00154000  1537.2174
0.00156000  1537.181686
0.00158000  1537.147708
0.00160000  1537.115467
0.00162000  1537.084963
0.00164000  1537.055326
0.00166000  1537.026556
0.00168000  1536.999525
0.00170000  1536.97249
0.00172000  1536.946324
0.00174000  1536.921026
0.00176000  1536.896597
0.00178000  1536.872165
0.00180000  1536.84773
0.00182000  1536.824164
0.00184000  1536.801469
0.00186000  1536.77877
0.00188000  1536.756942
0.00190000  1536.735111
0.00192000  1536.713278
0.00194000  1536.692315
0.00196000  1536.67135
0.00198000  1536.650383
0.00200000  1536.630287
0.00202000  1536.611062
0.00204000  1536.590962
0.00206000  1536.571734
0.00208000  1536.553377
0.00210000  1536.535019
0.00212000  1536.516659
0.00214000  1536.498297
0.00216000  1536.480808
0.00218000  1536.463317
0.00220000  1536.4467
0.00222000  1536.43008
0.00224000  1536.413459
0.00226000  1536.396837
0.00228000  1536.381088
0.00230000  1536.365338
0.00232000  1536.350461
0.00234000  1536.335583
0.00236000  1536.320705
0.00238000  1536.305824
0.00240000  1536.291819
0.00242000  1536.277812
0.00244000  1536.264679
0.00246000  1536.25067
0.00248000  1536.237535
0.00250000  1536.225276
0.00252000  1536.212139
0.00254000  1536.199878
0.00256000  1536.187616
0.00258000  1536.176229
0.00260000  1536.163965
0.00262000  1536.152576
0.00264000  1536.142063
0.00266000  1536.130673
0.00268000  1536.120159
0.00270000  1536.109644
0.00272000  1536.099128
0.00274000  1536.089489
0.00276000  1536.078972
0.00278000  1536.069331
0.00280000  1536.060566
0.00282000  1536.050924
0.00284000  1536.042159
0.00286000  1536.033392
0.00288000  1536.024626
0.00290000  1536.015859
0.00292000  1536.007968
0.00294000  1536.000077
0.00296000  1535.992186
0.00298000  1535.984294
0.00300000  1535.977279
0.00302000  1535.7676603141176
0.00304000  1535.5580416282353
0.00306000  1535.348422942353
0.00308000  1535.1388042564706
0.00310000  1534.9291855705883
0.00312000  1534.7195668847057
0.00314000  1534.5099481988234
0.00316000  1534.300329512941
0.00318000  1534.0907108270587
0.00320000  1533.8810921411764
0.00322000  1533.671473455294
0.00324000  1533.4618547694117
0.00326000  1533.2522360835294
0.00328000  1533.042617397647
0.00330000  1532.8329987117647
0.00332000  1532.6233800258824
0.00334000  1532.41376134
0.00336000  1532.2041426541175
0.00338000  1531.9945239682352
0.00340000  1531.7849052823528
0.00342000  1531.5752865964705
0.00344000  1531.3656679105882
0.00346000  1531.1560492247058
0.00348000  1530.9464305388235
0.00350000  1530.7368118529412
0.00352000  1530.5271931670588
0.00354000  1530.3175744811765
0.00356000  1530.1079557952942
0.00358000  1529.8983371094116
0.00360000  1529.6887184235293
0.00362000  1529.479099737647
0.00364000  1529.2694810517646
0.00366000  1529.0598623658823
0.00368000  1528.85024368
0.00370000  1528.6406249941176
0.00372000  1528.4310063082353
0.00374000  1528.221387622353
0.00376000  1528.0117689364706
0.00378000  1527.8021502505883
0.00380000  1527.592531564706
0.00382000  1527.3829128788234
0.00384000  1527.173294192941
0.00386000  1526.9636755070587
0.00388000  1526.7540568211764
0.00390000  1526.544438135294
0.00392000  1526.3348194494117
0.00394000  1526.1252007635294
0.00396000  1525.915582077647
0.00398000  1525.7059633917647
0.00400000  1525.4963447058824
0.00402000  1525.28672602
0.00404000  1525.0771073341175
0.00406000  1524.8674886482352
0.00408000  1524.6578699623528
0.00410000  1524.4482512764705
0.00412000  1524.2386325905882
0.00414000  1524.0290139047058
0.00416000  1523.8193952188235
0.00418000  1523.6097765329412
0.00420000  1523.4001578470588
0.00422000  1523.1905391611765
0.00424000  1522.9809204752942
0.00426000  1522.7713017894118
0.00428000  1522.5616831035293
0.00430000  1522.352064417647
0.00432000  1522.1424457317646
0.00434000  1521.9328270458823
0.00436000  1521.72320836
0.00438000  1521.5135896741176
0.00440000  1521.3039709882353
0.00442000  1521.094352302353
0.00444000  1520.8847336164706
0.00446000  1520.6751149305883
0.00448000  1520.465496244706
0.00450000  1520.2558775588234
0.00452000  1520.046258872941
0.00454000  1519.8366401870587
0.00456000  1519.6270215011764
0.00458000  1519.417402815294
0.00460000  1519.2077841294117
0.00462000  1518.9981654435294
0.00464000  1518.788546757647
0.00466000  1518.5789280717647
0.00468000  1518.3693093858824
0.00470000  1518.1596907
0.00472000  1517.9500720141177
0.00474000  1517.7404533282352
0.00476000  1517.5308346423528
0.00478000  1517.3212159564705
0.00480000  1517.1115972705882
0.00482000  1516.9019785847058
0.00484000  1516.6923598988235
0.00486000  1516.4827412129412
0.00488000  1516.2731225270588
0.00490000  1516.0635038411765
0.00492000  1515.8538851552942
0.00494000  1515.6442664694118
0.00496000  1515.4346477835293
0.00498000  1515.225029097647
0.00500000  1515.0154104117646
0.00502000  1514.8057917258823
0.00504000  1514.59617304
0.00506000  1514.3865543541176
0.00508000  1514.1769356682353
0.00510000  1513.967316982353
0.00512000  1513.7576982964706
0.00514000  1513.5480796105883
0.00516000  1513.338460924706
0.00518000  1513.1288422388236
0.00520000  1512.919223552941
0.00522000  1512.7096048670587
0.00524000  1512.4999861811764
0.00526000  1512.290367495294
0.00528000  1512.0807488094117
0.00530000  1511.8711301235294
0.00532000  1511.661511437647
0.00534000  1511.4518927517647
0.00536000  1511.2422740658824
0.00538000  1511.03265538
0.00540000  1510.8230366941177
0.00542000  1510.6134180082352
0.00544000  1510.4037993223528
0.00546000  1510.1941806364705
0.00548000  1509.9845619505882
0.00550000  1509.7749432647058
0.00552000  1509.5653245788235
0.00554000  1509.3557058929412
0.00556000  1509.1460872070588
0.00558000  1508.9364685211765
0.00560000  1508.7268498352942
0.00562000  1508.5172311494118
0.00564000  1508.3076124635295
0.00566000  1508.097993777647
0.00568000  1507.8883750917646
0.00570000  1507.6787564058823
0.00572000  1507.46913772
0.00574000  1507.2595190341176
0.00576000  1507.0499003482353
0.00578000  1506.840281662353
0.00580000  1506.6306629764706
0.00582000  1506.4210442905883
0.00584000  1506.211425604706
0.00586000  1506.0018069188236
0.00588000  1505.792188232941
0.00590000  1505.5825695470587
0.00592000  1505.3729508611764
0.00594000  1505.163332175294
0.00596000  1504.9537134894117
0.00598000  1504.7440948035294
0.00600000  1504.534476117647
0.00602000  1504.3248574317647
0.00604000  1504.1152387458824
0.00606000  1503.90562006
0.00608000  1503.6960013741177
0.00610000  1503.4863826882352
0.00612000  1503.2767640023528
0.00614000  1503.0671453164705
0.00616000  1502.8575266305882
0.00618000  1502.6479079447058
0.00620000  1502.4382892588235
0.00622000  1502.2286705729412
0.00624000  1502.0190518870588
0.00626000  1501.8094332011765
0.00628000  1501.5998145152942
0.00630000  1501.3901958294118
0.00632000  1501.1805771435295
0.00634000  1500.970958457647
0.00636000  1500.7613397717646
0.00638000  1500.5517210858823
0.00640000  1500.3421024
0.00642000  1500.1324837141176
0.00644000  1499.9228650282353
0.00646000  1499.713246342353
0.00648000  1499.5036276564706
0.00650000  1499.2940089705883
0.00652000  1499.084390284706
0.00654000  1498.8747715988236
0.00656000  1498.6651529129413
0.00658000  1498.4555342270587
0.00660000  1498.2459155411764
0.00662000  1498.036296855294
0.00664000  1497.8266781694117
0.00666000  1497.6170594835294
0.00668000  1497.407440797647
0.00670000  1497.1978221117647
0.00672000  1496.9882034258824
0.00674000  1496.77858474
0.00676000  1496.5689660541177
0.00678000  1496.3593473682354
0.00680000  1496.1497286823528
0.00682000  1495.9401099964705
0.00684000  1495.7304913105881
0.00686000  1495.5208726247058
0.00688000  1495.3112539388235
0.00690000  1495.1016352529412
0.00692000  1494.8920165670588
0.00694000  1494.6823978811765
0.00696000  1494.4727791952942
0.00698000  1494.2631605094118
0.00700000  1494.0535418235295
0.00702000  1493.843923137647
0.00704000  1493.6343044517646
0.00706000  1493.4246857658823
0.00708000  1493.21506708
0.00710000  1493.0054483941176
0.00712000  1492.7958297082353
0.00714000  1492.586211022353
0.00716000  1492.3765923364706
0.00718000  1492.1669736505883
0.00720000  1491.957354964706
0.00722000  1491.7477362788236
0.00724000  1491.5381175929413
0.00726000  1491.3284989070587
0.00728000  1491.1188802211764
0.00730000  1490.909261535294
0.00732000  1490.6996428494117
0.00734000  1490.4900241635294
0.00736000  1490.280405477647
0.00738000  1490.0707867917647
0.00740000  1489.8611681058824
0.00742000  1489.65154942
0.00744000  1489.4419307341177
0.00746000  1489.2323120482354
0.00748000  1489.022693362353
0.00750000  1488.8130746764705
0.00752000  1488.6034559905881
0.00754000  1488.3938373047058
0.00756000  1488.1842186188235
0.00758000  1487.9745999329411
0.00760000  1487.7649812470588
0.00762000  1487.5553625611765
0.00764000  1487.3457438752941
0.00766000  1487.1361251894118
0.00768000  1486.9265065035295
0.00770000  1486.7168878176471
0.00772000  1486.5072691317646
0.00774000  1486.2976504458823
0.00776000  1486.08803176
0.00778000  1485.8784130741176
0.00780000  1485.6687943882353
0.00782000  1485.459175702353
0.00784000  1485.2495570164706
0.00786000  1485.0399383305883
0.00788000  1484.830319644706
0.00790000  1484.6207009588236
0.00792000  1484.4110822729413
0.00794000  1484.2014635870587
0.00796000  1483.9918449011764
0.00798000  1483.782226215294
0.00800000  1483.5726075294117
0.00802000  1483.3629888435294
0.00804000  1483.153370157647
0.00806000  1482.9437514717647
0.00808000  1482.7341327858824
0.00810000  1482.5245141
0.00812000  1482.3148954141177
0.00814000  1482.1052767282354
0.00816000  1481.895658042353
0.00818000  1481.6860393564705
0.00820000  1481.4764206705881
0.00822000  1481.2668019847058
0.00824000  1481.0571832988235
0.00826000  1480.8475646129411
0.00828000  1480.6379459270588
0.00830000  1480.4283272411765
0.00832000  1480.2187085552941
0.00834000  1480.0090898694118
0.00836000  1479.7994711835295
0.00838000  1479.5898524976471
0.00840000  1479.3802338117648
0.00842000  1479.1706151258823
0.00844000  1478.96099644
0.00846000  1478.7513777541176
0.00848000  1478.5417590682353
0.00850000  1478.332140382353
0.00852000  1478.1225216964706
0.00854000  1477.9129030105883
0.00856000  1477.703284324706
0.00858000  1477.4936656388236
0.00860000  1477.2840469529413
0.00862000  1477.074428267059
0.00864000  1476.8648095811764
0.00866000  1476.655190895294
0.00868000  1476.4455722094117
0.00870000  1476.2359535235294
0.00872000  1476.026334837647
0.00874000  1475.8167161517647
0.00876000  1475.6070974658824
0.00878000  1475.39747878
0.00880000  1475.1878600941177
0.00882000  1474.9782414082354
0.00884000  1474.768622722353
0.00886000  1474.5590040364705
0.00888000  1474.3493853505881
0.00890000  1474.1397666647058
0.00892000  1473.9301479788235
0.00894000  1473.7205292929411
0.00896000  1473.5109106070588
0.00898000  1473.3012919211765
0.00900000  1473.0916732352941
0.00902000  1472.8820545494118
0.00904000  1472.6724358635295
0.00906000  1472.4628171776471
0.00908000  1472.2531984917648
0.00910000  1472.0435798058822
0.00912000  1471.83396112
0.00914000  1471.6243424341176
0.00916000  1471.4147237482352
0.00918000  1471.205105062353
0.00920000  1470.9954863764706
0.00922000  1470.7858676905882
0.00924000  1470.576249004706
0.00926000  1470.3666303188236
0.00928000  1470.1570116329412
0.00930000  1469.947392947059
0.00932000  1469.7377742611766
0.00934000  1469.528155575294
0.00936000  1469.3185368894117
0.00938000  1469.1089182035294
0.00940000  1468.899299517647
0.00942000  1468.6896808317647
0.00944000  1468.4800621458824
0.00946000  1468.27044346
0.00948000  1468.0608247741177
0.00950000  1467.8512060882354
0.00952000  1467.641587402353
0.00954000  1467.4319687164707
0.00956000  1467.2223500305881
0.00958000  1467.0127313447058
0.00960000  1466.8031126588235
0.00962000  1466.5934939729411
0.00964000  1466.3838752870588
0.00966000  1466.1742566011765
0.00968000  1465.9646379152941
0.00970000  1465.7550192294118
0.00972000  1465.5454005435295
0.00974000  1465.3357818576471
0.00976000  1465.1261631717648
0.00978000  1464.9165444858822
0.00980000  1464.7069258
0.00982000  1464.4973071141176
0.00984000  1464.2876884282352
0.00986000  1464.078069742353
0.00988000  1463.8684510564706
0.00990000  1463.6588323705882
0.00992000  1463.449213684706
0.00994000  1463.2395949988236
0.00996000  1463.0299763129412
0.00998000  1462.820357627059
0.01000000  1462.6107389411766
0.01002000  1462.401120255294
0.01004000  1462.1915015694117
0.01006000  1461.9818828835294
0.01008000  1461.772264197647
0.01010000  1461.5626455117647
0.01012000  1461.3530268258824
0.01014000  1461.14340814
0.01016000  1460.9337894541177
0.01018000  1460.7241707682354
0.01020000  1460.514552082353
0.01022000  1460.3049333964707
0.01024000  1460.0953147105884
0.01026000  1459.8856960247058
0.01028000  1459.6760773388235
0.01030000  1459.4664586529411
0.01032000  1459.2568399670588
0.01034000  1459.0472212811765
0.01036000  1458.8376025952941
0.01038000  1458.6279839094118
0.01040000  1458.4183652235295
0.01042000  1458.2087465376471
0.01044000  1457.9991278517648
0.01046000  1457.7895091658825
0.01048000  1457.57989048
0.01050000  1457.3702717941176
0.01052000  1457.1606531082352
0.01054000  1456.951034422353
0.01056000  1456.7414157364706
0.01058000  1456.5317970505882
0.01060000  1456.322178364706
0.01062000  1456.1125596788236
0.01064000  1455.9029409929412
0.01066000  1455.693322307059
0.01068000  1455.4837036211766
0.01070000  1455.274084935294
0.01072000  1455.0644662494117
0.01074000  1454.8548475635293
0.01076000  1454.645228877647
0.01078000  1454.4356101917647
0.01080000  1454.2259915058823
0.01082000  1454.01637282
0.01084000  1453.8067541341177
0.01086000  1453.5971354482353
0.01088000  1453.387516762353
0.01090000  1453.1778980764707
0.01092000  1452.9682793905883
0.01094000  1452.7586607047058
0.01096000  1452.5490420188235
0.01098000  1452.3394233329411
0.01100000  1452.1298046470588
0.01102000  1451.9201859611765
0.01104000  1451.7105672752941
0.01106000  1451.5009485894118
0.01108000  1451.2913299035295
0.01110000  1451.0817112176471
0.01112000  1450.8720925317648
0.01114000  1450.6624738458825
0.01116000  1450.4528551600001
0.01118000  1450.2432364741176
0.01120000  1450.0336177882352
0.01122000  1449.823999102353
0.01124000  1449.6143804164706
0.01126000  1449.4047617305882
0.01128000  1449.195143044706
0.01130000  1448.9855243588236
0.01132000  1448.7759056729412
0.01134000  1448.566286987059
0.01136000  1448.3566683011766
0.01138000  1448.1470496152942
0.01140000  1447.9374309294117
0.01142000  1447.7278122435293
0.01144000  1447.518193557647
0.01146000  1447.3085748717647
0.01148000  1447.0989561858823
0.01150000  1446.8893375
0.01152000  1446.6797188141177
0.01154000  1446.4701001282353
0.01156000  1446.260481442353
0.01158000  1446.0508627564707
0.01160000  1445.8412440705883
0.01162000  1445.6316253847058
0.01164000  1445.4220066988235
0.01166000  1445.2123880129411
0.01168000  1445.0027693270588
0.01170000  1444.7931506411765
0.01172000  1444.5835319552941
0.01174000  1444.3739132694118
0.01176000  1444.1642945835295
0.01178000  1443.9546758976471
0.01180000  1443.7450572117648
0.01182000  1443.5354385258825
0.01184000  1443.32581984
0.01186000  1443.1162011541176
0.01188000  1442.9065824682352
0.01190000  1442.696963782353
0.01192000  1442.4873450964706
0.01194000  1442.2777264105882
0.01196000  1442.068107724706
0.01198000  1441.8584890388236
0.01200000  1441.6488703529412
0.01202000  1441.439251667059
0.01204000  1441.2296329811766
0.01206000  1441.0200142952942
0.01208000  1440.810395609412
0.01210000  1440.6007769235293
0.01212000  1440.391158237647
0.01214000  1440.1815395517647
0.01216000  1439.9719208658823
0.01218000  1439.76230218
0.01220000  1439.5526834941177
0.01222000  1439.3430648082353
0.01224000  1439.133446122353
0.01226000  1438.9238274364707
0.01228000  1438.7142087505883
0.01230000  1438.504590064706
0.01232000  1438.2949713788234
0.01234000  1438.0853526929411
0.01236000  1437.8757340070588
0.01238000  1437.6661153211764
0.01240000  1437.4564966352941
0.01242000  1437.2468779494118
0.01244000  1437.0372592635294
0.01246000  1436.8276405776471
0.01248000  1436.6180218917648
0.01250000  1436.4084032058825
0.01252000  1436.1987845200001
0.01254000  1435.9891658341176
0.01256000  1435.7795471482352
0.01258000  1435.569928462353
0.01260000  1435.3603097764706
0.01262000  1435.1506910905882
0.01264000  1434.941072404706
0.01266000  1434.7314537188236
0.01268000  1434.5218350329412
0.01270000  1434.312216347059
0.01272000  1434.1025976611766
0.01274000  1433.8929789752942
0.01276000  1433.6833602894117
0.01278000  1433.4737416035293
0.01280000  1433.264122917647
0.01282000  1433.0545042317647
0.01284000  1432.8448855458823
0.01286000  1432.63526686
0.01288000  1432.4256481741177
0.01290000  1432.2160294882353
0.01292000  1432.006410802353
0.01294000  1431.7967921164707
0.01296000  1431.5871734305883
0.01298000  1431.377554744706
0.01300000  1431.1679360588237
0.01302000  1430.958317372941
0.01304000  1430.7486986870588
0.01306000  1430.5390800011764
0.01308000  1430.329461315294
0.01310000  1430.1198426294118
0.01312000  1429.9102239435294
0.01314000  1429.700605257647
0.01316000  1429.4909865717648
0.01318000  1429.2813678858824
0.01320000  1429.0717492
0.01322000  1428.8621305141178
0.01324000  1428.6525118282352
0.01326000  1428.442893142353
0.01328000  1428.2332744564706
0.01330000  1428.0236557705882
0.01332000  1427.814037084706
0.01334000  1427.6044183988236
0.01336000  1427.3947997129412
0.01338000  1427.185181027059
0.01340000  1426.9755623411766
0.01342000  1426.7659436552942
0.01344000  1426.556324969412
0.01346000  1426.3467062835293
0.01348000  1426.137087597647
0.01350000  1425.9274689117647
0.01352000  1425.7178502258823
0.01354000  1425.50823154
0.01356000  1425.2986128541177
0.01358000  1425.0889941682353
0.01360000  1424.879375482353
0.01362000  1424.6697567964707
0.01364000  1424.4601381105883
0.01366000  1424.250519424706
0.01368000  1424.0409007388234
0.01370000  1423.831282052941
0.01372000  1423.6216633670588
0.01374000  1423.4120446811764
0.01376000  1423.202425995294
0.01378000  1422.9928073094118
0.01380000  1422.7831886235294
0.01382000  1422.573569937647
0.01384000  1422.3639512517648
0.01386000  1422.1543325658824
0.01388000  1421.94471388
0.01390000  1421.7350951941178
0.01392000  1421.5254765082354
0.01394000  1421.3158578223529
0.01396000  1421.1062391364705
0.01398000  1420.8966204505882
0.01400000  1420.6870017647059
0.01402000  1420.4773830788236
0.01404000  1420.2677643929412
0.01406000  1420.0581457070589
0.01408000  1419.8485270211766
0.01410000  1419.6389083352942
0.01412000  1419.4292896494119
0.01414000  1419.2196709635296
0.01416000  1419.010052277647
0.01418000  1418.8004335917647
0.01420000  1418.5908149058823
0.01422000  1418.38119622
0.01424000  1418.1715775341177
0.01426000  1417.9619588482353
0.01428000  1417.752340162353
0.01430000  1417.5427214764707
0.01432000  1417.3331027905883
0.01434000  1417.123484104706
0.01436000  1416.9138654188237
0.01438000  1416.704246732941
0.01440000  1416.4946280470588
0.01442000  1416.2850093611764
0.01444000  1416.075390675294
0.01446000  1415.8657719894118
0.01448000  1415.6561533035294
0.01450000  1415.446534617647
0.01452000  1415.2369159317648
0.01454000  1415.0272972458824
0.01456000  1414.81767856
0.01458000  1414.6080598741178
0.01460000  1414.3984411882352
0.01462000  1414.1888225023529
0.01464000  1413.9792038164705
0.01466000  1413.7695851305882
0.01468000  1413.5599664447059
0.01470000  1413.3503477588235
0.01472000  1413.1407290729412
0.01474000  1412.9311103870589
0.01476000  1412.7214917011765
0.01478000  1412.5118730152942
0.01480000  1412.3022543294119
0.01482000  1412.0926356435295
0.01484000  1411.8830169576472
0.01486000  1411.6733982717647
0.01488000  1411.4637795858823
0.01490000  1411.2541609
0.01492000  1411.0445422141177
0.01494000  1410.8349235282353
0.01496000  1410.625304842353
0.01498000  1410.4156861564707
0.01500000  1410.2060674705883
0.01502000  1409.996448784706
0.01504000  1409.7868300988237
0.01506000  1409.5772114129413
0.01508000  1409.3675927270588
0.01510000  1409.1579740411764
0.01512000  1408.948355355294
0.01514000  1408.7387366694118
0.01516000  1408.5291179835294
0.01518000  1408.319499297647
0.01520000  1408.1098806117648
0.01522000  1407.9002619258824
0.01524000  1407.69064324
0.01526000  1407.4810245541178
0.01528000  1407.2714058682354
0.01530000  1407.0617871823529
0.01532000  1406.8521684964705
0.01534000  1406.6425498105882
0.01536000  1406.4329311247059
0.01538000  1406.2233124388235
0.01540000  1406.0136937529412
0.01542000  1405.8040750670589
0.01544000  1405.5944563811765
0.01546000  1405.3848376952942
0.01548000  1405.1752190094119
0.01550000  1404.9656003235295
0.01552000  1404.755981637647
0.01554000  1404.5463629517646
0.01556000  1404.3367442658823
0.01558000  1404.12712558
0.01560000  1403.9175068941177
0.01562000  1403.7078882082353
0.01564000  1403.498269522353
0.01566000  1403.2886508364707
0.01568000  1403.0790321505883
0.01570000  1402.869413464706
0.01572000  1402.6597947788237
0.01574000  1402.450176092941
0.01576000  1402.240557407059
0.01578000  1402.0309387211764
0.01580000  1401.821320035294
0.01582000  1401.6117013494118
0.01584000  1401.4020826635294
0.01586000  1401.192463977647
0.01588000  1400.9828452917648
0.01590000  1400.7732266058824
0.01592000  1400.56360792
0.01594000  1400.3539892341178
0.01596000  1400.1443705482354
0.01598000  1399.934751862353
0.01600000  1399.7251331764705
0.01602000  1399.5155144905882
0.01604000  1399.3058958047059
0.01606000  1399.0962771188235
0.01608000  1398.8866584329412
0.01610000  1398.6770397470589
0.01612000  1398.4674210611765
0.01614000  1398.2578023752942
0.01616000  1398.0481836894119
0.01618000  1397.8385650035295
0.01620000  1397.6289463176472
0.01622000  1397.4193276317646
0.01624000  1397.2097089458823
0.01626000  1397.00009026
0.01628000  1396.7904715741176
0.01630000  1396.5808528882353
0.01632000  1396.371234202353
0.01634000  1396.1616155164706
0.01636000  1395.9519968305883
0.01638000  1395.742378144706
0.01640000  1395.5327594588236
0.01642000  1395.3231407729413
0.01644000  1395.1135220870588
0.01646000  1394.9039034011764
0.01648000  1394.694284715294
0.01650000  1394.4846660294118
0.01652000  1394.2750473435294
0.01654000  1394.065428657647
0.01656000  1393.8558099717648
0.01658000  1393.6461912858824
0.01660000  1393.4365726
0.01662000  1393.2269539141178
0.01664000  1393.0173352282354
0.01666000  1392.8077165423529
0.01668000  1392.5980978564708
0.01670000  1392.3884791705882
0.01672000  1392.1788604847059
0.01674000  1391.9692417988235
0.01676000  1391.7596231129412
0.01678000  1391.5500044270589
0.01680000  1391.3403857411765
0.01682000  1391.1307670552942
0.01684000  1390.9211483694119
0.01686000  1390.7115296835295
0.01688000  1390.5019109976472
0.01690000  1390.2922923117649
0.01692000  1390.0826736258823
0.01694000  1389.87305494
0.01696000  1389.6634362541176
0.01698000  1389.4538175682353
0.01700000  1389.244198882353
0.01702000  1389.0345801964706
0.01704000  1388.8249615105883
0.01706000  1388.615342824706
0.01708000  1388.4057241388236
0.01710000  1388.1961054529413
0.01712000  1387.986486767059
0.01714000  1387.7768680811764
0.01716000  1387.567249395294
0.01718000  1387.3576307094118
0.01720000  1387.1480120235294
0.01722000  1386.938393337647
0.01724000  1386.7287746517648
0.01726000  1386.5191559658824
0.01728000  1386.30953728
0.01730000  1386.0999185941178
0.01732000  1385.8902999082354
0.01734000  1385.680681222353
0.01736000  1385.4710625364705
0.01738000  1385.2614438505882
0.01740000  1385.0518251647059
0.01742000  1384.8422064788235
0.01744000  1384.6325877929412
0.01746000  1384.4229691070589
0.01748000  1384.2133504211765
0.01750000  1384.0037317352942
0.01752000  1383.7941130494119
0.01754000  1383.5844943635295
0.01756000  1383.3748756776472
0.01758000  1383.1652569917646
0.01760000  1382.9556383058825
0.01762000  1382.74601962
0.01764000  1382.5364009341176
0.01766000  1382.3267822482353
0.01768000  1382.117163562353
0.01770000  1381.9075448764706
0.01772000  1381.6979261905883
0.01774000  1381.488307504706
0.01776000  1381.2786888188236
0.01778000  1381.0690701329413
0.01780000  1380.859451447059
0.01782000  1380.6498327611766
0.01784000  1380.440214075294
0.01786000  1380.2305953894117
0.01788000  1380.0209767035294
0.01790000  1379.811358017647
0.01792000  1379.6017393317647
0.01794000  1379.3921206458824
0.01796000  1379.18250196
0.01798000  1378.9728832741177
0.01800000  1378.7632645882354
0.01802000  1378.553645902353
0.01804000  1378.3440272164707
0.01806000  1378.1344085305882
0.01808000  1377.9247898447059
0.01810000  1377.7151711588235
0.01812000  1377.5055524729412
0.01814000  1377.2959337870589
0.01816000  1377.0863151011765
0.01818000  1376.8766964152942
0.01820000  1376.6670777294119
0.01822000  1376.4574590435295
0.01824000  1376.2478403576472
0.01826000  1376.0382216717649
0.01828000  1375.8286029858823
0.01830000  1375.6189843
0.01832000  1375.4093656141176
0.01834000  1375.1997469282353
0.01836000  1374.990128242353
0.01838000  1374.7805095564706
0.01840000  1374.5708908705883
0.01842000  1374.361272184706
0.01844000  1374.1516534988236
0.01846000  1373.9420348129413
0.01848000  1373.732416127059
0.01850000  1373.5227974411764
0.01852000  1373.3131787552943
0.01854000  1373.1035600694117
0.01856000  1372.8939413835294
0.01858000  1372.684322697647
0.01860000  1372.4747040117647
0.01862000  1372.2650853258824
0.01864000  1372.05546664
0.01866000  1371.8458479541177
0.01868000  1371.6362292682354
0.01870000  1371.426610582353
0.01872000  1371.2169918964707
0.01874000  1371.0073732105884
0.01876000  1370.7977545247059
0.01878000  1370.5881358388235
0.01880000  1370.3785171529412
0.01882000  1370.1688984670589
0.01884000  1369.9592797811765
0.01886000  1369.7496610952942
0.01888000  1369.5400424094119
0.01890000  1369.3304237235295
0.01892000  1369.1208050376472
0.01894000  1368.9111863517649
0.01896000  1368.7015676658825
0.01898000  1368.49194898
0.01900000  1368.2823302941176
0.01902000  1368.0727116082353
0.01904000  1367.863092922353
0.01906000  1367.6534742364706
0.01908000  1367.4438555505883
0.01910000  1367.234236864706
0.01912000  1367.0246181788236
0.01914000  1366.8149994929413
0.01916000  1366.605380807059
0.01918000  1366.3957621211766
0.01920000  1366.186143435294
0.01922000  1365.9765247494117
0.01924000  1365.7669060635294
0.01926000  1365.557287377647
0.01928000  1365.3476686917647
0.01930000  1365.1380500058824
0.01932000  1364.92843132
0.01934000  1364.7188126341177
0.01936000  1364.5091939482354
0.01938000  1364.299575262353
0.01940000  1364.0899565764707
0.01942000  1363.8803378905882
0.01944000  1363.670719204706
0.01946000  1363.4611005188235
0.01948000  1363.2514818329412
0.01950000  1363.0418631470588
0.01952000  1362.8322444611765
0.01954000  1362.6226257752942
0.01956000  1362.4130070894118
0.01958000  1362.2033884035295
0.01960000  1361.9937697176472
0.01962000  1361.7841510317648
0.01964000  1361.5745323458825
0.01966000  1361.3649136600002
0.01968000  1361.1552949741176
0.01970000  1360.9456762882353
0.01972000  1360.736057602353
0.01974000  1360.5264389164706
0.01976000  1360.3168202305883
0.01978000  1360.107201544706
0.01980000  1359.8975828588236
0.01982000  1359.6879641729413
0.01984000  1359.478345487059
0.01986000  1359.2687268011766
0.01988000  1359.0591081152943
0.01990000  1358.8494894294117
0.01992000  1358.6398707435294
0.01994000  1358.430252057647
0.01996000  1358.2206333717647
0.01998000  1358.0110146858824
0.02000000  1357.801396
0.02002000  1356.296498
0.02004000  1354.910367
0.02006000  1353.631058
0.02008000  1352.446399
0.02010000  1351.273494
0.02012000  1349.872335
0.02014000  1347.991588
0.02016000  1345.46126
0.02018000  1342.083968
0.02020000  1337.634857
0.02022000  1331.588975
0.02024000  1322.352704
0.02026000  1307.980788
0.02028000  1286.029682
0.02030000  1253.090424
0.02032000  1204.536006
0.02034000  1134.879436
0.02036000  1039.533076
0.02038000  921.002798
0.02040000  794.376939
0.02042000  671.172895
0.02044000  550.438683
0.02046000  424.582323
0.02048000  291.927058
0.02050000  175.121601
0.02052000  102.083128
0.02054000  64.888685
0.02056000  48.784326
0.02058000  44.870841
0.02060000  52.304361
0.02062000  77.481747
0.02064000  135.709804
0.02066000  246.835838
0.02068000  412.014799
0.02070000  607.470722
0.02072000  803.645591
0.02074000  979.133077
0.02076000  1124.643212
0.02078000  1238.946616
0.02080000  1324.507131
0.02082000  1386.227871
0.02084000  1429.878608
0.02086000  1460.60257
0.02088000  1482.314321
0.02090000  1497.773949
0.02092000  1508.873554
0.02094000  1516.900791
0.02096000  1522.738414
0.02098000  1527.00192
0.02100000  1530.124936
0.02102000  1532.412758
0.02104000  1534.086657
0.02106000  1535.306099
0.02108000  1536.187616
0.02110000  1536.818927
0.02112000  1537.265298
0.02114000  1537.575021
0.02116000  1537.781788
0.02118000  1537.911116
0.02120000  1537.983117
0.02122000  1538.012603
0.02124000  1538.009135
0.02126000  1537.98225
0.02128000  1537.938011
0.02130000  1537.882481
0.02132000  1537.818252
0.02134000  1537.750528
0.02136000  1537.681909
0.02138000  1537.615872
0.02140000  1537.553288
0.02142000  1537.49503
0.02144000  1537.440234
0.02146000  1537.388902
0.02148000  1537.341907
0.02150000  1537.297512
0.02152000  1537.255719
0.02154000  1537.2174
0.02156000  1537.181686
0.02158000  1537.147708
0.02160000  1537.115467
0.02162000  1537.084963
0.02164000  1537.055326
0.02166000  1537.026556
0.02168000  1536.999525
0.02170000  1536.97249
0.02172000  1536.946324
0.02174000  1536.921026
0.02176000  1536.896597
0.02178000  1536.872165
0.02180000  1536.84773
0.02182000  1536.824164
0.02184000  1536.801469
0.02186000  1536.77877
0.02188000  1536.756942
0.02190000  1536.735111
0.02192000  1536.713278
0.02194000  1536.692315
0.02196000  1536.67135
0.02198000  1536.650383
0.02200000  1536.630287
0.02202000  1536.611062
0.02204000  1536.590962
0.02206000  1536.571734
0.02208000  1536.553377
0.02210000  1536.535019
0.02212000  1536.516659
0.02214000  1536.498297
0.02216000  1536.480808
0.02218000  1536.463317
0.02220000  1536.4467
0.02222000  1536.43008
0.02224000  1536.413459
0.02226000  1536.396837
0.02228000  1536.381088
0.02230000  1536.365338
0.02232000  1536.350461
0.02234000  1536.335583
0.02236000  1536.320705
0.02238000  1536.305824
0.02240000  1536.291819
0.02242000  1536.277812
0.02244000  1536.264679
0.02246000  1536.25067
0.02248000  1536.237535
0.02250000  1536.225276
0.02252000  1536.212139
0.02254000  1536.199878
0.02256000  1536.187616
0.02258000  1536.176229
0.02260000  1536.163965
0.02262000  1536.152576
0.02264000  1536.142063
0.02266000  1536.130673
0.02268000  1536.120159
0.02270000  1536.109644
0.02272000  1536.099128
0.02274000  1536.089489
0.02276000  1536.078972
0.02278000  1536.069331
0.02280000  1536.060566
0.02282000  1536.050924
0.02284000  1536.042159
0.02286000  1536.033392
0.02288000  1536.024626
0.02290000  1536.015859
0.02292000  1536.007968
0.02294000  1536.000077
0.02296000  1535.992186
0.02298000  1535.984294
0.02300000  1535.977279
0.02302000  1535.7676603141176
0.02304000  1535.5580416282353
0.02306000  1535.348422942353
0.02308000  1535.1388042564706
0.02310000  1534.9291855705883
0.02312000  1534.7195668847057
0.02314000  1534.5099481988234
0.02316000  1534.300329512941
0.02318000  1534.0907108270587
0.02320000  1533.8810921411764
0.02322000  1533.671473455294
0.02324000  1533.4618547694117
0.02326000  1533.2522360835294
0.02328000  1533.042617397647
0.02330000  1532.8329987117647
0.02332000  1532.6233800258824
0.02334000  1532.41376134
0.02336000  1532.2041426541175
0.02338000  1531.9945239682352
0.02340000  1531.7849052823528
0.02342000  1531.5752865964705
0.02344000  1531.3656679105882
0.02346000  1531.1560492247058
0.02348000  1530.9464305388235
0.02350000  1530.7368118529412
0.02352000  1530.5271931670588
0.02354000  1530.3175744811765
0.02356000  1530.1079557952942
0.02358000  1529.8983371094116
0.02360000  1529.6887184235293
0.02362000  1529.479099737647
0.02364000  1529.2694810517646
0.02366000  1529.0598623658823
0.02368000  1528.85024368
0.02370000  1528.6406249941176
0.02372000  1528.4310063082353
0.02374000  1528.221387622353
0.02376000  1528.0117689364706
0.02378000  1527.8021502505883
0.02380000  1527.592531564706
0.02382000  1527.3829128788234
0.02384000  1527.173294192941
0.02386000  1526.9636755070587
0.02388000  1526.7540568211764
0.02390000  1526.544438135294
0.02392000  1526.3348194494117
0.02394000  1526.1252007635294
0.02396000  1525.915582077647
0.02398000  1525.7059633917647
0.02400000  1525.4963447058824
0.02402000  1525.28672602
0.02404000  1525.0771073341175
0.02406000  1524.8674886482352
0.02408000  1524.6578699623528
0.02410000  1524.4482512764705
0.02412000  1524.2386325905882
0.02414000  1524.0290139047058
0.02416000  1523.8193952188235
0.02418000  1523.6097765329412
0.02420000  1523.4001578470588
0.02422000  1523.1905391611765
0.02424000  1522.9809204752942
0.02426000  1522.7713017894118
0.02428000  1522.5616831035293
0.02430000  1522.352064417647
0.02432000  1522.1424457317646
0.02434000  1521.9328270458823
0.02436000  1521.72320836
0.02438000  1521.5135896741176
0.02440000  1521.3039709882353
0.02442000  1521.094352302353
0.02444000  1520.8847336164706
0.02446000  1520.6751149305883
0.02448000  1520.465496244706
0.02450000  1520.2558775588234
0.02452000  1520.046258872941
0.02454000  1519.8366401870587
0.02456000  1519.6270215011764
0.02458000  1519.417402815294
0.02460000  1519.2077841294117
0.02462000  1518.9981654435294
0.02464000  1518.788546757647
0.02466000  1518.5789280717647
0.02468000  1518.3693093858824
0.02470000  1518.1596907
0.02472000  1517.9500720141177
0.02474000  1517.7404533282352
0.02476000  1517.5308346423528
0.02478000  1517.3212159564705
0.02480000  1517.1115972705882
0.02482000  1516.9019785847058
0.02484000  1516.6923598988235
0.02486000  1516.4827412129412
0.02488000  1516.2731225270588
0.02490000  1516.0635038411765
0.02492000  1515.8538851552942
0.02494000  1515.6442664694118
0.02496000  1515.4346477835293
0.02498000  1515.225029097647
0.02500000  1515.0154104117646
0.02502000  1514.8057917258823
0.02504000  1514.59617304
0.02506000  1514.3865543541176
0.02508000  1514.1769356682353
0.02510000  1513.967316982353
0.02512000  1513.7576982964706
0.02514000  1513.5480796105883
0.02516000  1513.338460924706
0.02518000  1513.1288422388236
0.02520000  1512.919223552941
0.02522000  1512.7096048670587
0.02524000  1512.4999861811764
0.02526000  1512.290367495294
0.02528000  1512.0807488094117
0.02530000  1511.8711301235294
0.02532000  1511.661511437647
0.02534000  1511.4518927517647
0.02536000  1511.2422740658824
0.02538000  1511.03265538
0.02540000  1510.8230366941177
0.02542000  1510.6134180082352
0.02544000  1510.4037993223528
0.02546000  1510.1941806364705
0.02548000  1509.9845619505882
0.02550000  1509.7749432647058
0.02552000  1509.5653245788235
0.02554000  1509.3557058929412
0.02556000  1509.1460872070588
0.02558000  1508.9364685211765
0.02560000  1508.7268498352942
0.02562000  1508.5172311494118
0.02564000  1508.3076124635295
0.02566000  1508.097993777647
0.02568000  1507.8883750917646
0.02570000  1507.6787564058823
0.02572000  1507.46913772
0.02574000  1507.2595190341176
0.02576000  1507.0499003482353
0.02578000  1506.840281662353
0.02580000  1506.6306629764706
0.02582000  1506.4210442905883
0.02584000  1506.211425604706
0.02586000  1506.0018069188236
0.02588000  1505.792188232941
0.02590000  1505.5825695470587
0.02592000  1505.3729508611764
0.02594000  1505.163332175294
0.02596000  1504.9537134894117
0.02598000  1504.7440948035294
0.02600000  1504.534476117647
0.02602000  1504.3248574317647
0.02604000  1504.1152387458824
0.02606000  1503.90562006
0.02608000  1503.6960013741177
0.02610000  1503.4863826882352
0.02612000  1503.2767640023528
0.02614000  1503.0671453164705
0.02616000  1502.8575266305882
0.02618000  1502.6479079447058
0.02620000  1502.4382892588235
0.02622000  1502.2286705729412
0.02624000  1502.0190518870588
0.02626000  1501.8094332011765
0.02628000  1501.5998145152942
0.02630000  1501.3901958294118
0.02632000  1501.1805771435295
0.02634000  1500.970958457647
0.02636000  1500.7613397717646
0.02638000  1500.5517210858823
0.02640000  1500.3421024
0.02642000  1500.1324837141176
0.02644000  1499.9228650282353
0.02646000  1499.713246342353
0.02648000  1499.5036276564706
0.02650000  1499.2940089705883
0.02652000  1499.084390284706
0.02654000  1498.8747715988236
0.02656000  1498.6651529129413
0.02658000  1498.4555342270587
0.02660000  1498.2459155411764
0.02662000  1498.036296855294
0.02664000  1497.8266781694117
0.02666000  1497.6170594835294
0.02668000  1497.407440797647
0.02670000  1497.1978221117647
0.02672000  1496.9882034258824
0.02674000  1496.77858474
0.02676000  1496.5689660541177
0.02678000  1496.3593473682354
0.02680000  1496.1497286823528
0.02682000  1495.9401099964705
0.02684000  1495.7304913105881
0.02686000  1495.5208726247058
0.02688000  1495.3112539388235
0.02690000  1495.1016352529412
0.02692000  1494.8920165670588
0.02694000  1494.6823978811765
0.02696000  1494.4727791952942
0.02698000  1494.2631605094118
0.02700000  1494.0535418235295
0.02702000  1493.843923137647
0.02704000  1493.6343044517646
0.02706000  1493.4246857658823
0.02708000  1493.21506708
0.02710000  1493.0054483941176
0.02712000  1492.7958297082353
0.02714000  1492.586211022353
0.02716000  1492.3765923364706
0.02718000  1492.1669736505883
0.02720000  1491.957354964706
0.02722000  1491.7477362788236
0.02724000  1491.5381175929413
0.02726000  1491.3284989070587
0.02728000  1491.1188802211764
0.02730000  1490.909261535294
0.02732000  1490.6996428494117
0.02734000  1490.4900241635294
0.02736000  1490.280405477647
0.02738000  1490.0707867917647
0.02740000  1489.8611681058824
0.02742000  1489.65154942
0.02744000  1489.4419307341177
0.02746000  1489.2323120482354
0.02748000  1489.022693362353
0.02750000  1488.8130746764705
0.02752000  1488.6034559905881
0.02754000  1488.3938373047058
0.02756000  1488.1842186188235
0.02758000  1487.9745999329411
0.02760000  1487.7649812470588
0.02762000  1487.5553625611765
0.02764000  1487.3457438752941
0.02766000  1487.1361251894118
0.02768000  1486.9265065035295
0.02770000  1486.7168878176471
0.02772000  1486.5072691317646
0.02774000  1486.2976504458823
0.02776000  1486.08803176
0.02778000  1485.8784130741176
0.02780000  1485.6687943882353
0.02782000  1485.459175702353
0.02784000  1485.2495570164706
0.02786000  1485.0399383305883
0.02788000  1484.830319644706
0.02790000  1484.6207009588236
0.02792000  1484.4110822729413
0.02794000  1484.2014635870587
0.02796000  1483.9918449011764
0.02798000  1483.782226215294
0.02800000  1483.5726075294117
0.02802000  1483.3629888435294
0.02804000  1483.153370157647
0.02806000  1482.9437514717647
0.02808000  1482.7341327858824
0.02810000  1482.5245141
0.02812000  1482.3148954141177
0.02814000  1482.1052767282354
0.02816000  1481.895658042353
0.02818000  1481.6860393564705
0.02820000  1481.4764206705881
0.02822000  1481.2668019847058
0.02824000  1481.0571832988235
0.02826000  1480.8475646129411
0.02828000  1480.6379459270588
0.02830000  1480.4283272411765
0.02832000  1480.2187085552941
0.02834000  1480.0090898694118
0.02836000  1479.7994711835295
0.02838000  1479.5898524976471
0.02840000  1479.3802338117648
0.02842000  1479.1706151258823
0.02844000  1478.96099644
0.02846000  1478.7513777541176
0.02848000  1478.5417590682353
0.02850000  1478.332140382353
0.02852000  1478.1225216964706
0.02854000  1477.9129030105883
0.02856000  1477.703284324706
0.02858000  1477.4936656388236
0.02860000  1477.2840469529413
0.02862000  1477.074428267059
0.02864000  1476.8648095811764
0.02866000  1476.655190895294
0.02868000  1476.4455722094117
0.02870000  1476.2359535235294
0.02872000  1476.026334837647
0.02874000  1475.8167161517647
0.02876000  1475.6070974658824
0.02878000  1475.39747878
0.02880000  1475.1878600941177
0.02882000  1474.9782414082354
0.02884000  1474.768622722353
0.02886000  1474.5590040364705
0.02888000  1474.3493853505881
0.02890000  1474.1397666647058
0.02892000  1473.9301479788235
0.02894000  1473.7205292929411
0.02896000  1473.5109106070588
0.02898000  1473.3012919211765
0.02900000  1473.0916732352941
0.02902000  1472.8820545494118
0.02904000  1472.6724358635295
0.02906000  1472.4628171776471
0.02908000  1472.2531984917648
0.02910000  1472.0435798058822
0.02912000  1471.83396112
0.02914000  1471.6243424341176
0.02916000  1471.4147237482352
0.02918000  1471.205105062353
0.02920000  1470.9954863764706
0.02922000  1470.7858676905882
0.02924000  1470.576249004706
0.02926000  1470.3666303188236
0.02928000  1470.1570116329412
0.02930000  1469.947392947059
0.02932000  1469.7377742611766
0.02934000  1469.528155575294
0.02936000  1469.3185368894117
0.02938000  1469.1089182035294
0.02940000  1468.899299517647
0.02942000  1468.6896808317647
0.02944000  1468.4800621458824
0.02946000  1468.27044346
0.02948000  1468.0608247741177
0.02950000  1467.8512060882354
0.02952000  1467.641587402353
0.02954000  1467.4319687164707
0.02956000  1467.2223500305881
0.02958000  1467.0127313447058
0.02960000  1466.8031126588235
0.02962000  1466.5934939729411
0.02964000  1466.3838752870588
0.02966000  1466.1742566011765
0.02968000  1465.9646379152941
0.02970000  1465.7550192294118
0.02972000  1465.5454005435295
0.02974000  1465.3357818576471
0.02976000  1465.1261631717648
0.02978000  1464.9165444858822
0.02980000  1464.7069258
0.02982000  1464.4973071141176
0.02984000  1464.2876884282352
0.02986000  1464.078069742353
0.02988000  1463.8684510564706
0.02990000  1463.6588323705882
0.02992000  1463.449213684706
0.02994000  1463.2395949988236
0.02996000  1463.0299763129412
0.02998000  1462.820357627059
0.03000000  1462.6107389411766
0.03002000  1462.401120255294
0.03004000  1462.1915015694117
0.03006000  1461.9818828835294
0.03008000  1461.772264197647
0.03010000  1461.5626455117647
0.03012000  1461.3530268258824
0.03014000  1461.14340814
0.03016000  1460.9337894541177
0.03018000  1460.7241707682354
0.03020000  1460.514552082353
0.03022000  1460.3049333964707
0.03024000  1460.0953147105884
0.03026000  1459.8856960247058
0.03028000  1459.6760773388235
0.03030000  1459.4664586529411
0.03032000  1459.2568399670588
0.03034000  1459.0472212811765
0.03036000  1458.8376025952941
0.03038000  1458.6279839094118
0.03040000  1458.4183652235295
0.03042000  1458.2087465376471
0.03044000  1457.9991278517648
0.03046000  1457.7895091658825
0.03048000  1457.57989048
0.03050000  1457.3702717941176
0.03052000  1457.1606531082352
0.03054000  1456.951034422353
0.03056000  1456.7414157364706
0.03058000  1456.5317970505882
0.03060000  1456.322178364706
0.03062000  1456.1125596788236
0.03064000  1455.9029409929412
0.03066000  1455.693322307059
0.03068000  1455.4837036211766
0.03070000  1455.274084935294
0.03072000  1455.0644662494117
0.03074000  1454.8548475635293
0.03076000  1454.645228877647
0.03078000  1454.4356101917647
0.03080000  1454.2259915058823
0.03082000  1454.01637282
0.03084000  1453.8067541341177
0.03086000  1453.5971354482353
0.03088000  1453.387516762353
0.03090000  1453.1778980764707
0.03092000  1452.9682793905883
0.03094000  1452.7586607047058
0.03096000  1452.5490420188235
0.03098000  1452.3394233329411
0.03100000  1452.1298046470588
0.03102000  1451.9201859611765
0.03104000  1451.7105672752941
0.03106000  1451.5009485894118
0.03108000  1451.2913299035295
0.03110000  1451.0817112176471
0.03112000  1450.8720925317648
0.03114000  1450.6624738458825
0.03116000  1450.4528551600001
0.03118000  1450.2432364741176
0.03120000  1450.0336177882352
0.03122000  1449.823999102353
0.03124000  1449.6143804164706
0.03126000  1449.4047617305882
0.03128000  1449.195143044706
0.03130000  1448.9855243588236
0.03132000  1448.7759056729412
0.03134000  1448.566286987059
0.03136000  1448.3566683011766
0.03138000  1448.1470496152942
0.03140000  1447.9374309294117
0.03142000  1447.7278122435293
0.03144000  1447.518193557647
0.03146000  1447.3085748717647
0.03148000  1447.0989561858823
0.03150000  1446.8893375
0.03152000  1446.6797188141177
0.03154000  1446.4701001282353
0.03156000  1446.260481442353
0.03158000  1446.0508627564707
0.03160000  1445.8412440705883
0.03162000  1445.6316253847058
0.03164000  1445.4220066988235
0.03166000  1445.2123880129411
0.03168000  1445.0027693270588
0.03170000  1444.7931506411765
0.03172000  1444.5835319552941
0.03174000  1444.3739132694118
0.03176000  1444.1642945835295
0.03178000  1443.9546758976471
0.03180000  1443.7450572117648
0.03182000  1443.5354385258825
0.03184000  1443.32581984
0.03186000  1443.1162011541176
0.03188000  1442.9065824682352
0.03190000  1442.696963782353
0.03192000  1442.4873450964706
0.03194000  1442.2777264105882
0.03196000  1442.068107724706
0.03198000  1441.8584890388236
0.03200000  1441.6488703529412
0.03202000  1441.439251667059
0.03204000  1441.2296329811766
0.03206000  1441.0200142952942
0.03208000  1440.810395609412
0.03210000  1440.6007769235293
0.03212000  1440.391158237647
0.03214000  1440.1815395517647
0.03216000  1439.9719208658823
0.03218000  1439.76230218
0.03220000  1439.5526834941177
0.03222000  1439.3430648082353
0.03224000  1439.133446122353
0.03226000  1438.9238274364707
0.03228000  1438.7142087505883
0.03230000  1438.504590064706
0.03232000  1438.2949713788234
0.03234000  1438.0853526929411
0.03236000  1437.8757340070588
0.03238000  1437.6661153211764
0.03240000  1437.4564966352941
0.03242000  1437.2468779494118
0.03244000  1437.0372592635294
0.03246000  1436.8276405776471
0.03248000  1436.6180218917648
0.03250000  1436.4084032058825
0.03252000  1436.1987845200001
0.03254000  1435.9891658341176
0.03256000  1435.7795471482352
0.03258000  1435.569928462353
0.03260000  1435.3603097764706
0.03262000  1435.1506910905882
0.03264000  1434.941072404706
0.03266000  1434.7314537188236
0.03268000  1434.5218350329412
0.03270000  1434.312216347059
0.03272000  1434.1025976611766
0.03274000  1433.8929789752942
0.03276000  1433.6833602894117
0.03278000  1433.4737416035293
0.03280000  1433.264122917647
0.03282000  1433.0545042317647
0.03284000  1432.8448855458823
0.03286000  1432.63526686
0.03288000  1432.4256481741177
0.03290000  1432.2160294882353
0.03292000  1432.006410802353
0.03294000  1431.7967921164707
0.03296000  1431.5871734305883
0.03298000  1431.377554744706
0.03300000  1431.1679360588237
0.03302000  1430.958317372941
0.03304000  1430.7486986870588
0.03306000  1430.5390800011764
0.03308000  1430.329461315294
0.03310000  1430.1198426294118
0.03312000  1429.9102239435294
0.03314000  1429.700605257647
0.03316000  1429.4909865717648
0.03318000  1429.2813678858824
0.03320000  1429.0717492
0.03322000  1428.8621305141178
0.03324000  1428.6525118282352
0.03326000  1428.442893142353
0.03328000  1428.2332744564706
0.03330000  1428.0236557705882
0.03332000  1427.814037084706
0.03334000  1427.6044183988236
0.03336000  1427.3947997129412
0.03338000  1427.185181027059
0.03340000  1426.9755623411766
0.03342000  1426.7659436552942
0.03344000  1426.556324969412
0.03346000  1426.3467062835293
0.03348000  1426.137087597647
0.03350000  1425.9274689117647
0.03352000  1425.7178502258823
0.03354000  1425.50823154
0.03356000  1425.2986128541177
0.03358000  1425.0889941682353
0.03360000  1424.879375482353
0.03362000  1424.6697567964707
0.03364000  1424.4601381105883
0.03366000  1424.250519424706
0.03368000  1424.0409007388234
0.03370000  1423.831282052941
0.03372000  1423.6216633670588
0.03374000  1423.4120446811764
0.03376000  1423.202425995294
0.03378000  1422.9928073094118
0.03380000  1422.7831886235294
0.03382000  1422.573569937647
0.03384000  1422.3639512517648
0.03386000  1422.1543325658824
0.03388000  1421.94471388
0.03390000  1421.7350951941178
0.03392000  1421.5254765082354
0.03394000  1421.3158578223529
0.03396000  1421.1062391364705
0.03398000  1420.8966204505882
0.03400000  1420.6870017647059
0.03402000  1420.4773830788236
0.03404000  1420.2677643929412
0.03406000  1420.0581457070589
0.03408000  1419.8485270211766
0.03410000  1419.6389083352942
0.03412000  1419.4292896494119
0.03414000  1419.2196709635296
0.03416000  1419.010052277647
0.03418000  1418.8004335917647
0.03420000  1418.5908149058823
0.03422000  1418.38119622
0.03424000  1418.1715775341177
0.03426000  1417.9619588482353
0.03428000  1417.752340162353
0.03430000  1417.5427214764707
0.03432000  1417.3331027905883
0.03434000  1417.123484104706
0.03436000  1416.9138654188237
0.03438000  1416.704246732941
0.03440000  1416.4946280470588
0.03442000  1416.2850093611764
0.03444000  1416.075390675294
0.03446000  1415.8657719894118
0.03448000  1415.6561533035294
0.03450000  1415.446534617647
0.03452000  1415.2369159317648
0.03454000  1415.0272972458824
0.03456000  1414.81767856
0.03458000  1414.6080598741178
0.03460000  1414.3984411882352
0.03462000  1414.1888225023529
0.03464000  1413.9792038164705
0.03466000  1413.7695851305882
0.03468000  1413.5599664447059
0.03470000  1413.3503477588235
0.03472000  1413.1407290729412
0.03474000  1412.9311103870589
0.03476000  1412.7214917011765
0.03478000  1412.5118730152942
0.03480000  1412.3022543294119
0.03482000  1412.0926356435295
0.03484000  1411.8830169576472
0.03486000  1411.6733982717647
0.03488000  1411.4637795858823
0.03490000  1411.2541609
0.03492000  1411.0445422141177
0.03494000  1410.8349235282353
0.03496000  1410.625304842353
0.03498000  1410.4156861564707
0.03500000  1410.2060674705883
0.03502000  1409.996448784706
0.03504000  1409.7868300988237
0.03506000  1409.5772114129413
0.03508000  1409.3675927270588
0.03510000  1409.1579740411764
0.03512000  1408.948355355294
0.03514000  1408.7387366694118
0.03516000  1408.5291179835294
0.03518000  1408.319499297647
0.03520000  1408.1098806117648
0.03522000  1407.9002619258824
0.03524000  1407.69064324
0.03526000  1407.4810245541178
0.03528000  1407.2714058682354
0.03530000  1407.0617871823529
0.03532000  1406.8521684964705
0.03534000  1406.6425498105882
0.03536000  1406.4329311247059
0.03538000  1406.2233124388235
0.03540000  1406.0136937529412
0.03542000  1405.8040750670589
0.03544000  1405.5944563811765
0.03546000  1405.3848376952942
0.03548000  1405.1752190094119
0.03550000  1404.9656003235295
0.03552000  1404.755981637647
0.03554000  1404.5463629517646
0.03556000  1404.3367442658823
0.03558000  1404.12712558
0.03560000  1403.9175068941177
0.03562000  1403.7078882082353
0.03564000  1403.498269522353
0.03566000  1403.2886508364707
0.03568000  1403.0790321505883
0.03570000  1402.869413464706
0.03572000  1402.6597947788237
0.03574000  1402.450176092941
0.03576000  1402.240557407059
0.03578000  1402.0309387211764
0.03580000  1401.821320035294
0.03582000  1401.6117013494118
0.03584000  1401.4020826635294
0.03586000  1401.192463977647
0.03588000  1400.9828452917648
0.03590000  1400.7732266058824
0.03592000  1400.56360792
0.03594000  1400.3539892341178
0.03596000  1400.1443705482354
0.03598000  1399.934751862353
0.03600000  1399.7251331764705
0.03602000  1399.5155144905882
0.03604000  1399.3058958047059
0.03606000  1399.0962771188235
0.03608000  1398.8866584329412
0.03610000  1398.6770397470589
0.03612000  1398.4674210611765
0.03614000  1398.2578023752942
0.03616000  1398.0481836894119
0.03618000  1397.8385650035295
0.03620000  1397.6289463176472
0.03622000  1397.4193276317646
0.03624000  1397.2097089458823
0.03626000  1397.00009026
0.03628000  1396.7904715741176
0.03630000  1396.5808528882353
0.03632000  1396.371234202353
0.03634000  1396.1616155164706
0.03636000  1395.9519968305883
0.03638000  1395.742378144706
0.03640000  1395.5327594588236
0.03642000  1395.3231407729413
0.03644000  1395.1135220870588
0.03646000  1394.9039034011764
0.03648000  1394.694284715294
0.03650000  1394.4846660294118
0.03652000  1394.2750473435294
0.03654000  1394.065428657647
0.03656000  1393.8558099717648
0.03658000  1393.6461912858824
0.03660000  1393.4365726
0.03662000  1393.2269539141178
0.03664000  1393.0173352282354
0.03666000  1392.8077165423529
0.03668000  1392.5980978564708
0.03670000  1392.3884791705882
0.03672000  1392.1788604847059
0.03674000  1391.9692417988235
0.03676000  1391.7596231129412
0.03678000  1391.5500044270589
0.03680000  1391.3403857411765
0.03682000  1391.1307670552942
0.03684000  1390.9211483694119
0.03686000  1390.7115296835295
0.03688000  1390.5019109976472
0.03690000  1390.2922923117649
0.03692000  1390.0826736258823
0.03694000  1389.87305494
0.03696000  1389.6634362541176
0.03698000  1389.4538175682353
0.03700000  1389.244198882353
0.03702000  1389.0345801964706
0.03704000  1388.8249615105883
0.03706000  1388.615342824706
0.03708000  1388.4057241388236
0.03710000  1388.1961054529413
0.03712000  1387.986486767059
0.03714000  1387.7768680811764
0.03716000  1387.567249395294
0.03718000  1387.3576307094118
0.03720000  1387.1480120235294
0.03722000  1386.938393337647
0.03724000  1386.7287746517648
0.03726000  1386.5191559658824
0.03728000  1386.30953728
0.03730000  1386.0999185941178
0.03732000  1385.8902999082354
0.03734000  1385.680681222353
0.03736000  1385.4710625364705
0.03738000  1385.2614438505882
0.03740000  1385.0518251647059
0.03742000  1384.8422064788235
0.03744000  1384.6325877929412
0.03746000  1384.4229691070589
0.03748000  1384.2133504211765
0.03750000  1384.0037317352942
0.03752000  1383.7941130494119
0.03754000  1383.5844943635295
0.03756000  1383.3748756776472
0.03758000  1383.1652569917646
0.03760000  1382.9556383058825
0.03762000  1382.74601962
0.03764000  1382.5364009341176
0.03766000  1382.3267822482353
0.03768000  1382.117163562353
0.03770000  1381.9075448764706
0.03772000  1381.6979261905883
0.03774000  1381.488307504706
0.03776000  1381.2786888188236
0.03778000  1381.0690701329413
0.03780000  1380.859451447059
0.03782000  1380.6498327611766
0.03784000  1380.440214075294
0.03786000  1380.2305953894117
0.03788000  1380.0209767035294
0.03790000  1379.811358017647
0.03792000  1379.6017393317647
0.03794000  1379.3921206458824
0.03796000  1379.18250196
0.03798000  1378.9728832741177
0.03800000  1378.7632645882354
0.03802000  1378.553645902353
0.03804000  1378.3440272164707
0.03806000  1378.1344085305882
0.03808000  1377.9247898447059
0.03810000  1377.7151711588235
0.03812000  1377.5055524729412
0.03814000  1377.2959337870589
0.03816000  1377.0863151011765
0.03818000  1376.8766964152942
0.03820000  1376.6670777294119
0.03822000  1376.4574590435295
0.03824000  1376.2478403576472
0.03826000  1376.0382216717649
0.03828000  1375.8286029858823
0.03830000  1375.6189843
0.03832000  1375.4093656141176
0.03834000  1375.1997469282353
0.03836000  1374.990128242353
0.03838000  1374.7805095564706
0.03840000  1374.5708908705883
0.03842000  1374.361272184706
0.03844000  1374.1516534988236
0.03846000  1373.9420348129413
0.03848000  1373.732416127059
0.03850000  1373.5227974411764
0.03852000  1373.3131787552943
0.03854000  1373.1035600694117
0.03856000  1372.8939413835294
0.03858000  1372.684322697647
0.03860000  1372.4747040117647
0.03862000  1372.2650853258824
0.03864000  1372.05546664
0.03866000  1371.8458479541177
0.03868000  1371.6362292682354
0.03870000  1371.426610582353
0.03872000  1371.2169918964707
0.03874000  1371.0073732105884
0.03876000  1370.7977545247059
0.03878000  1370.5881358388235
0.03880000  1370.3785171529412
0.03882000  1370.1688984670589
0.03884000  1369.9592797811765
0.03886000  1369.7496610952942
0.03888000  1369.5400424094119
0.03890000  1369.3304237235295
0.03892000  1369.1208050376472
0.03894000  1368.9111863517649
0.03896000  1368.7015676658825
0.03898000  1368.49194898
0.03900000  1368.2823302941176
0.03902000  1368.0727116082353
0.03904000  1367.863092922353
0.03906000  1367.6534742364706
0.03908000  1367.4438555505883
0.03910000  1367.234236864706
0.03912000  1367.0246181788236
0.03914000  1366.8149994929413
0.03916000  1366.605380807059
0.03918000  1366.3957621211766
0.03920000  1366.186143435294
0.03922000  1365.9765247494117
0.03924000  1365.7669060635294
0.03926000  1365.557287377647
0.03928000  1365.3476686917647
0.03930000  1365.1380500058824
0.03932000  1364.92843132
0.03934000  1364.7188126341177
0.03936000  1364.5091939482354
0.03938000  1364.299575262353
0.03940000  1364.0899565764707
0.03942000  1363.8803378905882
0.03944000  1363.670719204706
0.03946000  1363.4611005188235
0.03948000  1363.2514818329412
0.03950000  1363.0418631470588
0.03952000  1362.8322444611765
0.03954000  1362.6226257752942
0.03956000  1362.4130070894118
0.03958000  1362.2033884035295
0.03960000  1361.9937697176472
0.03962000  1361.7841510317648
0.03964000  1361.5745323458825
0.03966000  1361.3649136600002
0.03968000  1361.1552949741176
0.03970000  1360.9456762882353
0.03972000  1360.736057602353
0.03974000  1360.5264389164706
0.03976000  1360.3168202305883
0.03978000  1360.107201544706
0.03980000  1359.8975828588236
0.03982000  1359.6879641729413
0.03984000  1359.478345487059
0.03986000  1359.2687268011766
0.03988000  1359.0591081152943
0.03990000  1358.8494894294117
0.03992000  1358.6398707435294
0.03994000  1358.430252057647
0.03996000  1358.2206333717647
0.03998000  1358.0110146858824
0.04000000  1357.801396
0.04002000  1356.296498
0.04004000  1354.910367
0.04006000  1353.631058
0.04008000  1352.446399
0.04010000  1351.273494
0.04012000  1349.872335
0.04014000  1347.991588
0.04016000  1345.46126
0.04018000  1342.083968
0.04020000  1337.634857
0.04022000  1331.588975
0.04024000  1322.352704
0.04026000  1307.980788
0.04028000  1286.029682
0.04030000  1253.090424
0.04032000  1204.536006
0.04034000  1134.879436
0.04036000  1039.533076
0.04038000  921.002798
0.04040000  794.376939
0.04042000  671.172895
0.04044000  550.438683
0.04046000  424.582323
0.04048000  291.927058
0.04050000  175.121601
0.04052000  102.083128
0.04054000  64.888685
0.04056000  48.784326
0.04058000  44.870841
0.04060000  52.304361
0.04062000  77.481747
0.04064000  135.709804
0.04066000  246.835838
0.04068000  412.014799
0.04070000  607.470722
0.04072000  803.645591
0.04074000  979.133077
0.04076000  1124.643212
0.04078000  1238.946616
0.04080000  1324.507131
0.04082000  1386.227871
0.04084000  1429.878608
0.04086000  1460.60257
0.04088000  1482.314321
0.04090000  1497.773949
0.04092000  1508.873554
0.04094000  1516.900791
0.04096000  1522.738414
0.04098000  1527.00192
0.04100000  1530.124936
0.04102000  1532.412758
0.04104000  1534.086657
0.04106000  1535.306099
0.04108000  1536.187616
0.04110000  1536.818927
0.04112000  1537.265298
0.04114000  1537.575021
0.04116000  1537.781788
0.04118000  1537.911116
0.04120000  1537.983117
0.04122000  1538.012603
0.04124000  1538.009135
0.04126000  1537.98225
0.04128000  1537.938011
0.04130000  1537.882481
0.04132000  1537.818252
0.04134000  1537.750528
0.04136000  1537.681909
0.04138000  1537.615872
0.04140000  1537.553288
0.04142000  1537.49503
0.04144000  1537.440234
0.04146000  1537.388902
0.04148000  1537.341907
0.04150000  1537.297512
0.04152000  1537.255719
0.04154000  1537.2174
0.04156000  1537.181686
0.04158000  1537.147708
0.04160000  1537.115467
0.04162000  1537.084963
0.04164000  1537.055326
0.04166000  1537.026556
0.04168000  1536.999525
0.04170000  1536.97249
0.04172000  1536.946324
0.04174000  1536.921026
0.04176000  1536.896597
0.04178000  1536.872165
0.04180000  1536.84773
0.04182000  1536.824164
0.04184000  1536.801469
0.04186000  1536.77877
0.04188000  1536.756942
0.04190000  1536.735111
0.04192000  1536.713278
0.04194000  1536.692315
0.04196000  1536.67135
0.04198000  1536.650383
0.04200000  1536.630287
0.04202000  1536.611062
0.04204000  1536.590962
0.04206000  1536.571734
0.04208000  1536.553377
0.04210000  1536.535019
0.04212000  1536.516659
0.04214000  1536.498297
0.04216000  1536.480808
0.04218000  1536.463317
0.04220000  1536.4467
0.04222000  1536.43008
0.04224000  1536.413459
0.04226000  1536.396837
0.04228000  1536.381088
0.04230000  1536.365338
0.04232000  1536.350461
0.04234000  1536.335583
0.04236000  1536.320705
0.04238000  1536.305824
0.04240000  1536.291819
0.04242000  1536.277812
0.04244000  1536.264679
0.04246000  1536.25067
0.04248000  1536.237535
0.04250000  1536.225276
0.04252000  1536.212139
0.04254000  1536.199878
0.04256000  1536.187616
0.04258000  1536.176229
0.04260000  1536.163965
0.04262000  1536.152576
0.04264000  1536.142063
0.04266000  1536.130673
0.04268000  1536.120159
0.04270000  1536.109644
0.04272000  1536.099128
0.04274000  1536.089489
0.04276000  1536.078972
0.04278000  1536.069331
0.04280000  1536.060566
0.04282000  1536.050924
0.04284000  1536.042159
0.04286000  1536.033392
0.04288000  1536.024626
0.04290000  1536.015859
0.04292000  1536.007968
0.04294000  1536.000077
0.04296000  1535.992186
0.04298000  1535.984294
0.04300000  1535.977279
0.04302000  1535.7676603141176
0.04304000  1535.5580416282353
0.04306000  1535.348422942353
0.04308000  1535.1388042564706
0.04310000  1534.9291855705883
0.04312000  1534.7195668847057
0.04314000  1534.5099481988234
0.04316000  1534.300329512941
0.04318000  1534.0907108270587
0.04320000  1533.8810921411764
0.04322000  1533.671473455294
0.04324000  1533.4618547694117
0.04326000  1533.2522360835294
0.04328000  1533.042617397647
0.04330000  1532.8329987117647
0.04332000  1532.6233800258824
0.04334000  1532.41376134
0.04336000  1532.2041426541175
0.04338000  1531.9945239682352
0.04340000  1531.7849052823528
0.04342000  1531.5752865964705
0.04344000  1531.3656679105882
0.04346000  1531.1560492247058
0.04348000  1530.9464305388235
0.04350000  1530.7368118529412
0.04352000  1530.5271931670588
0.04354000  1530.3175744811765
0.04356000  1530.1079557952942
0.04358000  1529.8983371094116
0.04360000  1529.6887184235293
0.04362000  1529.479099737647
0.04364000  1529.2694810517646
0.04366000  1529.0598623658823
0.04368000  1528.85024368
0.04370000  1528.6406249941176
0.04372000  1528.4310063082353
0.04374000  1528.221387622353
0.04376000  1528.0117689364706
0.04378000  1527.8021502505883
0.04380000  1527.592531564706
0.04382000  1527.3829128788234
0.04384000  1527.173294192941
0.04386000  1526.9636755070587
0.04388000  1526.7540568211764
0.04390000  1526.544438135294
0.04392000  1526.3348194494117
0.04394000  1526.1252007635294
0.04396000  1525.915582077647
0.04398000  1525.7059633917647
0.04400000  1525.4963447058824
0.04402000  1525.28672602
0.04404000  1525.0771073341175
0.04406000  1524.8674886482352
0.04408000  1524.6578699623528
0.04410000  1524.4482512764705
0.04412000  1524.2386325905882
0.04414000  1524.0290139047058
0.04416000  1523.8193952188235
0.04418000  1523.6097765329412
0.04420000  1523.4001578470588
0.04422000  1523.1905391611765
0.04424000  1522.9809204752942
0.04426000  1522.7713017894118
0.04428000  1522.5616831035293
0.04430000  1522.352064417647
0.04432000  1522.1424457317646
0.04434000  1521.9328270458823
0.04436000  1521.72320836
0.04438000  1521.5135896741176
0.04440000  1521.3039709882353
0.04442000  1521.094352302353
0.04444000  1520.8847336164706
0.04446000  1520.6751149305883
0.04448000  1520.465496244706
0.04450000  1520.2558775588234
0.04452000  1520.046258872941
0.04454000  1519.8366401870587
0.04456000  1519.6270215011764
0.04458000  1519.417402815294
0.04460000  1519.2077841294117
0.04462000  1518.9981654435294
0.04464000  1518.788546757647
0.04466000  1518.5789280717647
0.04468000  1518.3693093858824
0.04470000  1518.1596907
0.04472000  1517.9500720141177
0.04474000  1517.7404533282352
0.04476000  1517.5308346423528
0.04478000  1517.3212159564705
0.04480000  1517.1115972705882
0.04482000  1516.9019785847058
0.04484000  1516.6923598988235
0.04486000  1516.4827412129412
0.04488000  1516.2731225270588
0.04490000  1516.0635038411765
0.04492000  1515.8538851552942
0.04494000  1515.6442664694118
0.04496000  1515.4346477835293
0.04498000  1515.225029097647
0.04500000  1515.0154104117646
0.04502000  1514.8057917258823
0.04504000  1514.59617304
0.04506000  1514.3865543541176
0.04508000  1514.1769356682353
0.04510000  1513.967316982353
0.04512000  1513.7576982964706
0.04514000  1513.5480796105883
0.04516000  1513.338460924706
0.04518000  1513.1288422388236
0.04520000  1512.919223552941
0.04522000  1512.7096048670587
0.04524000  1512.4999861811764
0.04526000  1512.290367495294
0.04528000  1512.0807488094117
0.04530000  1511.8711301235294
0.04532000  1511.661511437647
0.04534000  1511.4518927517647
0.04536000  1511.2422740658824
0.04538000  1511.03265538
0.04540000  1510.8230366941177
0.04542000  1510.6134180082352
0.04544000  1510.4037993223528
0.04546000  1510.1941806364705
0.04548000  1509.9845619505882
0.04550000  1509.7749432647058
0.04552000  1509.5653245788235
0.04554000  1509.3557058929412
0.04556000  1509.1460872070588
0.04558000  1508.9364685211765
0.04560000  1508.7268498352942
0.04562000  1508.5172311494118
0.04564000  1508.3076124635295
0.04566000  1508.097993777647
0.04568000  1507.8883750917646
0.04570000  1507.6787564058823
0.04572000  1507.46913772
0.04574000  1507.2595190341176
0.04576000  1507.0499003482353
0.04578000  1506.840281662353
0.04580000  1506.6306629764706
0.04582000  1506.4210442905883
0.04584000  1506.211425604706
0.04586000  1506.0018069188236
0.04588000  1505.792188232941
0.04590000  1505.5825695470587
0.04592000  1505.3729508611764
0.04594000  1505.163332175294
0.04596000  1504.9537134894117
0.04598000  1504.7440948035294
0.04600000  1504.534476117647
0.04602000  1504.3248574317647
0.04604000  1504.1152387458824
0.04606000  1503.90562006
0.04608000  1503.6960013741177
0.04610000  1503.4863826882352
0.04612000  1503.2767640023528
0.04614000  1503.0671453164705
0.04616000  1502.8575266305882
0.04618000  1502.6479079447058
0.04620000  1502.4382892588235
0.04622000  1502.2286705729412
0.04624000  1502.0190518870588
0.04626000  1501.8094332011765
0.04628000  1501.5998145152942
0.04630000  1501.3901958294118
0.04632000  1501.1805771435295
0.04634000  1500.970958457647
0.04636000  1500.7613397717646
0.04638000  1500.5517210858823
0.04640000  1500.3421024
0.04642000  1500.1324837141176
0.04644000  1499.9228650282353
0.04646000  1499.713246342353
0.04648000  1499.5036276564706
0.04650000  1499.2940089705883
0.04652000  1499.084390284706
0.04654000  1498.8747715988236
0.04656000  1498.6651529129413
0.04658000  1498.4555342270587
0.04660000  1498.2459155411764
0.04662000  1498.036296855294
0.04664000  1497.8266781694117
0.04666000  1497.6170594835294
0.04668000  1497.407440797647
0.04670000  1497.1978221117647
0.04672000  1496.9882034258824
0.04674000  1496.77858474
0.04676000  1496.5689660541177
0.04678000  1496.3593473682354
0.04680000  1496.1497286823528
0.04682000  1495.9401099964705
0.04684000  1495.7304913105881
0.04686000  1495.5208726247058
0.04688000  1495.3112539388235
0.04690000  1495.1016352529412
0.04692000  1494.8920165670588
0.04694000  1494.6823978811765
0.04696000  1494.4727791952942
0.04698000  1494.2631605094118
0.04700000  1494.0535418235295
0.04702000  1493.843923137647
0.04704000  1493.6343044517646
0.04706000  1493.4246857658823
0.04708000  1493.21506708
0.04710000  1493.0054483941176
0.04712000  1492.7958297082353
0.04714000  1492.586211022353
0.04716000  1492.3765923364706
0.04718000  1492.1669736505883
0.04720000  1491.957354964706
0.04722000  1491.7477362788236
0.04724000  1491.5381175929413
0.04726000  1491.3284989070587
0.04728000  1491.1188802211764
0.04730000  1490.909261535294
0.04732000  1490.6996428494117
0.04734000  1490.4900241635294
0.04736000  1490.280405477647
0.04738000  1490.0707867917647
0.04740000  1489.8611681058824
0.04742000  1489.65154942
0.04744000  1489.4419307341177
0.04746000  1489.2323120482354
0.04748000  1489.022693362353
0.04750000  1488.8130746764705
0.04752000  1488.6034559905881
0.04754000  1488.3938373047058
0.04756000  1488.1842186188235
0.04758000  1487.9745999329411
0.04760000  1487.7649812470588
0.04762000  1487.5553625611765
0.04764000  1487.3457438752941
0.04766000  1487.1361251894118
0.04768000  1486.9265065035295
0.04770000  1486.7168878176471
0.04772000  1486.5072691317646
0.04774000  1486.2976504458823
0.04776000  1486.08803176
0.04778000  1485.8784130741176
0.04780000  1485.6687943882353
0.04782000  1485.459175702353
0.04784000  1485.2495570164706
0.04786000  1485.0399383305883
0.04788000  1484.830319644706
0.04790000  1484.6207009588236
0.04792000  1484.4110822729413
0.04794000  1484.2014635870587
0.04796000  1483.9918449011764
0.04798000  1483.782226215294
0.04800000  1483.5726075294117
0.04802000  1483.3629888435294
0.04804000  1483.153370157647
0.04806000  1482.9437514717647
0.04808000  1482.7341327858824
0.04810000  1482.5245141
0.04812000  1482.3148954141177
0.04814000  1482.1052767282354
0.04816000  1481.895658042353
0.04818000  1481.6860393564705
0.04820000  1481.4764206705881
0.04822000  1481.2668019847058
0.04824000  1481.0571832988235
0.04826000  1480.8475646129411
0.04828000  1480.6379459270588
0.04830000  1480.4283272411765
0.04832000  1480.2187085552941
0.04834000  1480.0090898694118
0.04836000  1479.7994711835295
0.04838000  1479.5898524976471
0.04840000  1479.3802338117648
0.04842000  1479.1706151258823
0.04844000  1478.96099644
0.04846000  1478.7513777541176
0.04848000  1478.5417590682353
0.04850000  1478.332140382353
0.04852000  1478.1225216964706
0.04854000  1477.9129030105883
0.04856000  1477.703284324706
0.04858000  1477.4936656388236
0.04860000  1477.2840469529413
0.04862000  1477.074428267059
0.04864000  1476.8648095811764
0.04866000  1476.655190895294
0.04868000  1476.4455722094117
0.04870000  1476.2359535235294
0.04872000  1476.026334837647
0.04874000  1475.8167161517647
0.04876000  1475.6070974658824
0.04878000  1475.39747878
0.04880000  1475.1878600941177
0.04882000  1474.9782414082354
0.04884000  1474.768622722353
0.04886000  1474.5590040364705
0.04888000  1474.3493853505881
0.04890000  1474.1397666647058
0.04892000  1473.9301479788235
0.04894000  1473.7205292929411
0.04896000  1473.5109106070588
0.04898000  1473.3012919211765
0.04900000  1473.0916732352941
0.04902000  1472.8820545494118
0.04904000  1472.6724358635295
0.04906000  1472.4628171776471
0.04908000  1472.2531984917648
0.04910000  1472.0435798058822
0.04912000  1471.83396112
0.04914000  1471.6243424341176
0.04916000  1471.4147237482352
0.04918000  1471.205105062353
0.04920000  1470.9954863764706
0.04922000  1470.7858676905882
0.04924000  1470.576249004706
0.04926000  1470.3666303188236
0.04928000  1470.1570116329412
0.04930000  1469.947392947059
0.04932000  1469.7377742611766
0.04934000  1469.528155575294
0.04936000  1469.3185368894117
0.04938000  1469.1089182035294
0.04940000  1468.899299517647
0.04942000  1468.6896808317647
0.04944000  1468.4800621458824
0.04946000  1468.27044346
0.04948000  1468.0608247741177
0.04950000  1467.8512060882354
0.04952000  1467.641587402353
0.04954000  1467.4319687164707
0.04956000  1467.2223500305881
0.04958000  1467.0127313447058
0.04960000  1466.8031126588235
0.04962000  1466.5934939729411
0.04964000  1466.3838752870588
0.04966000  1466.1742566011765
0.04968000  1465.9646379152941
0.04970000  1465.7550192294118
0.04972000  1465.5454005435295
0.04974000  1465.3357818576471
0.04976000  1465.1261631717648
0.04978000  1464.9165444858822
0.04980000  1464.7069258
0.04982000  1464.4973071141176
0.04984000  1464.2876884282352
0.04986000  1464.078069742353
0.04988000  1463.8684510564706
0.04990000  1463.6588323705882
0.04992000  1463.449213684706
0.04994000  1463.2395949988236
0.04996000  1463.0299763129412
0.04998000  1462.820357627059
0.05000000  1462.6107389411766
0.05002000  1462.401120255294
0.05004000  1462.1915015694117
0.05006000  1461.9818828835294
0.05008000  1461.772264197647
0.05010000  1461.5626455117647
0.05012000  1461.3530268258824
0.05014000  1461.14340814
0.05016000  1460.9337894541177
0.05018000  1460.7241707682354
0.05020000  1460.514552082353
0.05022000  1460.3049333964707
0.05024000  1460.0953147105884
0.05026000  1459.8856960247058
0.05028000  1459.6760773388235
0.05030000  1459.4664586529411
0.05032000  1459.2568399670588
0.05034000  1459.0472212811765
0.05036000  1458.8376025952941
0.05038000  1458.6279839094118
0.05040000  1458.4183652235295
0.05042000  1458.2087465376471
0.05044000  1457.9991278517648
0.05046000  1457.7895091658825
0.05048000  1457.57989048
0.05050000  1457.3702717941176
0.05052000  1457.1606531082352
0.05054000  1456.951034422353
0.05056000  1456.7414157364706
0.05058000  1456.5317970505882
0.05060000  1456.322178364706
0.05062000  1456.1125596788236
0.05064000  1455.9029409929412
0.05066000  1455.693322307059
0.05068000  1455.4837036211766
0.05070000  1455.274084935294
0.05072000  1455.0644662494117
0.05074000  1454.8548475635293
0.05076000  1454.645228877647
0.05078000  1454.4356101917647
0.05080000  1454.2259915058823
0.05082000  1454.01637282
0.05084000  1453.8067541341177
0.05086000  1453.5971354482353
0.05088000  1453.387516762353
0.05090000  1453.1778980764707
0.05092000  1452.9682793905883
0.05094000  1452.7586607047058
0.05096000  1452.5490420188235
0.05098000  1452.3394233329411
0.05100000  1452.1298046470588
0.05102000  1451.9201859611765
0.05104000  1451.7105672752941
0.05106000  1451.5009485894118
0.05108000  1451.2913299035295
0.05110000  1451.0817112176471
0.05112000  1450.8720925317648
0.05114000  1450.6624738458825
0.05116000  1450.4528551600001
0.05118000  1450.2432364741176
0.05120000  1450.0336177882352
0.05122000  1449.823999102353
0.05124000  1449.6143804164706
0.05126000  1449.4047617305882
0.05128000  1449.195143044706
0.05130000  1448.9855243588236
0.05132000  1448.7759056729412
0.05134000  1448.566286987059
0.05136000  1448.3566683011766
0.05138000  1448.1470496152942
0.05140000  1447.9374309294117
0.05142000  1447.7278122435293
0.05144000  1447.518193557647
0.05146000  1447.3085748717647
0.05148000  1447.0989561858823
0.05150000  1446.8893375
0.05152000  1446.6797188141177
0.05154000  1446.4701001282353
0.05156000  1446.260481442353
0.05158000  1446.0508627564707
0.05160000  1445.8412440705883
0.05162000  1445.6316253847058
0.05164000  1445.4220066988235
0.05166000  1445.2123880129411
0.05168000  1445.0027693270588
0.05170000  1444.7931506411765
0.05172000  1444.5835319552941
0.05174000  1444.3739132694118
0.05176000  1444.1642945835295
0.05178000  1443.9546758976471
0.05180000  1443.7450572117648
0.05182000  1443.5354385258825
0.05184000  1443.32581984
0.05186000  1443.1162011541176
0.05188000  1442.9065824682352
0.05190000  1442.696963782353
0.05192000  1442.4873450964706
0.05194000  1442.2777264105882
0.05196000  1442.068107724706
0.05198000  1441.8584890388236
0.05200000  1441.6488703529412
0.05202000  1441.439251667059
0.05204000  1441.2296329811766
0.05206000  1441.0200142952942
0.05208000  1440.810395609412
0.05210000  1440.6007769235293
0.05212000  1440.391158237647
0.05214000  1440.1815395517647
0.05216000  1439.9719208658823
0.05218000  1439.76230218
0.05220000  1439.5526834941177
0.05222000  1439.3430648082353
0.05224000  1439.133446122353
0.05226000  1438.9238274364707
0.05228000  1438.7142087505883
0.05230000  1438.504590064706
0.05232000  1438.2949713788234
0.05234000  1438.0853526929411
0.05236000  1437.8757340070588
0.05238000  1437.6661153211764
0.05240000  1437.4564966352941
0.05242000  1437.2468779494118
0.05244000  1437.0372592635294
0.05246000  1436.8276405776471
0.05248000  1436.6180218917648
0.05250000  1436.4084032058825
0.05252000  1436.1987845200001
0.05254000  1435.9891658341176
0.05256000  1435.7795471482352
0.05258000  1435.569928462353
0.05260000  1435.3603097764706
0.05262000  1435.1506910905882
0.05264000  1434.941072404706
0.05266000  1434.7314537188236
0.05268000  1434.5218350329412
0.05270000  1434.312216347059
0.05272000  1434.1025976611766
0.05274000  1433.8929789752942
0.05276000  1433.6833602894117
0.05278000  1433.4737416035293
0.05280000  1433.264122917647
0.05282000  1433.0545042317647
0.05284000  1432.8448855458823
0.05286000  1432.63526686
0.05288000  1432.4256481741177
0.05290000  1432.2160294882353
0.05292000  1432.006410802353
0.05294000  1431.7967921164707
0.05296000  1431.5871734305883
0.05298000  1431.377554744706
0.05300000  1431.1679360588237
0.05302000  1430.958317372941
0.05304000  1430.7486986870588
0.05306000  1430.5390800011764
0.05308000  1430.329461315294
0.05310000  1430.1198426294118
0.05312000  1429.9102239435294
0.05314000  1429.700605257647
0.05316000  1429.4909865717648
0.05318000  1429.2813678858824
0.05320000  1429.0717492
0.05322000  1428.8621305141178
0.05324000  1428.6525118282352
0.05326000  1428.442893142353
0.05328000  1428.2332744564706
0.05330000  1428.0236557705882
0.05332000  1427.814037084706
0.05334000  1427.6044183988236
0.05336000  1427.3947997129412
0.05338000  1427.185181027059
0.05340000  1426.9755623411766
0.05342000  1426.7659436552942
0.05344000  1426.556324969412
0.05346000  1426.3467062835293
0.05348000  1426.137087597647
0.05350000  1425.9274689117647
0.05352000  1425.7178502258823
0.05354000  1425.50823154
0.05356000  1425.2986128541177
0.05358000  1425.0889941682353
0.05360000  1424.879375482353
0.05362000  1424.6697567964707
0.05364000  1424.4601381105883
0.05366000  1424.250519424706
0.05368000  1424.0409007388234
0.05370000  1423.831282052941
0.05372000  1423.6216633670588
0.05374000  1423.4120446811764
0.05376000  1423.202425995294
0.05378000  1422.9928073094118
0.05380000  1422.7831886235294
0.05382000  1422.573569937647
0.05384000  1422.3639512517648
0.05386000  1422.1543325658824
0.05388000  1421.94471388
0.05390000  1421.7350951941178
0.05392000  1421.5254765082354
0.05394000  1421.3158578223529
0.05396000  1421.1062391364705
0.05398000  1420.8966204505882
0.05400000  1420.6870017647059
0.05402000  1420.4773830788236
0.05404000  1420.2677643929412
0.05406000  1420.0581457070589
0.05408000  1419.8485270211766
0.05410000  1419.6389083352942
0.05412000  1419.4292896494119
0.05414000  1419.2196709635296
0.05416000  1419.010052277647
0.05418000  1418.8004335917647
0.05420000  1418.5908149058823
0.05422000  1418.38119622
0.05424000  1418.1715775341177
0.05426000  1417.9619588482353
0.05428000  1417.752340162353
0.05430000  1417.5427214764707
0.05432000  1417.3331027905883
0.05434000  1417.123484104706
0.05436000  1416.9138654188237
0.05438000  1416.704246732941
0.05440000  1416.4946280470588
0.05442000  1416.2850093611764
0.05444000  1416.075390675294
0.05446000  1415.8657719894118
0.05448000  1415.6561533035294
0.05450000  1415.446534617647
0.05452000  1415.2369159317648
0.05454000  1415.0272972458824
0.05456000  1414.81767856
0.05458000  1414.6080598741178
0.05460000  1414.3984411882352
0.05462000  1414.1888225023529
0.05464000  1413.9792038164705
0.05466000  1413.7695851305882
0.05468000  1413.5599664447059
0.05470000  1413.3503477588235
0.05472000  1413.1407290729412
0.05474000  1412.9311103870589
0.05476000  1412.7214917011765
0.05478000  1412.5118730152942
0.05480000  1412.3022543294119
0.05482000  1412.0926356435295
0.05484000  1411.8830169576472
0.05486000  1411.6733982717647
0.05488000  1411.4637795858823
0.05490000  1411.2541609
0.05492000  1411.0445422141177
0.05494000  1410.8349235282353
0.05496000  1410.625304842353
0.05498000  1410.4156861564707
0.05500000  1410.2060674705883
0.05502000  1409.996448784706
0.05504000  1409.7868300988237
0.05506000  1409.5772114129413
0.05508000  1409.3675927270588
0.05510000  1409.1579740411764
0.05512000  1408.948355355294
0.05514000  1408.7387366694118
0.05516000  1408.5291179835294
0.05518000  1408.319499297647
0.05520000  1408.1098806117648
0.05522000  1407.9002619258824
0.05524000  1407.69064324
0.05526000  1407.4810245541178
0.05528000  1407.2714058682354
0.05530000  1407.0617871823529
0.05532000  1406.8521684964705
0.05534000  1406.6425498105882
0.05536000  1406.4329311247059
0.05538000  1406.2233124388235
0.05540000  1406.0136937529412
0.05542000  1405.8040750670589
0.05544000  1405.5944563811765
0.05546000  1405.3848376952942
0.05548000  1405.1752190094119
0.05550000  1404.9656003235295
0.05552000  1404.755981637647
0.05554000  1404.5463629517646
0.05556000  1404.3367442658823
0.05558000  1404.12712558
0.05560000  1403.9175068941177
0.05562000  1403.7078882082353
0.05564000  1403.498269522353
0.05566000  1403.2886508364707
0.05568000  1403.0790321505883
0.05570000  1402.869413464706
0.05572000  1402.6597947788237
0.05574000  1402.450176092941
0.05576000  1402.240557407059
0.05578000  1402.0309387211764
0.05580000  1401.821320035294
0.05582000  1401.6117013494118
0.05584000  1401.4020826635294
0.05586000  1401.192463977647
0.05588000  1400.9828452917648
0.05590000  1400.7732266058824
0.05592000  1400.56360792
0.05594000  1400.3539892341178
0.05596000  1400.1443705482354
0.05598000  1399.934751862353
0.05600000  1399.7251331764705
0.05602000  1399.5155144905882
0.05604000  1399.3058958047059
0.05606000  1399.0962771188235
0.05608000  1398.8866584329412
0.05610000  1398.6770397470589
0.05612000  1398.4674210611765
0.05614000  1398.2578023752942
0.05616000  1398.0481836894119
0.05618000  1397.8385650035295
0.05620000  1397.6289463176472
0.05622000  1397.4193276317646
0.05624000  1397.2097089458823
0.05626000  1397.00009026
0.05628000  1396.7904715741176
0.05630000  1396.5808528882353
0.05632000  1396.371234202353
0.05634000  1396.1616155164706
0.05636000  1395.9519968305883
0.05638000  1395.742378144706
0.05640000  1395.5327594588236
0.05642000  1395.3231407729413
0.05644000  1395.1135220870588
0.05646000  1394.9039034011764
0.05648000  1394.694284715294
0.05650000  1394.4846660294118
0.05652000  1394.2750473435294
0.05654000  1394.065428657647
0.05656000  1393.8558099717648
0.05658000  1393.6461912858824
0.05660000  1393.4365726
0.05662000  1393.2269539141178
0.05664000  1393.0173352282354
0.05666000  1392.8077165423529
0.05668000  1392.5980978564708
0.05670000  1392.3884791705882
0.05672000  1392.1788604847059
0.05674000  1391.9692417988235
0.05676000  1391.7596231129412
0.05678000  1391.5500044270589
0.05680000  1391.3403857411765
0.05682000  1391.1307670552942
0.05684000  1390.9211483694119
0.05686000  1390.7115296835295
0.05688000  1390.5019109976472
0.05690000  1390.2922923117649
0.05692000  1390.0826736258823
0.05694000  1389.87305494
0.05696000  1389.6634362541176
0.05698000  1389.4538175682353
0.05700000  1389.244198882353
0.05702000  1389.0345801964706
0.05704000  1388.8249615105883
0.05706000  1388.615342824706
0.05708000  1388.4057241388236
0.05710000  1388.1961054529413
0.05712000  1387.986486767059
0.05714000  1387.7768680811764
0.05716000  1387.567249395294
0.05718000  1387.3576307094118
0.05720000  1387.1480120235294
0.05722000  1386.938393337647
0.05724000  1386.7287746517648
0.05726000  1386.5191559658824
0.05728000  1386.30953728
0.05730000  1386.0999185941178
0.05732000  1385.8902999082354
0.05734000  1385.680681222353
0.05736000  1385.4710625364705
0.05738000  1385.2614438505882
0.05740000  1385.0518251647059
0.05742000  1384.8422064788235
0.05744000  1384.6325877929412
0.05746000  1384.4229691070589
0.05748000  1384.2133504211765
0.05750000  1384.0037317352942
0.05752000  1383.7941130494119
0.05754000  1383.5844943635295
0.05756000  1383.3748756776472
0.05758000  1383.1652569917646
0.05760000  1382.9556383058825
0.05762000  1382.74601962
0.05764000  1382.5364009341176
0.05766000  1382.3267822482353
0.05768000  1382.117163562353
0.05770000  1381.9075448764706
0.05772000  1381.6979261905883
0.05774000  1381.488307504706
0.05776000  1381.2786888188236
0.05778000  1381.0690701329413
0.05780000  1380.859451447059
0.05782000  1380.6498327611766
0.05784000  1380.440214075294
0.05786000  1380.2305953894117
0.05788000  1380.0209767035294
0.05790000  1379.811358017647
0.05792000  1379.6017393317647
0.05794000  1379.3921206458824
0.05796000  1379.18250196
0.05798000  1378.9728832741177
0.05800000  1378.7632645882354
0.05802000  1378.553645902353
0.05804000  1378.3440272164707
0.05806000  1378.1344085305882
0.05808000  1377.9247898447059
0.05810000  1377.7151711588235
0.05812000  1377.5055524729412
0.05814000  1377.2959337870589
0.05816000  1377.0863151011765
0.05818000  1376.8766964152942
0.05820000  1376.6670777294119
0.05822000  1376.4574590435295
0.05824000  1376.2478403576472
0.05826000  1376.0382216717649
0.05828000  1375.8286029858823
0.05830000  1375.6189843
0.05832000  1375.4093656141176
0.05834000  1375.1997469282353
0.05836000  1374.990128242353
0.05838000  1374.7805095564706
0.05840000  1374.5708908705883
0.05842000  1374.361272184706
0.05844000  1374.1516534988236
0.05846000  1373.9420348129413
0.05848000  1373.732416127059
0.05850000  1373.5227974411764
0.05852000  1373.3131787552943
0.05854000  1373.1035600694117
0.05856000  1372.8939413835294
0.05858000  1372.684322697647
0.05860000  1372.4747040117647
0.05862000  1372.2650853258824
0.05864000  1372.05546664
0.05866000  1371.8458479541177
0.05868000  1371.6362292682354
0.05870000  1371.426610582353
0.05872000  1371.2169918964707
0.05874000  1371.0073732105884
0.05876000  1370.7977545247059
0.05878000  1370.5881358388235
0.05880000  1370.3785171529412
0.05882000  1370.1688984670589
0.05884000  1369.9592797811765
0.05886000  1369.7496610952942
0.05888000  1369.5400424094119
0.05890000  1369.3304237235295
0.05892000  1369.1208050376472
0.05894000  1368.9111863517649
0.05896000  1368.7015676658825
0.05898000  1368.49194898
0.05900000  1368.2823302941176
0.05902000  1368.0727116082353
0.05904000  1367.863092922353
0.05906000  1367.6534742364706
0.05908000  1367.4438555505883
0.05910000  1367.234236864706
0.05912000  1367.0246181788236
0.05914000  1366.8149994929413
0.05916000  1366.605380807059
0.05918000  1366.3957621211766
0.05920000  1366.186143435294
0.05922000  1365.9765247494117
0.05924000  1365.7669060635294
0.05926000  1365.557287377647
0.05928000  1365.3476686917647
0.05930000  1365.1380500058824
0.05932000  1364.92843132
0.05934000  1364.7188126341177
0.05936000  1364.5091939482354
0.05938000  1364.299575262353
0.05940000  1364.0899565764707
0.05942000  1363.8803378905882
0.05944000  1363.670719204706
0.05946000  1363.4611005188235
0.05948000  1363.2514818329412
0.05950000  1363.0418631470588
0.05952000  1362.8322444611765
0.05954000  1362.6226257752942
0.05956000  1362.4130070894118
0.05958000  1362.2033884035295
0.05960000  1361.9937697176472
0.05962000  1361.7841510317648
0.05964000  1361.5745323458825
0.05966000  1361.3649136600002
0.05968000  1361.1552949741176
0.05970000  1360.9456762882353
0.05972000  1360.736057602353
0.05974000  1360.5264389164706
0.05976000  1360.3168202305883
0.05978000  1360.107201544706
0.05980000  1359.8975828588236
0.05982000  1359.6879641729413
0.05984000  1359.478345487059
0.05986000  1359.2687268011766
0.05988000  1359.0591081152943
0.05990000  1358.8494894294117
0.05992000  1358.6398707435294
0.05994000  1358.430252057647
0.05996000  1358.2206333717647
0.05998000  1358.0110146858824
0.06000000  1357.801396
0.06002000  1356.296498
0.06004000  1354.910367
0.06006000  1353.631058
0.06008000  1352.446399
0.06010000  1351.273494
0.06012000  1349.872335
0.06014000  1347.991588
0.06016000  1345.46126
0.06018000  1342.083968
0.06020000  1337.634857
0.06022000  1331.588975
0.06024000  1322.352704
0.06026000  1307.980788
0.06028000  1286.029682
0.06030000  1253.090424
0.06032000  1204.536006
0.06034000  1134.879436
0.06036000  1039.533076
0.06038000  921.002798
0.06040000  794.376939
0.06042000  671.172895
0.06044000  550.438683
0.06046000  424.582323
0.06048000  291.927058
0.06050000  175.121601
0.06052000  102.083128
0.06054000  64.888685
0.06056000  48.784326
0.06058000  44.870841
0.06060000  52.304361
0.06062000  77.481747
0.06064000  135.709804
0.06066000  246.835838
0.06068000  412.014799
0.06070000  607.470722
0.06072000  803.645591
0.06074000  979.133077
0.06076000  1124.643212
0.06078000  1238.946616
0.06080000  1324.507131
0.06082000  1386.227871
0.06084000  1429.878608
0.06086000  1460.60257
0.06088000  1482.314321
0.06090000  1497.773949
0.06092000  1508.873554
0.06094000  1516.900791
0.06096000  1522.738414
0.06098000  1527.00192
0.06100000  1530.124936
0.06102000  1532.412758
0.06104000  1534.086657
0.06106000  1535.306099
0.06108000  1536.187616
0.06110000  1536.818927
0.06112000  1537.265298
0.06114000  1537.575021
0.06116000  1537.781788
0.06118000  1537.911116
0.06120000  1537.983117
0.06122000  1538.012603
0.06124000  1538.009135
0.06126000  1537.98225
0.06128000  1537.938011
0.06130000  1537.882481
0.06132000  1537.818252
0.06134000  1537.750528
0.06136000  1537.681909
0.06138000  1537.615872
0.06140000  1537.553288
0.06142000  1537.49503
0.06144000  1537.440234
0.06146000  1537.388902
0.06148000  1537.341907
0.06150000  1537.297512
0.06152000  1537.255719
0.06154000  1537.2174
0.06156000  1537.181686
0.06158000  1537.147708
0.06160000  1537.115467
0.06162000  1537.084963
0.06164000  1537.055326
0.06166000  1537.026556
0.06168000  1536.999525
0.06170000  1536.97249
0.06172000  1536.946324
0.06174000  1536.921026
0.06176000  1536.896597
0.06178000  1536.872165
0.06180000  1536.84773
0.06182000  1536.824164
0.06184000  1536.801469
0.06186000  1536.77877
0.06188000  1536.756942
0.06190000  1536.735111
0.06192000  1536.713278
0.06194000  1536.692315
0.06196000  1536.67135
0.06198000  1536.650383
0.06200000  1536.630287
0.06202000  1536.611062
0.06204000  1536.590962
0.06206000  1536.571734
0.06208000  1536.553377
0.06210000  1536.535019
0.06212000  1536.516659
0.06214000  1536.498297
0.06216000  1536.480808
0.06218000  1536.463317
0.06220000  1536.4467
0.06222000  1536.43008
0.06224000  1536.413459
0.06226000  1536.396837
0.06228000  1536.381088
0.06230000  1536.365338
0.06232000  1536.350461
0.06234000  1536.335583
0.06236000  1536.320705
0.06238000  1536.305824
0.06240000  1536.291819
0.06242000  1536.277812
0.06244000  1536.264679
0.06246000  1536.25067
0.06248000  1536.237535
0.06250000  1536.225276
0.06252000  1536.212139
0.06254000  1536.199878
0.06256000  1536.187616
0.06258000  1536.176229
0.06260000  1536.163965
0.06262000  1536.152576
0.06264000  1536.142063
0.06266000  1536.130673
0.06268000  1536.120159
0.06270000  1536.109644
0.06272000  1536.099128
0.06274000  1536.089489
0.06276000  1536.078972
0.06278000  1536.069331
0.06280000  1536.060566
0.06282000  1536.050924
0.06284000  1536.042159
0.06286000  1536.033392
0.06288000  1536.024626
0.06290000  1536.015859
0.06292000  1536.007968
0.06294000  1536.000077
0.06296000  1535.992186
0.06298000  1535.984294
0.06300000  1535.977279
