0.00000000  1357.798162
0.00002000  1356.293253
0.00004000  1354.907112
0.00006000  1353.627794
0.00008000  1352.441491
0.00010000  1351.270214
0.00012000  1349.869045
0.00014000  1347.988284
0.00016000  1345.457939
0.00018000  1342.078952
0.00020000  1337.631483
0.00022000  1331.58556
0.00024000  1322.349228
0.00026000  1307.975433
0.00028000  1286.020417
0.00030000  1253.07288
0.00032000  1204.492382
0.00034000  1134.774512
0.00036000  1039.308425
0.00038000  920.568259
0.00040000  793.638294
0.00042000  670.058001
0.00044000  548.935485
0.00046000  422.775433
0.00048000  290.064659
0.00050000  173.500766
0.00052000  100.726721
0.00054000  63.672942
0.00056000  47.533674
0.00058000  43.355896
0.00060000  50.049926
0.00062000  73.364949
0.00064000  127.339343
0.00066000  230.635733
0.00068000  385.878124
0.00070000  573.25507
0.00072000  765.996841
0.00074000  942.714718
0.00076000  1092.459974
0.00078000  1212.182609
0.00080000  1303.015264
0.00082000  1369.206176
0.00084000  1416.381532
0.00086000  1449.796805
0.00088000  1473.548792
0.00090000  1490.557384
0.00092000  1502.842802
0.00094000  1511.786009
0.00096000  1518.336254
0.00098000  1523.159814
0.00100000  1526.724037
0.00102000  1529.36163
0.00104000  1531.312761
0.00106000  1532.75302
0.00108000  1533.810044
0.00110000  1534.581229
0.00112000  1535.139684
0.00114000  1535.537423
0.00116000  1535.81498
0.00118000  1536.000954
0.00120000  1536.11753
0.00122000  1536.181484
0.00124000  1536.206885
0.00126000  1536.20163
0.00128000  1536.175353
0.00130000  1536.133302
0.00132000  1536.080725
0.00134000  1536.021996
0.00136000  1535.961494
0.00138000  1535.901849
0.00140000  1535.844818
0.00142000  1535.792158
0.00144000  1535.742996
0.00146000  1535.697333
0.00148000  1535.654294
0.00150000  1535.614759
0.00152000  1535.578732
0.00154000  1535.545334
0.00156000  1535.513688
0.00158000  1535.484675
0.00160000  1535.458295
0.00162000  1535.432792
0.00164000  1535.408164
0.00166000  1535.385292
0.00168000  1535.363298
0.00170000  1535.34218
0.00172000  1535.321061
0.00174000  1535.300819
0.00176000  1535.281455
0.00178000  1535.262969
0.00180000  1535.244481
0.00182000  1535.225992
0.00184000  1535.208381
0.00186000  1535.19165
0.00188000  1535.174036
0.00190000  1535.157301
0.00192000  1535.141445
0.00194000  1535.125589
0.00196000  1535.10973
0.00198000  1535.094752
0.00200000  1535.079772
0.00202000  1535.064792
0.00204000  1535.050691
0.00206000  1535.036589
0.00208000  1535.022486
0.00210000  1535.009264
0.00212000  1534.99604
0.00214000  1534.982816
0.00216000  1534.970473
0.00218000  1534.958128
0.00220000  1534.945783
0.00222000  1534.934319
0.00224000  1534.922854
0.00226000  1534.911389
0.00228000  1534.899922
0.00230000  1534.889337
0.00232000  1534.878752
0.00234000  1534.868166
0.00236000  1534.858461
0.00238000  1534.848756
0.00240000  1534.839051
0.00242000  1534.829345
0.00244000  1534.820521
0.00246000  1534.811697
0.00248000  1534.802872
0.00250000  1534.794929
0.00252000  1534.786986
0.00254000  1534.779042
0.00256000  1534.771099
0.00258000  1534.764037
0.00260000  1534.756093
0.00262000  1534.749031
0.00264000  1534.742851
0.00266000  1534.735789
0.00268000  1534.729609
0.00270000  1534.723429
0.00272000  1534.717248
0.00274000  1534.711068
0.00276000  1534.70577
0.00278000  1534.700472
0.00280000  1534.695174
0.00282000  1534.689876
0.00284000  1534.684578
0.00286000  1534.680162
0.00288000  1534.675747
0.00290000  1534.671331
0.00292000  1534.666915
0.00294000  1534.662499
0.00296000  1534.658967
0.00298000  1534.655434
0.00300000  1534.651018
0.00302000  1534.4429558164707
0.00304000  1534.2348936329413
0.00306000  1534.0268314494117
0.00308000  1533.8187692658823
0.00310000  1533.610707082353
0.00312000  1533.4026448988236
0.00314000  1533.1945827152942
0.00316000  1532.9865205317647
0.00318000  1532.7784583482353
0.00320000  1532.570396164706
0.00322000  1532.3623339811766
0.00324000  1532.154271797647
0.00326000  1531.9462096141176
0.00328000  1531.7381474305882
0.00330000  1531.5300852470589
0.00332000  1531.3220230635295
0.00334000  1531.11396088
0.00336000  1530.9058986964706
0.00338000  1530.6978365129412
0.00340000  1530.4897743294118
0.00342000  1530.2817121458825
0.00344000  1530.0736499623529
0.00346000  1529.8655877788235
0.00348000  1529.6575255952941
0.00350000  1529.4494634117648
0.00352000  1529.2414012282354
0.00354000  1529.0333390447058
0.00356000  1528.8252768611765
0.00358000  1528.617214677647
0.00360000  1528.4091524941177
0.00362000  1528.2010903105884
0.00364000  1527.9930281270588
0.00366000  1527.7849659435294
0.00368000  1527.57690376
0.00370000  1527.3688415764707
0.00372000  1527.160779392941
0.00374000  1526.9527172094117
0.00376000  1526.7446550258824
0.00378000  1526.536592842353
0.00380000  1526.3285306588236
0.00382000  1526.120468475294
0.00384000  1525.9124062917647
0.00386000  1525.7043441082353
0.00388000  1525.496281924706
0.00390000  1525.2882197411766
0.00392000  1525.080157557647
0.00394000  1524.8720953741176
0.00396000  1524.6640331905883
0.00398000  1524.455971007059
0.00400000  1524.2479088235295
0.00402000  1524.03984664
0.00404000  1523.8317844564706
0.00406000  1523.6237222729412
0.00408000  1523.4156600894119
0.00410000  1523.2075979058823
0.00412000  1522.999535722353
0.00414000  1522.7914735388235
0.00416000  1522.5834113552942
0.00418000  1522.3753491717648
0.00420000  1522.1672869882352
0.00422000  1521.9592248047059
0.00424000  1521.7511626211765
0.00426000  1521.5431004376471
0.00428000  1521.3350382541178
0.00430000  1521.1269760705882
0.00432000  1520.9189138870588
0.00434000  1520.7108517035294
0.00436000  1520.50278952
0.00438000  1520.2947273364707
0.00440000  1520.0866651529411
0.00442000  1519.8786029694118
0.00444000  1519.6705407858824
0.00446000  1519.462478602353
0.00448000  1519.2544164188234
0.00450000  1519.046354235294
0.00452000  1518.8382920517647
0.00454000  1518.6302298682353
0.00456000  1518.422167684706
0.00458000  1518.2141055011764
0.00460000  1518.006043317647
0.00462000  1517.7979811341177
0.00464000  1517.5899189505883
0.00466000  1517.381856767059
0.00468000  1517.1737945835293
0.00470000  1516.9657324
0.00472000  1516.7576702164706
0.00474000  1516.5496080329413
0.00476000  1516.341545849412
0.00478000  1516.1334836658823
0.00480000  1515.925421482353
0.00482000  1515.7173592988236
0.00484000  1515.5092971152942
0.00486000  1515.3012349317648
0.00488000  1515.0931727482352
0.00490000  1514.8851105647059
0.00492000  1514.6770483811765
0.00494000  1514.4689861976472
0.00496000  1514.2609240141176
0.00498000  1514.0528618305882
0.00500000  1513.8447996470588
0.00502000  1513.6367374635295
0.00504000  1513.42867528
0.00506000  1513.2206130964705
0.00508000  1513.0125509129412
0.00510000  1512.8044887294118
0.00512000  1512.5964265458824
0.00514000  1512.388364362353
0.00516000  1512.1803021788235
0.00518000  1511.972239995294
0.00520000  1511.7641778117647
0.00522000  1511.5561156282354
0.00524000  1511.348053444706
0.00526000  1511.1399912611764
0.00528000  1510.931929077647
0.00530000  1510.7238668941177
0.00532000  1510.5158047105883
0.00534000  1510.3077425270587
0.00536000  1510.0996803435294
0.00538000  1509.89161816
0.00540000  1509.6835559764706
0.00542000  1509.4754937929413
0.00544000  1509.2674316094117
0.00546000  1509.0593694258823
0.00548000  1508.851307242353
0.00550000  1508.6432450588236
0.00552000  1508.4351828752942
0.00554000  1508.2271206917646
0.00556000  1508.0190585082353
0.00558000  1507.810996324706
0.00560000  1507.6029341411765
0.00562000  1507.3948719576472
0.00564000  1507.1868097741176
0.00566000  1506.9787475905882
0.00568000  1506.7706854070589
0.00570000  1506.5626232235295
0.00572000  1506.3545610400001
0.00574000  1506.1464988564705
0.00576000  1505.9384366729412
0.00578000  1505.7303744894118
0.00580000  1505.5223123058825
0.00582000  1505.3142501223529
0.00584000  1505.1061879388235
0.00586000  1504.8981257552941
0.00588000  1504.6900635717648
0.00590000  1504.4820013882354
0.00592000  1504.2739392047058
0.00594000  1504.0658770211764
0.00596000  1503.857814837647
0.00598000  1503.6497526541177
0.00600000  1503.4416904705884
0.00602000  1503.2336282870588
0.00604000  1503.0255661035294
0.00606000  1502.81750392
0.00608000  1502.6094417364707
0.00610000  1502.4013795529413
0.00612000  1502.1933173694117
0.00614000  1501.9852551858824
0.00616000  1501.777193002353
0.00618000  1501.5691308188236
0.00620000  1501.361068635294
0.00622000  1501.1530064517647
0.00624000  1500.9449442682353
0.00626000  1500.736882084706
0.00628000  1500.5288199011766
0.00630000  1500.320757717647
0.00632000  1500.1126955341176
0.00634000  1499.9046333505883
0.00636000  1499.696571167059
0.00638000  1499.4885089835295
0.00640000  1499.2804468
0.00642000  1499.0723846164706
0.00644000  1498.8643224329412
0.00646000  1498.6562602494118
0.00648000  1498.4481980658825
0.00650000  1498.240135882353
0.00652000  1498.0320736988235
0.00654000  1497.8240115152942
0.00656000  1497.6159493317648
0.00658000  1497.4078871482352
0.00660000  1497.1998249647058
0.00662000  1496.9917627811765
0.00664000  1496.783700597647
0.00666000  1496.5756384141177
0.00668000  1496.3675762305882
0.00670000  1496.1595140470588
0.00672000  1495.9514518635294
0.00674000  1495.74338968
0.00676000  1495.5353274964707
0.00678000  1495.327265312941
0.00680000  1495.1192031294117
0.00682000  1494.9111409458824
0.00684000  1494.703078762353
0.00686000  1494.4950165788237
0.00688000  1494.286954395294
0.00690000  1494.0788922117647
0.00692000  1493.8708300282353
0.00694000  1493.662767844706
0.00696000  1493.4547056611766
0.00698000  1493.246643477647
0.00700000  1493.0385812941176
0.00702000  1492.8305191105883
0.00704000  1492.622456927059
0.00706000  1492.4143947435293
0.00708000  1492.20633256
0.00710000  1491.9982703764706
0.00712000  1491.7902081929412
0.00714000  1491.5821460094119
0.00716000  1491.3740838258823
0.00718000  1491.166021642353
0.00720000  1490.9579594588236
0.00722000  1490.7498972752942
0.00724000  1490.5418350917648
0.00726000  1490.3337729082352
0.00728000  1490.1257107247059
0.00730000  1489.9176485411765
0.00732000  1489.7095863576471
0.00734000  1489.5015241741178
0.00736000  1489.2934619905882
0.00738000  1489.0853998070588
0.00740000  1488.8773376235295
0.00742000  1488.66927544
0.00744000  1488.4612132564707
0.00746000  1488.2531510729411
0.00748000  1488.0450888894118
0.00750000  1487.8370267058824
0.00752000  1487.628964522353
0.00754000  1487.4209023388235
0.00756000  1487.212840155294
0.00758000  1487.0047779717647
0.00760000  1486.7967157882354
0.00762000  1486.588653604706
0.00764000  1486.3805914211764
0.00766000  1486.172529237647
0.00768000  1485.9644670541177
0.00770000  1485.7564048705883
0.00772000  1485.548342687059
0.00774000  1485.3402805035294
0.00776000  1485.13221832
0.00778000  1484.9241561364706
0.00780000  1484.7160939529413
0.00782000  1484.508031769412
0.00784000  1484.2999695858823
0.00786000  1484.091907402353
0.00788000  1483.8838452188236
0.00790000  1483.6757830352942
0.00792000  1483.4677208517646
0.00794000  1483.2596586682353
0.00796000  1483.051596484706
0.00798000  1482.8435343011765
0.00800000  1482.6354721176472
0.00802000  1482.4274099341176
0.00804000  1482.2193477505882
0.00806000  1482.0112855670588
0.00808000  1481.8032233835295
0.00810000  1481.5951612000001
0.00812000  1481.3870990164705
0.00814000  1481.1790368329412
0.00816000  1480.9709746494118
0.00818000  1480.7629124658824
0.00820000  1480.554850282353
0.00822000  1480.3467880988235
0.00824000  1480.1387259152941
0.00826000  1479.9306637317648
0.00828000  1479.7226015482354
0.00830000  1479.5145393647058
0.00832000  1479.3064771811764
0.00834000  1479.098414997647
0.00836000  1478.8903528141177
0.00838000  1478.6822906305883
0.00840000  1478.4742284470587
0.00842000  1478.2661662635294
0.00844000  1478.05810408
0.00846000  1477.8500418964707
0.00848000  1477.6419797129413
0.00850000  1477.4339175294117
0.00852000  1477.2258553458823
0.00854000  1477.017793162353
0.00856000  1476.8097309788236
0.00858000  1476.6016687952942
0.00860000  1476.3936066117647
0.00862000  1476.1855444282353
0.00864000  1475.977482244706
0.00866000  1475.7694200611766
0.00868000  1475.561357877647
0.00870000  1475.3532956941176
0.00872000  1475.1452335105882
0.00874000  1474.9371713270589
0.00876000  1474.7291091435295
0.00878000  1474.52104696
0.00880000  1474.3129847764706
0.00882000  1474.1049225929412
0.00884000  1473.8968604094118
0.00886000  1473.6887982258825
0.00888000  1473.4807360423529
0.00890000  1473.2726738588235
0.00892000  1473.0646116752941
0.00894000  1472.8565494917648
0.00896000  1472.6484873082354
0.00898000  1472.4404251247058
0.00900000  1472.2323629411765
0.00902000  1472.024300757647
0.00904000  1471.8162385741177
0.00906000  1471.6081763905884
0.00908000  1471.4001142070588
0.00910000  1471.1920520235294
0.00912000  1470.98398984
0.00914000  1470.7759276564707
0.00916000  1470.5678654729413
0.00918000  1470.3598032894117
0.00920000  1470.1517411058824
0.00922000  1469.943678922353
0.00924000  1469.7356167388236
0.00926000  1469.527554555294
0.00928000  1469.3194923717647
0.00930000  1469.1114301882353
0.00932000  1468.903368004706
0.00934000  1468.6953058211766
0.00936000  1468.487243637647
0.00938000  1468.2791814541176
0.00940000  1468.0711192705883
0.00942000  1467.863057087059
0.00944000  1467.6549949035295
0.00946000  1467.44693272
0.00948000  1467.2388705364706
0.00950000  1467.0308083529412
0.00952000  1466.8227461694119
0.00954000  1466.6146839858825
0.00956000  1466.406621802353
0.00958000  1466.1985596188235
0.00960000  1465.9904974352942
0.00962000  1465.7824352517648
0.00964000  1465.5743730682352
0.00966000  1465.3663108847059
0.00968000  1465.1582487011765
0.00970000  1464.9501865176471
0.00972000  1464.7421243341178
0.00974000  1464.5340621505882
0.00976000  1464.3259999670588
0.00978000  1464.1179377835294
0.00980000  1463.9098756
0.00982000  1463.7018134164707
0.00984000  1463.4937512329411
0.00986000  1463.2856890494118
0.00988000  1463.0776268658824
0.00990000  1462.869564682353
0.00992000  1462.6615024988237
0.00994000  1462.453440315294
0.00996000  1462.2453781317647
0.00998000  1462.0373159482353
0.01000000  1461.829253764706
0.01002000  1461.6211915811764
0.01004000  1461.413129397647
0.01006000  1461.2050672141177
0.01008000  1460.9970050305883
0.01010000  1460.788942847059
0.01012000  1460.5808806635293
0.01014000  1460.37281848
0.01016000  1460.1647562964706
0.01018000  1459.9566941129412
0.01020000  1459.7486319294119
0.01022000  1459.5405697458823
0.01024000  1459.332507562353
0.01026000  1459.1244453788236
0.01028000  1458.9163831952942
0.01030000  1458.7083210117648
0.01032000  1458.5002588282352
0.01034000  1458.2921966447059
0.01036000  1458.0841344611765
0.01038000  1457.8760722776472
0.01040000  1457.6680100941176
0.01042000  1457.4599479105882
0.01044000  1457.2518857270588
0.01046000  1457.0438235435295
0.01048000  1456.83576136
0.01050000  1456.6276991764705
0.01052000  1456.4196369929412
0.01054000  1456.2115748094118
0.01056000  1456.0035126258824
0.01058000  1455.795450442353
0.01060000  1455.5873882588235
0.01062000  1455.379326075294
0.01064000  1455.1712638917647
0.01066000  1454.9632017082354
0.01068000  1454.755139524706
0.01070000  1454.5470773411764
0.01072000  1454.339015157647
0.01074000  1454.1309529741177
0.01076000  1453.9228907905883
0.01078000  1453.7148286070587
0.01080000  1453.5067664235294
0.01082000  1453.29870424
0.01084000  1453.0906420564706
0.01086000  1452.8825798729413
0.01088000  1452.6745176894117
0.01090000  1452.4664555058823
0.01092000  1452.258393322353
0.01094000  1452.0503311388236
0.01096000  1451.8422689552942
0.01098000  1451.6342067717646
0.01100000  1451.4261445882353
0.01102000  1451.218082404706
0.01104000  1451.0100202211765
0.01106000  1450.8019580376472
0.01108000  1450.5938958541176
0.01110000  1450.3858336705882
0.01112000  1450.1777714870589
0.01114000  1449.9697093035295
0.01116000  1449.7616471200001
0.01118000  1449.5535849364705
0.01120000  1449.3455227529412
0.01122000  1449.1374605694118
0.01124000  1448.9293983858825
0.01126000  1448.721336202353
0.01128000  1448.5132740188235
0.01130000  1448.3052118352941
0.01132000  1448.0971496517648
0.01134000  1447.8890874682354
0.01136000  1447.6810252847058
0.01138000  1447.4729631011764
0.01140000  1447.264900917647
0.01142000  1447.0568387341177
0.01144000  1446.8487765505884
0.01146000  1446.6407143670588
0.01148000  1446.4326521835294
0.01150000  1446.22459
0.01152000  1446.0165278164707
0.01154000  1445.8084656329413
0.01156000  1445.6004034494117
0.01158000  1445.3923412658824
0.01160000  1445.184279082353
0.01162000  1444.9762168988236
0.01164000  1444.7681547152943
0.01166000  1444.5600925317647
0.01168000  1444.3520303482353
0.01170000  1444.143968164706
0.01172000  1443.9359059811766
0.01174000  1443.727843797647
0.01176000  1443.5197816141176
0.01178000  1443.3117194305883
0.01180000  1443.103657247059
0.01182000  1442.8955950635295
0.01184000  1442.68753288
0.01186000  1442.4794706964706
0.01188000  1442.2714085129412
0.01190000  1442.0633463294118
0.01192000  1441.8552841458825
0.01194000  1441.647221962353
0.01196000  1441.4391597788235
0.01198000  1441.2310975952942
0.01200000  1441.0230354117648
0.01202000  1440.8149732282354
0.01204000  1440.6069110447058
0.01206000  1440.3988488611765
0.01208000  1440.190786677647
0.01210000  1439.9827244941177
0.01212000  1439.7746623105882
0.01214000  1439.5666001270588
0.01216000  1439.3585379435294
0.01218000  1439.15047576
0.01220000  1438.9424135764707
0.01222000  1438.734351392941
0.01224000  1438.5262892094117
0.01226000  1438.3182270258824
0.01228000  1438.110164842353
0.01230000  1437.9021026588237
0.01232000  1437.694040475294
0.01234000  1437.4859782917647
0.01236000  1437.2779161082353
0.01238000  1437.069853924706
0.01240000  1436.8617917411766
0.01242000  1436.653729557647
0.01244000  1436.4456673741176
0.01246000  1436.2376051905883
0.01248000  1436.029543007059
0.01250000  1435.8214808235293
0.01252000  1435.61341864
0.01254000  1435.4053564564706
0.01256000  1435.1972942729412
0.01258000  1434.9892320894119
0.01260000  1434.7811699058823
0.01262000  1434.573107722353
0.01264000  1434.3650455388236
0.01266000  1434.1569833552942
0.01268000  1433.9489211717648
0.01270000  1433.7408589882352
0.01272000  1433.5327968047059
0.01274000  1433.3247346211765
0.01276000  1433.1166724376471
0.01278000  1432.9086102541178
0.01280000  1432.7005480705882
0.01282000  1432.4924858870588
0.01284000  1432.2844237035295
0.01286000  1432.07636152
0.01288000  1431.8682993364705
0.01290000  1431.6602371529411
0.01292000  1431.4521749694118
0.01294000  1431.2441127858824
0.01296000  1431.036050602353
0.01298000  1430.8279884188237
0.01300000  1430.619926235294
0.01302000  1430.4118640517647
0.01304000  1430.2038018682354
0.01306000  1429.995739684706
0.01308000  1429.7876775011764
0.01310000  1429.579615317647
0.01312000  1429.3715531341177
0.01314000  1429.1634909505883
0.01316000  1428.955428767059
0.01318000  1428.7473665835294
0.01320000  1428.5393044
0.01322000  1428.3312422164706
0.01324000  1428.1231800329413
0.01326000  1427.915117849412
0.01328000  1427.7070556658823
0.01330000  1427.498993482353
0.01332000  1427.2909312988236
0.01334000  1427.0828691152942
0.01336000  1426.8748069317649
0.01338000  1426.6667447482353
0.01340000  1426.458682564706
0.01342000  1426.2506203811765
0.01344000  1426.0425581976472
0.01346000  1425.8344960141176
0.01348000  1425.6264338305882
0.01350000  1425.4183716470588
0.01352000  1425.2103094635295
0.01354000  1425.0022472800001
0.01356000  1424.7941850964705
0.01358000  1424.5861229129412
0.01360000  1424.3780607294118
0.01362000  1424.1699985458824
0.01364000  1423.961936362353
0.01366000  1423.7538741788235
0.01368000  1423.5458119952941
0.01370000  1423.3377498117648
0.01372000  1423.1296876282354
0.01374000  1422.921625444706
0.01376000  1422.7135632611764
0.01378000  1422.505501077647
0.01380000  1422.2974388941177
0.01382000  1422.0893767105883
0.01384000  1421.8813145270587
0.01386000  1421.6732523435294
0.01388000  1421.46519016
0.01390000  1421.2571279764707
0.01392000  1421.0490657929413
0.01394000  1420.8410036094117
0.01396000  1420.6329414258823
0.01398000  1420.424879242353
0.01400000  1420.2168170588236
0.01402000  1420.0087548752942
0.01404000  1419.8006926917647
0.01406000  1419.5926305082353
0.01408000  1419.384568324706
0.01410000  1419.1765061411766
0.01412000  1418.9684439576472
0.01414000  1418.7603817741176
0.01416000  1418.5523195905882
0.01418000  1418.3442574070589
0.01420000  1418.1361952235295
0.01422000  1417.92813304
0.01424000  1417.7200708564706
0.01426000  1417.5120086729412
0.01428000  1417.3039464894118
0.01430000  1417.0958843058825
0.01432000  1416.8878221223529
0.01434000  1416.6797599388235
0.01436000  1416.4716977552941
0.01438000  1416.2636355717648
0.01440000  1416.0555733882354
0.01442000  1415.8475112047058
0.01444000  1415.6394490211765
0.01446000  1415.431386837647
0.01448000  1415.2233246541177
0.01450000  1415.0152624705884
0.01452000  1414.8072002870588
0.01454000  1414.5991381035294
0.01456000  1414.39107592
0.01458000  1414.1830137364707
0.01460000  1413.974951552941
0.01462000  1413.7668893694117
0.01464000  1413.5588271858824
0.01466000  1413.350765002353
0.01468000  1413.1427028188236
0.01470000  1412.934640635294
0.01472000  1412.7265784517647
0.01474000  1412.5185162682353
0.01476000  1412.310454084706
0.01478000  1412.1023919011766
0.01480000  1411.894329717647
0.01482000  1411.6862675341176
0.01484000  1411.4782053505883
0.01486000  1411.270143167059
0.01488000  1411.0620809835295
0.01490000  1410.8540188
0.01492000  1410.6459566164706
0.01494000  1410.4378944329412
0.01496000  1410.2298322494119
0.01498000  1410.0217700658823
0.01500000  1409.813707882353
0.01502000  1409.6056456988235
0.01504000  1409.3975835152942
0.01506000  1409.1895213317648
0.01508000  1408.9814591482354
0.01510000  1408.7733969647059
0.01512000  1408.5653347811765
0.01514000  1408.3572725976471
0.01516000  1408.1492104141178
0.01518000  1407.9411482305882
0.01520000  1407.7330860470588
0.01522000  1407.5250238635294
0.01524000  1407.31696168
0.01526000  1407.1088994964707
0.01528000  1406.9008373129411
0.01530000  1406.6927751294118
0.01532000  1406.4847129458824
0.01534000  1406.276650762353
0.01536000  1406.0685885788234
0.01538000  1405.860526395294
0.01540000  1405.6524642117647
0.01542000  1405.4444020282353
0.01544000  1405.236339844706
0.01546000  1405.0282776611766
0.01548000  1404.820215477647
0.01550000  1404.6121532941177
0.01552000  1404.4040911105883
0.01554000  1404.196028927059
0.01556000  1403.9879667435293
0.01558000  1403.77990456
0.01560000  1403.5718423764706
0.01562000  1403.3637801929412
0.01564000  1403.1557180094119
0.01566000  1402.9476558258823
0.01568000  1402.739593642353
0.01570000  1402.5315314588236
0.01572000  1402.3234692752942
0.01574000  1402.1154070917648
0.01576000  1401.9073449082352
0.01578000  1401.6992827247059
0.01580000  1401.4912205411765
0.01582000  1401.2831583576472
0.01584000  1401.0750961741178
0.01586000  1400.8670339905882
0.01588000  1400.6589718070588
0.01590000  1400.4509096235295
0.01592000  1400.24284744
0.01594000  1400.0347852564705
0.01596000  1399.8267230729411
0.01598000  1399.6186608894118
0.01600000  1399.4105987058824
0.01602000  1399.202536522353
0.01604000  1398.9944743388235
0.01606000  1398.786412155294
0.01608000  1398.5783499717647
0.01610000  1398.3702877882354
0.01612000  1398.162225604706
0.01614000  1397.9541634211764
0.01616000  1397.746101237647
0.01618000  1397.5380390541177
0.01620000  1397.3299768705883
0.01622000  1397.121914687059
0.01624000  1396.9138525035294
0.01626000  1396.70579032
0.01628000  1396.4977281364706
0.01630000  1396.2896659529413
0.01632000  1396.0816037694117
0.01634000  1395.8735415858823
0.01636000  1395.665479402353
0.01638000  1395.4574172188236
0.01640000  1395.2493550352942
0.01642000  1395.0412928517649
0.01644000  1394.8332306682353
0.01646000  1394.625168484706
0.01648000  1394.4171063011765
0.01650000  1394.2090441176472
0.01652000  1394.0009819341176
0.01654000  1393.7929197505882
0.01656000  1393.5848575670589
0.01658000  1393.3767953835295
0.01660000  1393.1687332000001
0.01662000  1392.9606710164705
0.01664000  1392.7526088329412
0.01666000  1392.5445466494118
0.01668000  1392.3364844658824
0.01670000  1392.1284222823529
0.01672000  1391.9203600988235
0.01674000  1391.7122979152941
0.01676000  1391.5042357317648
0.01678000  1391.2961735482354
0.01680000  1391.088111364706
0.01682000  1390.8800491811764
0.01684000  1390.671986997647
0.01686000  1390.4639248141177
0.01688000  1390.2558626305884
0.01690000  1390.0478004470588
0.01692000  1389.8397382635294
0.01694000  1389.63167608
0.01696000  1389.4236138964707
0.01698000  1389.2155517129413
0.01700000  1389.0074895294117
0.01702000  1388.7994273458823
0.01704000  1388.591365162353
0.01706000  1388.3833029788236
0.01708000  1388.175240795294
0.01710000  1387.9671786117647
0.01712000  1387.7591164282353
0.01714000  1387.551054244706
0.01716000  1387.3429920611766
0.01718000  1387.1349298776472
0.01720000  1386.9268676941176
0.01722000  1386.7188055105883
0.01724000  1386.510743327059
0.01726000  1386.3026811435295
0.01728000  1386.09461896
0.01730000  1385.8865567764706
0.01732000  1385.6784945929412
0.01734000  1385.4704324094118
0.01736000  1385.2623702258825
0.01738000  1385.054308042353
0.01740000  1384.8462458588235
0.01742000  1384.6381836752942
0.01744000  1384.4301214917648
0.01746000  1384.2220593082352
0.01748000  1384.0139971247058
0.01750000  1383.8059349411765
0.01752000  1383.597872757647
0.01754000  1383.3898105741177
0.01756000  1383.1817483905884
0.01758000  1382.9736862070588
0.01760000  1382.7656240235294
0.01762000  1382.55756184
0.01764000  1382.3494996564707
0.01766000  1382.141437472941
0.01768000  1381.9333752894117
0.01770000  1381.7253131058824
0.01772000  1381.517250922353
0.01774000  1381.3091887388237
0.01776000  1381.101126555294
0.01778000  1380.8930643717647
0.01780000  1380.6850021882353
0.01782000  1380.476940004706
0.01784000  1380.2688778211766
0.01786000  1380.060815637647
0.01788000  1379.8527534541176
0.01790000  1379.6446912705883
0.01792000  1379.436629087059
0.01794000  1379.2285669035296
0.01796000  1379.02050472
0.01798000  1378.8124425364706
0.01800000  1378.6043803529412
0.01802000  1378.3963181694119
0.01804000  1378.1882559858823
0.01806000  1377.980193802353
0.01808000  1377.7721316188236
0.01810000  1377.5640694352942
0.01812000  1377.3560072517648
0.01814000  1377.1479450682352
0.01816000  1376.9398828847059
0.01818000  1376.7318207011765
0.01820000  1376.5237585176471
0.01822000  1376.3156963341178
0.01824000  1376.1076341505882
0.01826000  1375.8995719670588
0.01828000  1375.6915097835295
0.01830000  1375.4834476
0.01832000  1375.2753854164707
0.01834000  1375.0673232329411
0.01836000  1374.8592610494118
0.01838000  1374.6511988658824
0.01840000  1374.443136682353
0.01842000  1374.2350744988235
0.01844000  1374.027012315294
0.01846000  1373.8189501317647
0.01848000  1373.6108879482354
0.01850000  1373.402825764706
0.01852000  1373.1947635811766
0.01854000  1372.986701397647
0.01856000  1372.7786392141177
0.01858000  1372.5705770305883
0.01860000  1372.362514847059
0.01862000  1372.1544526635294
0.01864000  1371.94639048
0.01866000  1371.7383282964706
0.01868000  1371.5302661129413
0.01870000  1371.322203929412
0.01872000  1371.1141417458823
0.01874000  1370.906079562353
0.01876000  1370.6980173788236
0.01878000  1370.4899551952942
0.01880000  1370.2818930117646
0.01882000  1370.0738308282353
0.01884000  1369.865768644706
0.01886000  1369.6577064611765
0.01888000  1369.4496442776472
0.01890000  1369.2415820941178
0.01892000  1369.0335199105882
0.01894000  1368.8254577270588
0.01896000  1368.6173955435295
0.01898000  1368.4093333600001
0.01900000  1368.2012711764705
0.01902000  1367.9932089929412
0.01904000  1367.7851468094118
0.01906000  1367.5770846258824
0.01908000  1367.369022442353
0.01910000  1367.1609602588235
0.01912000  1366.9528980752941
0.01914000  1366.7448358917648
0.01916000  1366.5367737082354
0.01918000  1366.3287115247058
0.01920000  1366.1206493411764
0.01922000  1365.912587157647
0.01924000  1365.7045249741177
0.01926000  1365.4964627905883
0.01928000  1365.288400607059
0.01930000  1365.0803384235294
0.01932000  1364.87227624
0.01934000  1364.6642140564707
0.01936000  1364.4561518729413
0.01938000  1364.2480896894117
0.01940000  1364.0400275058823
0.01942000  1363.831965322353
0.01944000  1363.6239031388236
0.01946000  1363.4158409552942
0.01948000  1363.2077787717647
0.01950000  1362.9997165882353
0.01952000  1362.791654404706
0.01954000  1362.5835922211766
0.01956000  1362.375530037647
0.01958000  1362.1674678541176
0.01960000  1361.9594056705882
0.01962000  1361.7513434870589
0.01964000  1361.5432813035295
0.01966000  1361.3352191200001
0.01968000  1361.1271569364706
0.01970000  1360.9190947529412
0.01972000  1360.7110325694118
0.01974000  1360.5029703858825
0.01976000  1360.2949082023529
0.01978000  1360.0868460188235
0.01980000  1359.8787838352941
0.01982000  1359.6707216517648
0.01984000  1359.4626594682354
0.01986000  1359.2545972847058
0.01988000  1359.0465351011765
0.01990000  1358.838472917647
0.01992000  1358.6304107341177
0.01994000  1358.4223485505884
0.01996000  1358.2142863670588
0.01998000  1358.0062241835294
0.02000000  1357.798162
0.02002000  1356.293253
0.02004000  1354.907112
0.02006000  1353.627794
0.02008000  1352.441491
0.02010000  1351.270214
0.02012000  1349.869045
0.02014000  1347.988284
0.02016000  1345.457939
0.02018000  1342.078952
0.02020000  1337.631483
0.02022000  1331.58556
0.02024000  1322.349228
0.02026000  1307.975433
0.02028000  1286.020417
0.02030000  1253.07288
0.02032000  1204.492382
0.02034000  1134.774512
0.02036000  1039.308425
0.02038000  920.568259
0.02040000  793.638294
0.02042000  670.058001
0.02044000  548.935485
0.02046000  422.775433
0.02048000  290.064659
0.02050000  173.500766
0.02052000  100.726721
0.02054000  63.672942
0.02056000  47.533674
0.02058000  43.355896
0.02060000  50.049926
0.02062000  73.364949
0.02064000  127.339343
0.02066000  230.635733
0.02068000  385.878124
0.02070000  573.25507
0.02072000  765.996841
0.02074000  942.714718
0.02076000  1092.459974
0.02078000  1212.182609
0.02080000  1303.015264
0.02082000  1369.206176
0.02084000  1416.381532
0.02086000  1449.796805
0.02088000  1473.548792
0.02090000  1490.557384
0.02092000  1502.842802
0.02094000  1511.786009
0.02096000  1518.336254
0.02098000  1523.159814
0.02100000  1526.724037
0.02102000  1529.36163
0.02104000  1531.312761
0.02106000  1532.75302
0.02108000  1533.810044
0.02110000  1534.581229
0.02112000  1535.139684
0.02114000  1535.537423
0.02116000  1535.81498
0.02118000  1536.000954
0.02120000  1536.11753
0.02122000  1536.181484
0.02124000  1536.206885
0.02126000  1536.20163
0.02128000  1536.175353
0.02130000  1536.133302
0.02132000  1536.080725
0.02134000  1536.021996
0.02136000  1535.961494
0.02138000  1535.901849
0.02140000  1535.844818
0.02142000  1535.792158
0.02144000  1535.742996
0.02146000  1535.697333
0.02148000  1535.654294
0.02150000  1535.614759
0.02152000  1535.578732
0.02154000  1535.545334
0.02156000  1535.513688
0.02158000  1535.484675
0.02160000  1535.458295
0.02162000  1535.432792
0.02164000  1535.408164
0.02166000  1535.385292
0.02168000  1535.363298
0.02170000  1535.34218
0.02172000  1535.321061
0.02174000  1535.300819
0.02176000  1535.281455
0.02178000  1535.262969
0.02180000  1535.244481
0.02182000  1535.225992
0.02184000  1535.208381
0.02186000  1535.19165
0.02188000  1535.174036
0.02190000  1535.157301
0.02192000  1535.141445
0.02194000  1535.125589
0.02196000  1535.10973
0.02198000  1535.094752
0.02200000  1535.079772
0.02202000  1535.064792
0.02204000  1535.050691
0.02206000  1535.036589
0.02208000  1535.022486
0.02210000  1535.009264
0.02212000  1534.99604
0.02214000  1534.982816
0.02216000  1534.970473
0.02218000  1534.958128
0.02220000  1534.945783
0.02222000  1534.934319
0.02224000  1534.922854
0.02226000  1534.911389
0.02228000  1534.899922
0.02230000  1534.889337
0.02232000  1534.878752
0.02234000  1534.868166
0.02236000  1534.858461
0.02238000  1534.848756
0.02240000  1534.839051
0.02242000  1534.829345
0.02244000  1534.820521
0.02246000  1534.811697
0.02248000  1534.802872
0.02250000  1534.794929
0.02252000  1534.786986
0.02254000  1534.779042
0.02256000  1534.771099
0.02258000  1534.764037
0.02260000  1534.756093
0.02262000  1534.749031
0.02264000  1534.742851
0.02266000  1534.735789
0.02268000  1534.729609
0.02270000  1534.723429
0.02272000  1534.717248
0.02274000  1534.711068
0.02276000  1534.70577
0.02278000  1534.700472
0.02280000  1534.695174
0.02282000  1534.689876
0.02284000  1534.684578
0.02286000  1534.680162
0.02288000  1534.675747
0.02290000  1534.671331
0.02292000  1534.666915
0.02294000  1534.662499
0.02296000  1534.658967
0.02298000  1534.655434
0.02300000  1534.651018
0.02302000  1534.4429558164707
0.02304000  1534.2348936329413
0.02306000  1534.0268314494117
0.02308000  1533.8187692658823
0.02310000  1533.610707082353
0.02312000  1533.4026448988236
0.02314000  1533.1945827152942
0.02316000  1532.9865205317647
0.02318000  1532.7784583482353
0.02320000  1532.570396164706
0.02322000  1532.3623339811766
0.02324000  1532.154271797647
0.02326000  1531.9462096141176
0.02328000  1531.7381474305882
0.02330000  1531.5300852470589
0.02332000  1531.3220230635295
0.02334000  1531.11396088
0.02336000  1530.9058986964706
0.02338000  1530.6978365129412
0.02340000  1530.4897743294118
0.02342000  1530.2817121458825
0.02344000  1530.0736499623529
0.02346000  1529.8655877788235
0.02348000  1529.6575255952941
0.02350000  1529.4494634117648
0.02352000  1529.2414012282354
0.02354000  1529.0333390447058
0.02356000  1528.8252768611765
0.02358000  1528.617214677647
0.02360000  1528.4091524941177
0.02362000  1528.2010903105884
0.02364000  1527.9930281270588
0.02366000  1527.7849659435294
0.02368000  1527.57690376
0.02370000  1527.3688415764707
0.02372000  1527.160779392941
0.02374000  1526.9527172094117
0.02376000  1526.7446550258824
0.02378000  1526.536592842353
0.02380000  1526.3285306588236
0.02382000  1526.120468475294
0.02384000  1525.9124062917647
0.02386000  1525.7043441082353
0.02388000  1525.496281924706
0.02390000  1525.2882197411766
0.02392000  1525.080157557647
0.02394000  1524.8720953741176
0.02396000  1524.6640331905883
0.02398000  1524.455971007059
0.02400000  1524.2479088235295
0.02402000  1524.03984664
0.02404000  1523.8317844564706
0.02406000  1523.6237222729412
0.02408000  1523.4156600894119
0.02410000  1523.2075979058823
0.02412000  1522.999535722353
0.02414000  1522.7914735388235
0.02416000  1522.5834113552942
0.02418000  1522.3753491717648
0.02420000  1522.1672869882352
0.02422000  1521.9592248047059
0.02424000  1521.7511626211765
0.02426000  1521.5431004376471
0.02428000  1521.3350382541178
0.02430000  1521.1269760705882
0.02432000  1520.9189138870588
0.02434000  1520.7108517035294
0.02436000  1520.50278952
0.02438000  1520.2947273364707
0.02440000  1520.0866651529411
0.02442000  1519.8786029694118
0.02444000  1519.6705407858824
0.02446000  1519.462478602353
0.02448000  1519.2544164188234
0.02450000  1519.046354235294
0.02452000  1518.8382920517647
0.02454000  1518.6302298682353
0.02456000  1518.422167684706
0.02458000  1518.2141055011764
0.02460000  1518.006043317647
0.02462000  1517.7979811341177
0.02464000  1517.5899189505883
0.02466000  1517.381856767059
0.02468000  1517.1737945835293
0.02470000  1516.9657324
0.02472000  1516.7576702164706
0.02474000  1516.5496080329413
0.02476000  1516.341545849412
0.02478000  1516.1334836658823
0.02480000  1515.925421482353
0.02482000  1515.7173592988236
0.02484000  1515.5092971152942
0.02486000  1515.3012349317648
0.02488000  1515.0931727482352
0.02490000  1514.8851105647059
0.02492000  1514.6770483811765
0.02494000  1514.4689861976472
0.02496000  1514.2609240141176
0.02498000  1514.0528618305882
0.02500000  1513.8447996470588
0.02502000  1513.6367374635295
0.02504000  1513.42867528
0.02506000  1513.2206130964705
0.02508000  1513.0125509129412
0.02510000  1512.8044887294118
0.02512000  1512.5964265458824
0.02514000  1512.388364362353
0.02516000  1512.1803021788235
0.02518000  1511.972239995294
0.02520000  1511.7641778117647
0.02522000  1511.5561156282354
0.02524000  1511.348053444706
0.02526000  1511.1399912611764
0.02528000  1510.931929077647
0.02530000  1510.7238668941177
0.02532000  1510.5158047105883
0.02534000  1510.3077425270587
0.02536000  1510.0996803435294
0.02538000  1509.89161816
0.02540000  1509.6835559764706
0.02542000  1509.4754937929413
0.02544000  1509.2674316094117
0.02546000  1509.0593694258823
0.02548000  1508.851307242353
0.02550000  1508.6432450588236
0.02552000  1508.4351828752942
0.02554000  1508.2271206917646
0.02556000  1508.0190585082353
0.02558000  1507.810996324706
0.02560000  1507.6029341411765
0.02562000  1507.3948719576472
0.02564000  1507.1868097741176
0.02566000  1506.9787475905882
0.02568000  1506.7706854070589
0.02570000  1506.5626232235295
0.02572000  1506.3545610400001
0.02574000  1506.1464988564705
0.02576000  1505.9384366729412
0.02578000  1505.7303744894118
0.02580000  1505.5223123058825
0.02582000  1505.3142501223529
0.02584000  1505.1061879388235
0.02586000  1504.8981257552941
0.02588000  1504.6900635717648
0.02590000  1504.4820013882354
0.02592000  1504.2739392047058
0.02594000  1504.0658770211764
0.02596000  1503.857814837647
0.02598000  1503.6497526541177
0.02600000  1503.4416904705884
0.02602000  1503.2336282870588
0.02604000  1503.0255661035294
0.02606000  1502.81750392
0.02608000  1502.6094417364707
0.02610000  1502.4013795529413
0.02612000  1502.1933173694117
0.02614000  1501.9852551858824
0.02616000  1501.777193002353
0.02618000  1501.5691308188236
0.02620000  1501.361068635294
0.02622000  1501.1530064517647
0.02624000  1500.9449442682353
0.02626000  1500.736882084706
0.02628000  1500.5288199011766
0.02630000  1500.320757717647
0.02632000  1500.1126955341176
0.02634000  1499.9046333505883
0.02636000  1499.696571167059
0.02638000  1499.4885089835295
0.02640000  1499.2804468
0.02642000  1499.0723846164706
0.02644000  1498.8643224329412
0.02646000  1498.6562602494118
0.02648000  1498.4481980658825
0.02650000  1498.240135882353
0.02652000  1498.0320736988235
0.02654000  1497.8240115152942
0.02656000  1497.6159493317648
0.02658000  1497.4078871482352
0.02660000  1497.1998249647058
0.02662000  1496.9917627811765
0.02664000  1496.783700597647
0.02666000  1496.5756384141177
0.02668000  1496.3675762305882
0.02670000  1496.1595140470588
0.02672000  1495.9514518635294
0.02674000  1495.74338968
0.02676000  1495.5353274964707
0.02678000  1495.327265312941
0.02680000  1495.1192031294117
0.02682000  1494.9111409458824
0.02684000  1494.703078762353
0.02686000  1494.4950165788237
0.02688000  1494.286954395294
0.02690000  1494.0788922117647
0.02692000  1493.8708300282353
0.02694000  1493.662767844706
0.02696000  1493.4547056611766
0.02698000  1493.246643477647
0.02700000  1493.0385812941176
0.02702000  1492.8305191105883
0.02704000  1492.622456927059
0.02706000  1492.4143947435293
0.02708000  1492.20633256
0.02710000  1491.9982703764706
0.02712000  1491.7902081929412
0.02714000  1491.5821460094119
0.02716000  1491.3740838258823
0.02718000  1491.166021642353
0.02720000  1490.9579594588236
0.02722000  1490.7498972752942
0.02724000  1490.5418350917648
0.02726000  1490.3337729082352
0.02728000  1490.1257107247059
0.02730000  1489.9176485411765
0.02732000  1489.7095863576471
0.02734000  1489.5015241741178
0.02736000  1489.2934619905882
0.02738000  1489.0853998070588
0.02740000  1488.8773376235295
0.02742000  1488.66927544
0.02744000  1488.4612132564707
0.02746000  1488.2531510729411
0.02748000  1488.0450888894118
0.02750000  1487.8370267058824
0.02752000  1487.628964522353
0.02754000  1487.4209023388235
0.02756000  1487.212840155294
0.02758000  1487.0047779717647
0.02760000  1486.7967157882354
0.02762000  1486.588653604706
0.02764000  1486.3805914211764
0.02766000  1486.172529237647
0.02768000  1485.9644670541177
0.02770000  1485.7564048705883
0.02772000  1485.548342687059
0.02774000  1485.3402805035294
0.02776000  1485.13221832
0.02778000  1484.9241561364706
0.02780000  1484.7160939529413
0.02782000  1484.508031769412
0.02784000  1484.2999695858823
0.02786000  1484.091907402353
0.02788000  1483.8838452188236
0.02790000  1483.6757830352942
0.02792000  1483.4677208517646
0.02794000  1483.2596586682353
0.02796000  1483.051596484706
0.02798000  1482.8435343011765
0.02800000  1482.6354721176472
0.02802000  1482.4274099341176
0.02804000  1482.2193477505882
0.02806000  1482.0112855670588
0.02808000  1481.8032233835295
0.02810000  1481.5951612000001
0.02812000  1481.3870990164705
0.02814000  1481.1790368329412
0.02816000  1480.9709746494118
0.02818000  1480.7629124658824
0.02820000  1480.554850282353
0.02822000  1480.3467880988235
0.02824000  1480.1387259152941
0.02826000  1479.9306637317648
0.02828000  1479.7226015482354
0.02830000  1479.5145393647058
0.02832000  1479.3064771811764
0.02834000  1479.098414997647
0.02836000  1478.8903528141177
0.02838000  1478.6822906305883
0.02840000  1478.4742284470587
0.02842000  1478.2661662635294
0.02844000  1478.05810408
0.02846000  1477.8500418964707
0.02848000  1477.6419797129413
0.02850000  1477.4339175294117
0.02852000  1477.2258553458823
0.02854000  1477.017793162353
0.02856000  1476.8097309788236
0.02858000  1476.6016687952942
0.02860000  1476.3936066117647
0.02862000  1476.1855444282353
0.02864000  1475.977482244706
0.02866000  1475.7694200611766
0.02868000  1475.561357877647
0.02870000  1475.3532956941176
0.02872000  1475.1452335105882
0.02874000  1474.9371713270589
0.02876000  1474.7291091435295
0.02878000  1474.52104696
0.02880000  1474.3129847764706
0.02882000  1474.1049225929412
0.02884000  1473.8968604094118
0.02886000  1473.6887982258825
0.02888000  1473.4807360423529
0.02890000  1473.2726738588235
0.02892000  1473.0646116752941
0.02894000  1472.8565494917648
0.02896000  1472.6484873082354
0.02898000  1472.4404251247058
0.02900000  1472.2323629411765
0.02902000  1472.024300757647
0.02904000  1471.8162385741177
0.02906000  1471.6081763905884
0.02908000  1471.4001142070588
0.02910000  1471.1920520235294
0.02912000  1470.98398984
0.02914000  1470.7759276564707
0.02916000  1470.5678654729413
0.02918000  1470.3598032894117
0.02920000  1470.1517411058824
0.02922000  1469.943678922353
0.02924000  1469.7356167388236
0.02926000  1469.527554555294
0.02928000  1469.3194923717647
0.02930000  1469.1114301882353
0.02932000  1468.903368004706
0.02934000  1468.6953058211766
0.02936000  1468.487243637647
0.02938000  1468.2791814541176
0.02940000  1468.0711192705883
0.02942000  1467.863057087059
0.02944000  1467.6549949035295
0.02946000  1467.44693272
0.02948000  1467.2388705364706
0.02950000  1467.0308083529412
0.02952000  1466.8227461694119
0.02954000  1466.6146839858825
0.02956000  1466.406621802353
0.02958000  1466.1985596188235
0.02960000  1465.9904974352942
0.02962000  1465.7824352517648
0.02964000  1465.5743730682352
0.02966000  1465.3663108847059
0.02968000  1465.1582487011765
0.02970000  1464.9501865176471
0.02972000  1464.7421243341178
0.02974000  1464.5340621505882
0.02976000  1464.3259999670588
0.02978000  1464.1179377835294
0.02980000  1463.9098756
0.02982000  1463.7018134164707
0.02984000  1463.4937512329411
0.02986000  1463.2856890494118
0.02988000  1463.0776268658824
0.02990000  1462.869564682353
0.02992000  1462.6615024988237
0.02994000  1462.453440315294
0.02996000  1462.2453781317647
0.02998000  1462.0373159482353
0.03000000  1461.829253764706
0.03002000  1461.6211915811764
0.03004000  1461.413129397647
0.03006000  1461.2050672141177
0.03008000  1460.9970050305883
0.03010000  1460.788942847059
0.03012000  1460.5808806635293
0.03014000  1460.37281848
0.03016000  1460.1647562964706
0.03018000  1459.9566941129412
0.03020000  1459.7486319294119
0.03022000  1459.5405697458823
0.03024000  1459.332507562353
0.03026000  1459.1244453788236
0.03028000  1458.9163831952942
0.03030000  1458.7083210117648
0.03032000  1458.5002588282352
0.03034000  1458.2921966447059
0.03036000  1458.0841344611765
0.03038000  1457.8760722776472
0.03040000  1457.6680100941176
0.03042000  1457.4599479105882
0.03044000  1457.2518857270588
0.03046000  1457.0438235435295
0.03048000  1456.83576136
0.03050000  1456.6276991764705
0.03052000  1456.4196369929412
0.03054000  1456.2115748094118
0.03056000  1456.0035126258824
0.03058000  1455.795450442353
0.03060000  1455.5873882588235
0.03062000  1455.379326075294
0.03064000  1455.1712638917647
0.03066000  1454.9632017082354
0.03068000  1454.755139524706
0.03070000  1454.5470773411764
0.03072000  1454.339015157647
0.03074000  1454.1309529741177
0.03076000  1453.9228907905883
0.03078000  1453.7148286070587
0.03080000  1453.5067664235294
0.03082000  1453.29870424
0.03084000  1453.0906420564706
0.03086000  1452.8825798729413
0.03088000  1452.6745176894117
0.03090000  1452.4664555058823
0.03092000  1452.258393322353
0.03094000  1452.0503311388236
0.03096000  1451.8422689552942
0.03098000  1451.6342067717646
0.03100000  1451.4261445882353
0.03102000  1451.218082404706
0.03104000  1451.0100202211765
0.03106000  1450.8019580376472
0.03108000  1450.5938958541176
0.03110000  1450.3858336705882
0.03112000  1450.1777714870589
0.03114000  1449.9697093035295
0.03116000  1449.7616471200001
0.03118000  1449.5535849364705
0.03120000  1449.3455227529412
0.03122000  1449.1374605694118
0.03124000  1448.9293983858825
0.03126000  1448.721336202353
0.03128000  1448.5132740188235
0.03130000  1448.3052118352941
0.03132000  1448.0971496517648
0.03134000  1447.8890874682354
0.03136000  1447.6810252847058
0.03138000  1447.4729631011764
0.03140000  1447.264900917647
0.03142000  1447.0568387341177
0.03144000  1446.8487765505884
0.03146000  1446.6407143670588
0.03148000  1446.4326521835294
0.03150000  1446.22459
0.03152000  1446.0165278164707
0.03154000  1445.8084656329413
0.03156000  1445.6004034494117
0.03158000  1445.3923412658824
0.03160000  1445.184279082353
0.03162000  1444.9762168988236
0.03164000  1444.7681547152943
0.03166000  1444.5600925317647
0.03168000  1444.3520303482353
0.03170000  1444.143968164706
0.03172000  1443.9359059811766
0.03174000  1443.727843797647
0.03176000  1443.5197816141176
0.03178000  1443.3117194305883
0.03180000  1443.103657247059
0.03182000  1442.8955950635295
0.03184000  1442.68753288
0.03186000  1442.4794706964706
0.03188000  1442.2714085129412
0.03190000  1442.0633463294118
0.03192000  1441.8552841458825
0.03194000  1441.647221962353
0.03196000  1441.4391597788235
0.03198000  1441.2310975952942
0.03200000  1441.0230354117648
0.03202000  1440.8149732282354
0.03204000  1440.6069110447058
0.03206000  1440.3988488611765
0.03208000  1440.190786677647
0.03210000  1439.9827244941177
0.03212000  1439.7746623105882
0.03214000  1439.5666001270588
0.03216000  1439.3585379435294
0.03218000  1439.15047576
0.03220000  1438.9424135764707
0.03222000  1438.734351392941
0.03224000  1438.5262892094117
0.03226000  1438.3182270258824
0.03228000  1438.110164842353
0.03230000  1437.9021026588237
0.03232000  1437.694040475294
0.03234000  1437.4859782917647
0.03236000  1437.2779161082353
0.03238000  1437.069853924706
0.03240000  1436.8617917411766
0.03242000  1436.653729557647
0.03244000  1436.4456673741176
0.03246000  1436.2376051905883
0.03248000  1436.029543007059
0.03250000  1435.8214808235293
0.03252000  1435.61341864
0.03254000  1435.4053564564706
0.03256000  1435.1972942729412
0.03258000  1434.9892320894119
0.03260000  1434.7811699058823
0.03262000  1434.573107722353
0.03264000  1434.3650455388236
0.03266000  1434.1569833552942
0.03268000  1433.9489211717648
0.03270000  1433.7408589882352
0.03272000  1433.5327968047059
0.03274000  1433.3247346211765
0.03276000  1433.1166724376471
0.03278000  1432.9086102541178
0.03280000  1432.7005480705882
0.03282000  1432.4924858870588
0.03284000  1432.2844237035295
0.03286000  1432.07636152
0.03288000  1431.8682993364705
0.03290000  1431.6602371529411
0.03292000  1431.4521749694118
0.03294000  1431.2441127858824
0.03296000  1431.036050602353
0.03298000  1430.8279884188237
0.03300000  1430.619926235294
0.03302000  1430.4118640517647
0.03304000  1430.2038018682354
0.03306000  1429.995739684706
0.03308000  1429.7876775011764
0.03310000  1429.579615317647
0.03312000  1429.3715531341177
0.03314000  1429.1634909505883
0.03316000  1428.955428767059
0.03318000  1428.7473665835294
0.03320000  1428.5393044
0.03322000  1428.3312422164706
0.03324000  1428.1231800329413
0.03326000  1427.915117849412
0.03328000  1427.7070556658823
0.03330000  1427.498993482353
0.03332000  1427.2909312988236
0.03334000  1427.0828691152942
0.03336000  1426.8748069317649
0.03338000  1426.6667447482353
0.03340000  1426.458682564706
0.03342000  1426.2506203811765
0.03344000  1426.0425581976472
0.03346000  1425.8344960141176
0.03348000  1425.6264338305882
0.03350000  1425.4183716470588
0.03352000  1425.2103094635295
0.03354000  1425.0022472800001
0.03356000  1424.7941850964705
0.03358000  1424.5861229129412
0.03360000  1424.3780607294118
0.03362000  1424.1699985458824
0.03364000  1423.961936362353
0.03366000  1423.7538741788235
0.03368000  1423.5458119952941
0.03370000  1423.3377498117648
0.03372000  1423.1296876282354
0.03374000  1422.921625444706
0.03376000  1422.7135632611764
0.03378000  1422.505501077647
0.03380000  1422.2974388941177
0.03382000  1422.0893767105883
0.03384000  1421.8813145270587
0.03386000  1421.6732523435294
0.03388000  1421.46519016
0.03390000  1421.2571279764707
0.03392000  1421.0490657929413
0.03394000  1420.8410036094117
0.03396000  1420.6329414258823
0.03398000  1420.424879242353
0.03400000  1420.2168170588236
0.03402000  1420.0087548752942
0.03404000  1419.8006926917647
0.03406000  1419.5926305082353
0.03408000  1419.384568324706
0.03410000  1419.1765061411766
0.03412000  1418.9684439576472
0.03414000  1418.7603817741176
0.03416000  1418.5523195905882
0.03418000  1418.3442574070589
0.03420000  1418.1361952235295
0.03422000  1417.92813304
0.03424000  1417.7200708564706
0.03426000  1417.5120086729412
0.03428000  1417.3039464894118
0.03430000  1417.0958843058825
0.03432000  1416.8878221223529
0.03434000  1416.6797599388235
0.03436000  1416.4716977552941
0.03438000  1416.2636355717648
0.03440000  1416.0555733882354
0.03442000  1415.8475112047058
0.03444000  1415.6394490211765
0.03446000  1415.431386837647
0.03448000  1415.2233246541177
0.03450000  1415.0152624705884
0.03452000  1414.8072002870588
0.03454000  1414.5991381035294
0.03456000  1414.39107592
0.03458000  1414.1830137364707
0.03460000  1413.974951552941
0.03462000  1413.7668893694117
0.03464000  1413.5588271858824
0.03466000  1413.350765002353
0.03468000  1413.1427028188236
0.03470000  1412.934640635294
0.03472000  1412.7265784517647
0.03474000  1412.5185162682353
0.03476000  1412.310454084706
0.03478000  1412.1023919011766
0.03480000  1411.894329717647
0.03482000  1411.6862675341176
0.03484000  1411.4782053505883
0.03486000  1411.270143167059
0.03488000  1411.0620809835295
0.03490000  1410.8540188
0.03492000  1410.6459566164706
0.03494000  1410.4378944329412
0.03496000  1410.2298322494119
0.03498000  1410.0217700658823
0.03500000  1409.813707882353
0.03502000  1409.6056456988235
0.03504000  1409.3975835152942
0.03506000  1409.1895213317648
0.03508000  1408.9814591482354
0.03510000  1408.7733969647059
0.03512000  1408.5653347811765
0.03514000  1408.3572725976471
0.03516000  1408.1492104141178
0.03518000  1407.9411482305882
0.03520000  1407.7330860470588
0.03522000  1407.5250238635294
0.03524000  1407.31696168
0.03526000  1407.1088994964707
0.03528000  1406.9008373129411
0.03530000  1406.6927751294118
0.03532000  1406.4847129458824
0.03534000  1406.276650762353
0.03536000  1406.0685885788234
0.03538000  1405.860526395294
0.03540000  1405.6524642117647
0.03542000  1405.4444020282353
0.03544000  1405.236339844706
0.03546000  1405.0282776611766
0.03548000  1404.820215477647
0.03550000  1404.6121532941177
0.03552000  1404.4040911105883
0.03554000  1404.196028927059
0.03556000  1403.9879667435293
0.03558000  1403.77990456
0.03560000  1403.5718423764706
0.03562000  1403.3637801929412
0.03564000  1403.1557180094119
0.03566000  1402.9476558258823
0.03568000  1402.739593642353
0.03570000  1402.5315314588236
0.03572000  1402.3234692752942
0.03574000  1402.1154070917648
0.03576000  1401.9073449082352
0.03578000  1401.6992827247059
0.03580000  1401.4912205411765
0.03582000  1401.2831583576472
0.03584000  1401.0750961741178
0.03586000  1400.8670339905882
0.03588000  1400.6589718070588
0.03590000  1400.4509096235295
0.03592000  1400.24284744
0.03594000  1400.0347852564705
0.03596000  1399.8267230729411
0.03598000  1399.6186608894118
0.03600000  1399.4105987058824
0.03602000  1399.202536522353
0.03604000  1398.9944743388235
0.03606000  1398.786412155294
0.03608000  1398.5783499717647
0.03610000  1398.3702877882354
0.03612000  1398.162225604706
0.03614000  1397.9541634211764
0.03616000  1397.746101237647
0.03618000  1397.5380390541177
0.03620000  1397.3299768705883
0.03622000  1397.121914687059
0.03624000  1396.9138525035294
0.03626000  1396.70579032
0.03628000  1396.4977281364706
0.03630000  1396.2896659529413
0.03632000  1396.0816037694117
0.03634000  1395.8735415858823
0.03636000  1395.665479402353
0.03638000  1395.4574172188236
0.03640000  1395.2493550352942
0.03642000  1395.0412928517649
0.03644000  1394.8332306682353
0.03646000  1394.625168484706
0.03648000  1394.4171063011765
0.03650000  1394.2090441176472
0.03652000  1394.0009819341176
0.03654000  1393.7929197505882
0.03656000  1393.5848575670589
0.03658000  1393.3767953835295
0.03660000  1393.1687332000001
0.03662000  1392.9606710164705
0.03664000  1392.7526088329412
0.03666000  1392.5445466494118
0.03668000  1392.3364844658824
0.03670000  1392.1284222823529
0.03672000  1391.9203600988235
0.03674000  1391.7122979152941
0.03676000  1391.5042357317648
0.03678000  1391.2961735482354
0.03680000  1391.088111364706
0.03682000  1390.8800491811764
0.03684000  1390.671986997647
0.03686000  1390.4639248141177
0.03688000  1390.2558626305884
0.03690000  1390.0478004470588
0.03692000  1389.8397382635294
0.03694000  1389.63167608
0.03696000  1389.4236138964707
0.03698000  1389.2155517129413
0.03700000  1389.0074895294117
0.03702000  1388.7994273458823
0.03704000  1388.591365162353
0.03706000  1388.3833029788236
0.03708000  1388.175240795294
0.03710000  1387.9671786117647
0.03712000  1387.7591164282353
0.03714000  1387.551054244706
0.03716000  1387.3429920611766
0.03718000  1387.1349298776472
0.03720000  1386.9268676941176
0.03722000  1386.7188055105883
0.03724000  1386.510743327059
0.03726000  1386.3026811435295
0.03728000  1386.09461896
0.03730000  1385.8865567764706
0.03732000  1385.6784945929412
0.03734000  1385.4704324094118
0.03736000  1385.2623702258825
0.03738000  1385.054308042353
0.03740000  1384.8462458588235
0.03742000  1384.6381836752942
0.03744000  1384.4301214917648
0.03746000  1384.2220593082352
0.03748000  1384.0139971247058
0.03750000  1383.8059349411765
0.03752000  1383.597872757647
0.03754000  1383.3898105741177
0.03756000  1383.1817483905884
0.03758000  1382.9736862070588
0.03760000  1382.7656240235294
0.03762000  1382.55756184
0.03764000  1382.3494996564707
0.03766000  1382.141437472941
0.03768000  1381.9333752894117
0.03770000  1381.7253131058824
0.03772000  1381.517250922353
0.03774000  1381.3091887388237
0.03776000  1381.101126555294
0.03778000  1380.8930643717647
0.03780000  1380.6850021882353
0.03782000  1380.476940004706
0.03784000  1380.2688778211766
0.03786000  1380.060815637647
0.03788000  1379.8527534541176
0.03790000  1379.6446912705883
0.03792000  1379.436629087059
0.03794000  1379.2285669035296
0.03796000  1379.02050472
0.03798000  1378.8124425364706
0.03800000  1378.6043803529412
0.03802000  1378.3963181694119
0.03804000  1378.1882559858823
0.03806000  1377.980193802353
0.03808000  1377.7721316188236
0.03810000  1377.5640694352942
0.03812000  1377.3560072517648
0.03814000  1377.1479450682352
0.03816000  1376.9398828847059
0.03818000  1376.7318207011765
0.03820000  1376.5237585176471
0.03822000  1376.3156963341178
0.03824000  1376.1076341505882
0.03826000  1375.8995719670588
0.03828000  1375.6915097835295
0.03830000  1375.4834476
0.03832000  1375.2753854164707
0.03834000  1375.0673232329411
0.03836000  1374.8592610494118
0.03838000  1374.6511988658824
0.03840000  1374.443136682353
0.03842000  1374.2350744988235
0.03844000  1374.027012315294
0.03846000  1373.8189501317647
0.03848000  1373.6108879482354
0.03850000  1373.402825764706
0.03852000  1373.1947635811766
0.03854000  1372.986701397647
0.03856000  1372.7786392141177
0.03858000  1372.5705770305883
0.03860000  1372.362514847059
0.03862000  1372.1544526635294
0.03864000  1371.94639048
0.03866000  1371.7383282964706
0.03868000  1371.5302661129413
0.03870000  1371.322203929412
0.03872000  1371.1141417458823
0.03874000  1370.906079562353
0.03876000  1370.6980173788236
0.03878000  1370.4899551952942
0.03880000  1370.2818930117646
0.03882000  1370.0738308282353
0.03884000  1369.865768644706
0.03886000  1369.6577064611765
0.03888000  1369.4496442776472
0.03890000  1369.2415820941178
0.03892000  1369.0335199105882
0.03894000  1368.8254577270588
0.03896000  1368.6173955435295
0.03898000  1368.4093333600001
0.03900000  1368.2012711764705
0.03902000  1367.9932089929412
0.03904000  1367.7851468094118
0.03906000  1367.5770846258824
0.03908000  1367.369022442353
0.03910000  1367.1609602588235
0.03912000  1366.9528980752941
0.03914000  1366.7448358917648
0.03916000  1366.5367737082354
0.03918000  1366.3287115247058
0.03920000  1366.1206493411764
0.03922000  1365.912587157647
0.03924000  1365.7045249741177
0.03926000  1365.4964627905883
0.03928000  1365.288400607059
0.03930000  1365.0803384235294
0.03932000  1364.87227624
0.03934000  1364.6642140564707
0.03936000  1364.4561518729413
0.03938000  1364.2480896894117
0.03940000  1364.0400275058823
0.03942000  1363.831965322353
0.03944000  1363.6239031388236
0.03946000  1363.4158409552942
0.03948000  1363.2077787717647
0.03950000  1362.9997165882353
0.03952000  1362.791654404706
0.03954000  1362.5835922211766
0.03956000  1362.375530037647
0.03958000  1362.1674678541176
0.03960000  1361.9594056705882
0.03962000  1361.7513434870589
0.03964000  1361.5432813035295
0.03966000  1361.3352191200001
0.03968000  1361.1271569364706
0.03970000  1360.9190947529412
0.03972000  1360.7110325694118
0.03974000  1360.5029703858825
0.03976000  1360.2949082023529
0.03978000  1360.0868460188235
0.03980000  1359.8787838352941
0.03982000  1359.6707216517648
0.03984000  1359.4626594682354
0.03986000  1359.2545972847058
0.03988000  1359.0465351011765
0.03990000  1358.838472917647
0.03992000  1358.6304107341177
0.03994000  1358.4223485505884
0.03996000  1358.2142863670588
0.03998000  1358.0062241835294
0.04000000  1357.798162
0.04002000  1356.293253
0.04004000  1354.907112
0.04006000  1353.627794
0.04008000  1352.441491
0.04010000  1351.270214
0.04012000  1349.869045
0.04014000  1347.988284
0.04016000  1345.457939
0.04018000  1342.078952
0.04020000  1337.631483
0.04022000  1331.58556
0.04024000  1322.349228
0.04026000  1307.975433
0.04028000  1286.020417
0.04030000  1253.07288
0.04032000  1204.492382
0.04034000  1134.774512
0.04036000  1039.308425
0.04038000  920.568259
0.04040000  793.638294
0.04042000  670.058001
0.04044000  548.935485
0.04046000  422.775433
0.04048000  290.064659
0.04050000  173.500766
0.04052000  100.726721
0.04054000  63.672942
0.04056000  47.533674
0.04058000  43.355896
0.04060000  50.049926
0.04062000  73.364949
0.04064000  127.339343
0.04066000  230.635733
0.04068000  385.878124
0.04070000  573.25507
0.04072000  765.996841
0.04074000  942.714718
0.04076000  1092.459974
0.04078000  1212.182609
0.04080000  1303.015264
0.04082000  1369.206176
0.04084000  1416.381532
0.04086000  1449.796805
0.04088000  1473.548792
0.04090000  1490.557384
0.04092000  1502.842802
0.04094000  1511.786009
0.04096000  1518.336254
0.04098000  1523.159814
0.04100000  1526.724037
0.04102000  1529.36163
0.04104000  1531.312761
0.04106000  1532.75302
0.04108000  1533.810044
0.04110000  1534.581229
0.04112000  1535.139684
0.04114000  1535.537423
0.04116000  1535.81498
0.04118000  1536.000954
0.04120000  1536.11753
0.04122000  1536.181484
0.04124000  1536.206885
0.04126000  1536.20163
0.04128000  1536.175353
0.04130000  1536.133302
0.04132000  1536.080725
0.04134000  1536.021996
0.04136000  1535.961494
0.04138000  1535.901849
0.04140000  1535.844818
0.04142000  1535.792158
0.04144000  1535.742996
0.04146000  1535.697333
0.04148000  1535.654294
0.04150000  1535.614759
0.04152000  1535.578732
0.04154000  1535.545334
0.04156000  1535.513688
0.04158000  1535.484675
0.04160000  1535.458295
0.04162000  1535.432792
0.04164000  1535.408164
0.04166000  1535.385292
0.04168000  1535.363298
0.04170000  1535.34218
0.04172000  1535.321061
0.04174000  1535.300819
0.04176000  1535.281455
0.04178000  1535.262969
0.04180000  1535.244481
0.04182000  1535.225992
0.04184000  1535.208381
0.04186000  1535.19165
0.04188000  1535.174036
0.04190000  1535.157301
0.04192000  1535.141445
0.04194000  1535.125589
0.04196000  1535.10973
0.04198000  1535.094752
0.04200000  1535.079772
0.04202000  1535.064792
0.04204000  1535.050691
0.04206000  1535.036589
0.04208000  1535.022486
0.04210000  1535.009264
0.04212000  1534.99604
0.04214000  1534.982816
0.04216000  1534.970473
0.04218000  1534.958128
0.04220000  1534.945783
0.04222000  1534.934319
0.04224000  1534.922854
0.04226000  1534.911389
0.04228000  1534.899922
0.04230000  1534.889337
0.04232000  1534.878752
0.04234000  1534.868166
0.04236000  1534.858461
0.04238000  1534.848756
0.04240000  1534.839051
0.04242000  1534.829345
0.04244000  1534.820521
0.04246000  1534.811697
0.04248000  1534.802872
0.04250000  1534.794929
0.04252000  1534.786986
0.04254000  1534.779042
0.04256000  1534.771099
0.04258000  1534.764037
0.04260000  1534.756093
0.04262000  1534.749031
0.04264000  1534.742851
0.04266000  1534.735789
0.04268000  1534.729609
0.04270000  1534.723429
0.04272000  1534.717248
0.04274000  1534.711068
0.04276000  1534.70577
0.04278000  1534.700472
0.04280000  1534.695174
0.04282000  1534.689876
0.04284000  1534.684578
0.04286000  1534.680162
0.04288000  1534.675747
0.04290000  1534.671331
0.04292000  1534.666915
0.04294000  1534.662499
0.04296000  1534.658967
0.04298000  1534.655434
0.04300000  1534.651018
0.04302000  1534.4429558164707
0.04304000  1534.2348936329413
0.04306000  1534.0268314494117
0.04308000  1533.8187692658823
0.04310000  1533.610707082353
0.04312000  1533.4026448988236
0.04314000  1533.1945827152942
0.04316000  1532.9865205317647
0.04318000  1532.7784583482353
0.04320000  1532.570396164706
0.04322000  1532.3623339811766
0.04324000  1532.154271797647
0.04326000  1531.9462096141176
0.04328000  1531.7381474305882
0.04330000  1531.5300852470589
0.04332000  1531.3220230635295
0.04334000  1531.11396088
0.04336000  1530.9058986964706
0.04338000  1530.6978365129412
0.04340000  1530.4897743294118
0.04342000  1530.2817121458825
0.04344000  1530.0736499623529
0.04346000  1529.8655877788235
0.04348000  1529.6575255952941
0.04350000  1529.4494634117648
0.04352000  1529.2414012282354
0.04354000  1529.0333390447058
0.04356000  1528.8252768611765
0.04358000  1528.617214677647
0.04360000  1528.4091524941177
0.04362000  1528.2010903105884
0.04364000  1527.9930281270588
0.04366000  1527.7849659435294
0.04368000  1527.57690376
0.04370000  1527.3688415764707
0.04372000  1527.160779392941
0.04374000  1526.9527172094117
0.04376000  1526.7446550258824
0.04378000  1526.536592842353
0.04380000  1526.3285306588236
0.04382000  1526.120468475294
0.04384000  1525.9124062917647
0.04386000  1525.7043441082353
0.04388000  1525.496281924706
0.04390000  1525.2882197411766
0.04392000  1525.080157557647
0.04394000  1524.8720953741176
0.04396000  1524.6640331905883
0.04398000  1524.455971007059
0.04400000  1524.2479088235295
0.04402000  1524.03984664
0.04404000  1523.8317844564706
0.04406000  1523.6237222729412
0.04408000  1523.4156600894119
0.04410000  1523.2075979058823
0.04412000  1522.999535722353
0.04414000  1522.7914735388235
0.04416000  1522.5834113552942
0.04418000  1522.3753491717648
0.04420000  1522.1672869882352
0.04422000  1521.9592248047059
0.04424000  1521.7511626211765
0.04426000  1521.5431004376471
0.04428000  1521.3350382541178
0.04430000  1521.1269760705882
0.04432000  1520.9189138870588
0.04434000  1520.7108517035294
0.04436000  1520.50278952
0.04438000  1520.2947273364707
0.04440000  1520.0866651529411
0.04442000  1519.8786029694118
0.04444000  1519.6705407858824
0.04446000  1519.462478602353
0.04448000  1519.2544164188234
0.04450000  1519.046354235294
0.04452000  1518.8382920517647
0.04454000  1518.6302298682353
0.04456000  1518.422167684706
0.04458000  1518.2141055011764
0.04460000  1518.006043317647
0.04462000  1517.7979811341177
0.04464000  1517.5899189505883
0.04466000  1517.381856767059
0.04468000  1517.1737945835293
0.04470000  1516.9657324
0.04472000  1516.7576702164706
0.04474000  1516.5496080329413
0.04476000  1516.341545849412
0.04478000  1516.1334836658823
0.04480000  1515.925421482353
0.04482000  1515.7173592988236
0.04484000  1515.5092971152942
0.04486000  1515.3012349317648
0.04488000  1515.0931727482352
0.04490000  1514.8851105647059
0.04492000  1514.6770483811765
0.04494000  1514.4689861976472
0.04496000  1514.2609240141176
0.04498000  1514.0528618305882
0.04500000  1513.8447996470588
0.04502000  1513.6367374635295
0.04504000  1513.42867528
0.04506000  1513.2206130964705
0.04508000  1513.0125509129412
0.04510000  1512.8044887294118
0.04512000  1512.5964265458824
0.04514000  1512.388364362353
0.04516000  1512.1803021788235
0.04518000  1511.972239995294
0.04520000  1511.7641778117647
0.04522000  1511.5561156282354
0.04524000  1511.348053444706
0.04526000  1511.1399912611764
0.04528000  1510.931929077647
0.04530000  1510.7238668941177
0.04532000  1510.5158047105883
0.04534000  1510.3077425270587
0.04536000  1510.0996803435294
0.04538000  1509.89161816
0.04540000  1509.6835559764706
0.04542000  1509.4754937929413
0.04544000  1509.2674316094117
0.04546000  1509.0593694258823
0.04548000  1508.851307242353
0.04550000  1508.6432450588236
0.04552000  1508.4351828752942
0.04554000  1508.2271206917646
0.04556000  1508.0190585082353
0.04558000  1507.810996324706
0.04560000  1507.6029341411765
0.04562000  1507.3948719576472
0.04564000  1507.1868097741176
0.04566000  1506.9787475905882
0.04568000  1506.7706854070589
0.04570000  1506.5626232235295
0.04572000  1506.3545610400001
0.04574000  1506.1464988564705
0.04576000  1505.9384366729412
0.04578000  1505.7303744894118
0.04580000  1505.5223123058825
0.04582000  1505.3142501223529
0.04584000  1505.1061879388235
0.04586000  1504.8981257552941
0.04588000  1504.6900635717648
0.04590000  1504.4820013882354
0.04592000  1504.2739392047058
0.04594000  1504.0658770211764
0.04596000  1503.857814837647
0.04598000  1503.6497526541177
0.04600000  1503.4416904705884
0.04602000  1503.2336282870588
0.04604000  1503.0255661035294
0.04606000  1502.81750392
0.04608000  1502.6094417364707
0.04610000  1502.4013795529413
0.04612000  1502.1933173694117
0.04614000  1501.9852551858824
0.04616000  1501.777193002353
0.04618000  1501.5691308188236
0.04620000  1501.361068635294
0.04622000  1501.1530064517647
0.04624000  1500.9449442682353
0.04626000  1500.736882084706
0.04628000  1500.5288199011766
0.04630000  1500.320757717647
0.04632000  1500.1126955341176
0.04634000  1499.9046333505883
0.04636000  1499.696571167059
0.04638000  1499.4885089835295
0.04640000  1499.2804468
0.04642000  1499.0723846164706
0.04644000  1498.8643224329412
0.04646000  1498.6562602494118
0.04648000  1498.4481980658825
0.04650000  1498.240135882353
0.04652000  1498.0320736988235
0.04654000  1497.8240115152942
0.04656000  1497.6159493317648
0.04658000  1497.4078871482352
0.04660000  1497.1998249647058
0.04662000  1496.9917627811765
0.04664000  1496.783700597647
0.04666000  1496.5756384141177
0.04668000  1496.3675762305882
0.04670000  1496.1595140470588
0.04672000  1495.9514518635294
0.04674000  1495.74338968
0.04676000  1495.5353274964707
0.04678000  1495.327265312941
0.04680000  1495.1192031294117
0.04682000  1494.9111409458824
0.04684000  1494.703078762353
0.04686000  1494.4950165788237
0.04688000  1494.286954395294
0.04690000  1494.0788922117647
0.04692000  1493.8708300282353
0.04694000  1493.662767844706
0.04696000  1493.4547056611766
0.04698000  1493.246643477647
0.04700000  1493.0385812941176
0.04702000  1492.8305191105883
0.04704000  1492.622456927059
0.04706000  1492.4143947435293
0.04708000  1492.20633256
0.04710000  1491.9982703764706
0.04712000  1491.7902081929412
0.04714000  1491.5821460094119
0.04716000  1491.3740838258823
0.04718000  1491.166021642353
0.04720000  1490.9579594588236
0.04722000  1490.7498972752942
0.04724000  1490.5418350917648
0.04726000  1490.3337729082352
0.04728000  1490.1257107247059
0.04730000  1489.9176485411765
0.04732000  1489.7095863576471
0.04734000  1489.5015241741178
0.04736000  1489.2934619905882
0.04738000  1489.0853998070588
0.04740000  1488.8773376235295
0.04742000  1488.66927544
0.04744000  1488.4612132564707
0.04746000  1488.2531510729411
0.04748000  1488.0450888894118
0.04750000  1487.8370267058824
0.04752000  1487.628964522353
0.04754000  1487.4209023388235
0.04756000  1487.212840155294
0.04758000  1487.0047779717647
0.04760000  1486.7967157882354
0.04762000  1486.588653604706
0.04764000  1486.3805914211764
0.04766000  1486.172529237647
0.04768000  1485.9644670541177
0.04770000  1485.7564048705883
0.04772000  1485.548342687059
0.04774000  1485.3402805035294
0.04776000  1485.13221832
0.04778000  1484.9241561364706
0.04780000  1484.7160939529413
0.04782000  1484.508031769412
0.04784000  1484.2999695858823
0.04786000  1484.091907402353
0.04788000  1483.8838452188236
0.04790000  1483.6757830352942
0.04792000  1483.4677208517646
0.04794000  1483.2596586682353
0.04796000  1483.051596484706
0.04798000  1482.8435343011765
0.04800000  1482.6354721176472
0.04802000  1482.4274099341176
0.04804000  1482.2193477505882
0.04806000  1482.0112855670588
0.04808000  1481.8032233835295
0.04810000  1481.5951612000001
0.04812000  1481.3870990164705
0.04814000  1481.1790368329412
0.04816000  1480.9709746494118
0.04818000  1480.7629124658824
0.04820000  1480.554850282353
0.04822000  1480.3467880988235
0.04824000  1480.1387259152941
0.04826000  1479.9306637317648
0.04828000  1479.7226015482354
0.04830000  1479.5145393647058
0.04832000  1479.3064771811764
0.04834000  1479.098414997647
0.04836000  1478.8903528141177
0.04838000  1478.6822906305883
0.04840000  1478.4742284470587
0.04842000  1478.2661662635294
0.04844000  1478.05810408
0.04846000  1477.8500418964707
0.04848000  1477.6419797129413
0.04850000  1477.4339175294117
0.04852000  1477.2258553458823
0.04854000  1477.017793162353
0.04856000  1476.8097309788236
0.04858000  1476.6016687952942
0.04860000  1476.3936066117647
0.04862000  1476.1855444282353
0.04864000  1475.977482244706
0.04866000  1475.7694200611766
0.04868000  1475.561357877647
0.04870000  1475.3532956941176
0.04872000  1475.1452335105882
0.04874000  1474.9371713270589
0.04876000  1474.7291091435295
0.04878000  1474.52104696
0.04880000  1474.3129847764706
0.04882000  1474.1049225929412
0.04884000  1473.8968604094118
0.04886000  1473.6887982258825
0.04888000  1473.4807360423529
0.04890000  1473.2726738588235
0.04892000  1473.0646116752941
0.04894000  1472.8565494917648
0.04896000  1472.6484873082354
0.04898000  1472.4404251247058
0.04900000  1472.2323629411765
0.04902000  1472.024300757647
0.04904000  1471.8162385741177
0.04906000  1471.6081763905884
0.04908000  1471.4001142070588
0.04910000  1471.1920520235294
0.04912000  1470.98398984
0.04914000  1470.7759276564707
0.04916000  1470.5678654729413
0.04918000  1470.3598032894117
0.04920000  1470.1517411058824
0.04922000  1469.943678922353
0.04924000  1469.7356167388236
0.04926000  1469.527554555294
0.04928000  1469.3194923717647
0.04930000  1469.1114301882353
0.04932000  1468.903368004706
0.04934000  1468.6953058211766
0.04936000  1468.487243637647
0.04938000  1468.2791814541176
0.04940000  1468.0711192705883
0.04942000  1467.863057087059
0.04944000  1467.6549949035295
0.04946000  1467.44693272
0.04948000  1467.2388705364706
0.04950000  1467.0308083529412
0.04952000  1466.8227461694119
0.04954000  1466.6146839858825
0.04956000  1466.406621802353
0.04958000  1466.1985596188235
0.04960000  1465.9904974352942
0.04962000  1465.7824352517648
0.04964000  1465.5743730682352
0.04966000  1465.3663108847059
0.04968000  1465.1582487011765
0.04970000  1464.9501865176471
0.04972000  1464.7421243341178
0.04974000  1464.5340621505882
0.04976000  1464.3259999670588
0.04978000  1464.1179377835294
0.04980000  1463.9098756
0.04982000  1463.7018134164707
0.04984000  1463.4937512329411
0.04986000  1463.2856890494118
0.04988000  1463.0776268658824
0.04990000  1462.869564682353
0.04992000  1462.6615024988237
0.04994000  1462.453440315294
0.04996000  1462.2453781317647
0.04998000  1462.0373159482353
0.05000000  1461.829253764706
0.05002000  1461.6211915811764
0.05004000  1461.413129397647
0.05006000  1461.2050672141177
0.05008000  1460.9970050305883
0.05010000  1460.788942847059
0.05012000  1460.5808806635293
0.05014000  1460.37281848
0.05016000  1460.1647562964706
0.05018000  1459.9566941129412
0.05020000  1459.7486319294119
0.05022000  1459.5405697458823
0.05024000  1459.332507562353
0.05026000  1459.1244453788236
0.05028000  1458.9163831952942
0.05030000  1458.7083210117648
0.05032000  1458.5002588282352
0.05034000  1458.2921966447059
0.05036000  1458.0841344611765
0.05038000  1457.8760722776472
0.05040000  1457.6680100941176
0.05042000  1457.4599479105882
0.05044000  1457.2518857270588
0.05046000  1457.0438235435295
0.05048000  1456.83576136
0.05050000  1456.6276991764705
0.05052000  1456.4196369929412
0.05054000  1456.2115748094118
0.05056000  1456.0035126258824
0.05058000  1455.795450442353
0.05060000  1455.5873882588235
0.05062000  1455.379326075294
0.05064000  1455.1712638917647
0.05066000  1454.9632017082354
0.05068000  1454.755139524706
0.05070000  1454.5470773411764
0.05072000  1454.339015157647
0.05074000  1454.1309529741177
0.05076000  1453.9228907905883
0.05078000  1453.7148286070587
0.05080000  1453.5067664235294
0.05082000  1453.29870424
0.05084000  1453.0906420564706
0.05086000  1452.8825798729413
0.05088000  1452.6745176894117
0.05090000  1452.4664555058823
0.05092000  1452.258393322353
0.05094000  1452.0503311388236
0.05096000  1451.8422689552942
0.05098000  1451.6342067717646
0.05100000  1451.4261445882353
0.05102000  1451.218082404706
0.05104000  1451.0100202211765
0.05106000  1450.8019580376472
0.05108000  1450.5938958541176
0.05110000  1450.3858336705882
0.05112000  1450.1777714870589
0.05114000  1449.9697093035295
0.05116000  1449.7616471200001
0.05118000  1449.5535849364705
0.05120000  1449.3455227529412
0.05122000  1449.1374605694118
0.05124000  1448.9293983858825
0.05126000  1448.721336202353
0.05128000  1448.5132740188235
0.05130000  1448.3052118352941
0.05132000  1448.0971496517648
0.05134000  1447.8890874682354
0.05136000  1447.6810252847058
0.05138000  1447.4729631011764
0.05140000  1447.264900917647
0.05142000  1447.0568387341177
0.05144000  1446.8487765505884
0.05146000  1446.6407143670588
0.05148000  1446.4326521835294
0.05150000  1446.22459
0.05152000  1446.0165278164707
0.05154000  1445.8084656329413
0.05156000  1445.6004034494117
0.05158000  1445.3923412658824
0.05160000  1445.184279082353
0.05162000  1444.9762168988236
0.05164000  1444.7681547152943
0.05166000  1444.5600925317647
0.05168000  1444.3520303482353
0.05170000  1444.143968164706
0.05172000  1443.9359059811766
0.05174000  1443.727843797647
0.05176000  1443.5197816141176
0.05178000  1443.3117194305883
0.05180000  1443.103657247059
0.05182000  1442.8955950635295
0.05184000  1442.68753288
0.05186000  1442.4794706964706
0.05188000  1442.2714085129412
0.05190000  1442.0633463294118
0.05192000  1441.8552841458825
0.05194000  1441.647221962353
0.05196000  1441.4391597788235
0.05198000  1441.2310975952942
0.05200000  1441.0230354117648
0.05202000  1440.8149732282354
0.05204000  1440.6069110447058
0.05206000  1440.3988488611765
0.05208000  1440.190786677647
0.05210000  1439.9827244941177
0.05212000  1439.7746623105882
0.05214000  1439.5666001270588
0.05216000  1439.3585379435294
0.05218000  1439.15047576
0.05220000  1438.9424135764707
0.05222000  1438.734351392941
0.05224000  1438.5262892094117
0.05226000  1438.3182270258824
0.05228000  1438.110164842353
0.05230000  1437.9021026588237
0.05232000  1437.694040475294
0.05234000  1437.4859782917647
0.05236000  1437.2779161082353
0.05238000  1437.069853924706
0.05240000  1436.8617917411766
0.05242000  1436.653729557647
0.05244000  1436.4456673741176
0.05246000  1436.2376051905883
0.05248000  1436.029543007059
0.05250000  1435.8214808235293
0.05252000  1435.61341864
0.05254000  1435.4053564564706
0.05256000  1435.1972942729412
0.05258000  1434.9892320894119
0.05260000  1434.7811699058823
0.05262000  1434.573107722353
0.05264000  1434.3650455388236
0.05266000  1434.1569833552942
0.05268000  1433.9489211717648
0.05270000  1433.7408589882352
0.05272000  1433.5327968047059
0.05274000  1433.3247346211765
0.05276000  1433.1166724376471
0.05278000  1432.9086102541178
0.05280000  1432.7005480705882
0.05282000  1432.4924858870588
0.05284000  1432.2844237035295
0.05286000  1432.07636152
0.05288000  1431.8682993364705
0.05290000  1431.6602371529411
0.05292000  1431.4521749694118
0.05294000  1431.2441127858824
0.05296000  1431.036050602353
0.05298000  1430.8279884188237
0.05300000  1430.619926235294
0.05302000  1430.4118640517647
0.05304000  1430.2038018682354
0.05306000  1429.995739684706
0.05308000  1429.7876775011764
0.05310000  1429.579615317647
0.05312000  1429.3715531341177
0.05314000  1429.1634909505883
0.05316000  1428.955428767059
0.05318000  1428.7473665835294
0.05320000  1428.5393044
0.05322000  1428.3312422164706
0.05324000  1428.1231800329413
0.05326000  1427.915117849412
0.05328000  1427.7070556658823
0.05330000  1427.498993482353
0.05332000  1427.2909312988236
0.05334000  1427.0828691152942
0.05336000  1426.8748069317649
0.05338000  1426.6667447482353
0.05340000  1426.458682564706
0.05342000  1426.2506203811765
0.05344000  1426.0425581976472
0.05346000  1425.8344960141176
0.05348000  1425.6264338305882
0.05350000  1425.4183716470588
0.05352000  1425.2103094635295
0.05354000  1425.0022472800001
0.05356000  1424.7941850964705
0.05358000  1424.5861229129412
0.05360000  1424.3780607294118
0.05362000  1424.1699985458824
0.05364000  1423.961936362353
0.05366000  1423.7538741788235
0.05368000  1423.5458119952941
0.05370000  1423.3377498117648
0.05372000  1423.1296876282354
0.05374000  1422.921625444706
0.05376000  1422.7135632611764
0.05378000  1422.505501077647
0.05380000  1422.2974388941177
0.05382000  1422.0893767105883
0.05384000  1421.8813145270587
0.05386000  1421.6732523435294
0.05388000  1421.46519016
0.05390000  1421.2571279764707
0.05392000  1421.0490657929413
0.05394000  1420.8410036094117
0.05396000  1420.6329414258823
0.05398000  1420.424879242353
0.05400000  1420.2168170588236
0.05402000  1420.0087548752942
0.05404000  1419.8006926917647
0.05406000  1419.5926305082353
0.05408000  1419.384568324706
0.05410000  1419.1765061411766
0.05412000  1418.9684439576472
0.05414000  1418.7603817741176
0.05416000  1418.5523195905882
0.05418000  1418.3442574070589
0.05420000  1418.1361952235295
0.05422000  1417.92813304
0.05424000  1417.7200708564706
0.05426000  1417.5120086729412
0.05428000  1417.3039464894118
0.05430000  1417.0958843058825
0.05432000  1416.8878221223529
0.05434000  1416.6797599388235
0.05436000  1416.4716977552941
0.05438000  1416.2636355717648
0.05440000  1416.0555733882354
0.05442000  1415.8475112047058
0.05444000  1415.6394490211765
0.05446000  1415.431386837647
0.05448000  1415.2233246541177
0.05450000  1415.0152624705884
0.05452000  1414.8072002870588
0.05454000  1414.5991381035294
0.05456000  1414.39107592
0.05458000  1414.1830137364707
0.05460000  1413.974951552941
0.05462000  1413.7668893694117
0.05464000  1413.5588271858824
0.05466000  1413.350765002353
0.05468000  1413.1427028188236
0.05470000  1412.934640635294
0.05472000  1412.7265784517647
0.05474000  1412.5185162682353
0.05476000  1412.310454084706
0.05478000  1412.1023919011766
0.05480000  1411.894329717647
0.05482000  1411.6862675341176
0.05484000  1411.4782053505883
0.05486000  1411.270143167059
0.05488000  1411.0620809835295
0.05490000  1410.8540188
0.05492000  1410.6459566164706
0.05494000  1410.4378944329412
0.05496000  1410.2298322494119
0.05498000  1410.0217700658823
0.05500000  1409.813707882353
0.05502000  1409.6056456988235
0.05504000  1409.3975835152942
0.05506000  1409.1895213317648
0.05508000  1408.9814591482354
0.05510000  1408.7733969647059
0.05512000  1408.5653347811765
0.05514000  1408.3572725976471
0.05516000  1408.1492104141178
0.05518000  1407.9411482305882
0.05520000  1407.7330860470588
0.05522000  1407.5250238635294
0.05524000  1407.31696168
0.05526000  1407.1088994964707
0.05528000  1406.9008373129411
0.05530000  1406.6927751294118
0.05532000  1406.4847129458824
0.05534000  1406.276650762353
0.05536000  1406.0685885788234
0.05538000  1405.860526395294
0.05540000  1405.6524642117647
0.05542000  1405.4444020282353
0.05544000  1405.236339844706
0.05546000  1405.0282776611766
0.05548000  1404.820215477647
0.05550000  1404.6121532941177
0.05552000  1404.4040911105883
0.05554000  1404.196028927059
0.05556000  1403.9879667435293
0.05558000  1403.77990456
0.05560000  1403.5718423764706
0.05562000  1403.3637801929412
0.05564000  1403.1557180094119
0.05566000  1402.9476558258823
0.05568000  1402.739593642353
0.05570000  1402.5315314588236
0.05572000  1402.3234692752942
0.05574000  1402.1154070917648
0.05576000  1401.9073449082352
0.05578000  1401.6992827247059
0.05580000  1401.4912205411765
0.05582000  1401.2831583576472
0.05584000  1401.0750961741178
0.05586000  1400.8670339905882
0.05588000  1400.6589718070588
0.05590000  1400.4509096235295
0.05592000  1400.24284744
0.05594000  1400.0347852564705
0.05596000  1399.8267230729411
0.05598000  1399.6186608894118
0.05600000  1399.4105987058824
0.05602000  1399.202536522353
0.05604000  1398.9944743388235
0.05606000  1398.786412155294
0.05608000  1398.5783499717647
0.05610000  1398.3702877882354
0.05612000  1398.162225604706
0.05614000  1397.9541634211764
0.05616000  1397.746101237647
0.05618000  1397.5380390541177
0.05620000  1397.3299768705883
0.05622000  1397.121914687059
0.05624000  1396.9138525035294
0.05626000  1396.70579032
0.05628000  1396.4977281364706
0.05630000  1396.2896659529413
0.05632000  1396.0816037694117
0.05634000  1395.8735415858823
0.05636000  1395.665479402353
0.05638000  1395.4574172188236
0.05640000  1395.2493550352942
0.05642000  1395.0412928517649
0.05644000  1394.8332306682353
0.05646000  1394.625168484706
0.05648000  1394.4171063011765
0.05650000  1394.2090441176472
0.05652000  1394.0009819341176
0.05654000  1393.7929197505882
0.05656000  1393.5848575670589
0.05658000  1393.3767953835295
0.05660000  1393.1687332000001
0.05662000  1392.9606710164705
0.05664000  1392.7526088329412
0.05666000  1392.5445466494118
0.05668000  1392.3364844658824
0.05670000  1392.1284222823529
0.05672000  1391.9203600988235
0.05674000  1391.7122979152941
0.05676000  1391.5042357317648
0.05678000  1391.2961735482354
0.05680000  1391.088111364706
0.05682000  1390.8800491811764
0.05684000  1390.671986997647
0.05686000  1390.4639248141177
0.05688000  1390.2558626305884
0.05690000  1390.0478004470588
0.05692000  1389.8397382635294
0.05694000  1389.63167608
0.05696000  1389.4236138964707
0.05698000  1389.2155517129413
0.05700000  1389.0074895294117
0.05702000  1388.7994273458823
0.05704000  1388.591365162353
0.05706000  1388.3833029788236
0.05708000  1388.175240795294
0.05710000  1387.9671786117647
0.05712000  1387.7591164282353
0.05714000  1387.551054244706
0.05716000  1387.3429920611766
0.05718000  1387.1349298776472
0.05720000  1386.9268676941176
0.05722000  1386.7188055105883
0.05724000  1386.510743327059
0.05726000  1386.3026811435295
0.05728000  1386.09461896
0.05730000  1385.8865567764706
0.05732000  1385.6784945929412
0.05734000  1385.4704324094118
0.05736000  1385.2623702258825
0.05738000  1385.054308042353
0.05740000  1384.8462458588235
0.05742000  1384.6381836752942
0.05744000  1384.4301214917648
0.05746000  1384.2220593082352
0.05748000  1384.0139971247058
0.05750000  1383.8059349411765
0.05752000  1383.597872757647
0.05754000  1383.3898105741177
0.05756000  1383.1817483905884
0.05758000  1382.9736862070588
0.05760000  1382.7656240235294
0.05762000  1382.55756184
0.05764000  1382.3494996564707
0.05766000  1382.141437472941
0.05768000  1381.9333752894117
0.05770000  1381.7253131058824
0.05772000  1381.517250922353
0.05774000  1381.3091887388237
0.05776000  1381.101126555294
0.05778000  1380.8930643717647
0.05780000  1380.6850021882353
0.05782000  1380.476940004706
0.05784000  1380.2688778211766
0.05786000  1380.060815637647
0.05788000  1379.8527534541176
0.05790000  1379.6446912705883
0.05792000  1379.436629087059
0.05794000  1379.2285669035296
0.05796000  1379.02050472
0.05798000  1378.8124425364706
0.05800000  1378.6043803529412
0.05802000  1378.3963181694119
0.05804000  1378.1882559858823
0.05806000  1377.980193802353
0.05808000  1377.7721316188236
0.05810000  1377.5640694352942
0.05812000  1377.3560072517648
0.05814000  1377.1479450682352
0.05816000  1376.9398828847059
0.05818000  1376.7318207011765
0.05820000  1376.5237585176471
0.05822000  1376.3156963341178
0.05824000  1376.1076341505882
0.05826000  1375.8995719670588
0.05828000  1375.6915097835295
0.05830000  1375.4834476
0.05832000  1375.2753854164707
0.05834000  1375.0673232329411
0.05836000  1374.8592610494118
0.05838000  1374.6511988658824
0.05840000  1374.443136682353
0.05842000  1374.2350744988235
0.05844000  1374.027012315294
0.05846000  1373.8189501317647
0.05848000  1373.6108879482354
0.05850000  1373.402825764706
0.05852000  1373.1947635811766
0.05854000  1372.986701397647
0.05856000  1372.7786392141177
0.05858000  1372.5705770305883
0.05860000  1372.362514847059
0.05862000  1372.1544526635294
0.05864000  1371.94639048
0.05866000  1371.7383282964706
0.05868000  1371.5302661129413
0.05870000  1371.322203929412
0.05872000  1371.1141417458823
0.05874000  1370.906079562353
0.05876000  1370.6980173788236
0.05878000  1370.4899551952942
0.05880000  1370.2818930117646
0.05882000  1370.0738308282353
0.05884000  1369.865768644706
0.05886000  1369.6577064611765
0.05888000  1369.4496442776472
0.05890000  1369.2415820941178
0.05892000  1369.0335199105882
0.05894000  1368.8254577270588
0.05896000  1368.6173955435295
0.05898000  1368.4093333600001
0.05900000  1368.2012711764705
0.05902000  1367.9932089929412
0.05904000  1367.7851468094118
0.05906000  1367.5770846258824
0.05908000  1367.369022442353
0.05910000  1367.1609602588235
0.05912000  1366.9528980752941
0.05914000  1366.7448358917648
0.05916000  1366.5367737082354
0.05918000  1366.3287115247058
0.05920000  1366.1206493411764
0.05922000  1365.912587157647
0.05924000  1365.7045249741177
0.05926000  1365.4964627905883
0.05928000  1365.288400607059
0.05930000  1365.0803384235294
0.05932000  1364.87227624
0.05934000  1364.6642140564707
0.05936000  1364.4561518729413
0.05938000  1364.2480896894117
0.05940000  1364.0400275058823
0.05942000  1363.831965322353
0.05944000  1363.6239031388236
0.05946000  1363.4158409552942
0.05948000  1363.2077787717647
0.05950000  1362.9997165882353
0.05952000  1362.791654404706
0.05954000  1362.5835922211766
0.05956000  1362.375530037647
0.05958000  1362.1674678541176
0.05960000  1361.9594056705882
0.05962000  1361.7513434870589
0.05964000  1361.5432813035295
0.05966000  1361.3352191200001
0.05968000  1361.1271569364706
0.05970000  1360.9190947529412
0.05972000  1360.7110325694118
0.05974000  1360.5029703858825
0.05976000  1360.2949082023529
0.05978000  1360.0868460188235
0.05980000  1359.8787838352941
0.05982000  1359.6707216517648
0.05984000  1359.4626594682354
0.05986000  1359.2545972847058
0.05988000  1359.0465351011765
0.05990000  1358.838472917647
0.05992000  1358.6304107341177
0.05994000  1358.4223485505884
0.05996000  1358.2142863670588
0.05998000  1358.0062241835294
0.06000000  1357.798162
0.06002000  1356.293253
0.06004000  1354.907112
0.06006000  1353.627794
0.06008000  1352.441491
0.06010000  1351.270214
0.06012000  1349.869045
0.06014000  1347.988284
0.06016000  1345.457939
0.06018000  1342.078952
0.06020000  1337.631483
0.06022000  1331.58556
0.06024000  1322.349228
0.06026000  1307.975433
0.06028000  1286.020417
0.06030000  1253.07288
0.06032000  1204.492382
0.06034000  1134.774512
0.06036000  1039.308425
0.06038000  920.568259
0.06040000  793.638294
0.06042000  670.058001
0.06044000  548.935485
0.06046000  422.775433
0.06048000  290.064659
0.06050000  173.500766
0.06052000  100.726721
0.06054000  63.672942
0.06056000  47.533674
0.06058000  43.355896
0.06060000  50.049926
0.06062000  73.364949
0.06064000  127.339343
0.06066000  230.635733
0.06068000  385.878124
0.06070000  573.25507
0.06072000  765.996841
0.06074000  942.714718
0.06076000  1092.459974
0.06078000  1212.182609
0.06080000  1303.015264
0.06082000  1369.206176
0.06084000  1416.381532
0.06086000  1449.796805
0.06088000  1473.548792
0.06090000  1490.557384
0.06092000  1502.842802
0.06094000  1511.786009
0.06096000  1518.336254
0.06098000  1523.159814
0.06100000  1526.724037
0.06102000  1529.36163
0.06104000  1531.312761
0.06106000  1532.75302
0.06108000  1533.810044
0.06110000  1534.581229
0.06112000  1535.139684
0.06114000  1535.537423
0.06116000  1535.81498
0.06118000  1536.000954
0.06120000  1536.11753
0.06122000  1536.181484
0.06124000  1536.206885
0.06126000  1536.20163
0.06128000  1536.175353
0.06130000  1536.133302
0.06132000  1536.080725
0.06134000  1536.021996
0.06136000  1535.961494
0.06138000  1535.901849
0.06140000  1535.844818
0.06142000  1535.792158
0.06144000  1535.742996
0.06146000  1535.697333
0.06148000  1535.654294
0.06150000  1535.614759
0.06152000  1535.578732
0.06154000  1535.545334
0.06156000  1535.513688
0.06158000  1535.484675
0.06160000  1535.458295
0.06162000  1535.432792
0.06164000  1535.408164
0.06166000  1535.385292
0.06168000  1535.363298
0.06170000  1535.34218
0.06172000  1535.321061
0.06174000  1535.300819
0.06176000  1535.281455
0.06178000  1535.262969
0.06180000  1535.244481
0.06182000  1535.225992
0.06184000  1535.208381
0.06186000  1535.19165
0.06188000  1535.174036
0.06190000  1535.157301
0.06192000  1535.141445
0.06194000  1535.125589
0.06196000  1535.10973
0.06198000  1535.094752
0.06200000  1535.079772
0.06202000  1535.064792
0.06204000  1535.050691
0.06206000  1535.036589
0.06208000  1535.022486
0.06210000  1535.009264
0.06212000  1534.99604
0.06214000  1534.982816
0.06216000  1534.970473
0.06218000  1534.958128
0.06220000  1534.945783
0.06222000  1534.934319
0.06224000  1534.922854
0.06226000  1534.911389
0.06228000  1534.899922
0.06230000  1534.889337
0.06232000  1534.878752
0.06234000  1534.868166
0.06236000  1534.858461
0.06238000  1534.848756
0.06240000  1534.839051
0.06242000  1534.829345
0.06244000  1534.820521
0.06246000  1534.811697
0.06248000  1534.802872
0.06250000  1534.794929
0.06252000  1534.786986
0.06254000  1534.779042
0.06256000  1534.771099
0.06258000  1534.764037
0.06260000  1534.756093
0.06262000  1534.749031
0.06264000  1534.742851
0.06266000  1534.735789
0.06268000  1534.729609
0.06270000  1534.723429
0.06272000  1534.717248
0.06274000  1534.711068
0.06276000  1534.70577
0.06278000  1534.700472
0.06280000  1534.695174
0.06282000  1534.689876
0.06284000  1534.684578
0.06286000  1534.680162
0.06288000  1534.675747
0.06290000  1534.671331
0.06292000  1534.666915
0.06294000  1534.662499
0.06296000  1534.658967
0.06298000  1534.655434
0.06300000  1534.651018
