0.00000000  1357.780372
0.00002000  1356.277027
0.00004000  1354.889209
0.00006000  1353.609842
0.00008000  1352.42513
0.00010000  1351.252172
0.00012000  1349.850949
0.00014000  1347.970116
0.00016000  1345.439675
0.00018000  1342.06056
0.00020000  1337.612924
0.00022000  1331.565069
0.00024000  1322.328369
0.00026000  1307.948662
0.00028000  1285.977795
0.00030000  1252.979308
0.00032000  1204.272149
0.00034000  1134.220711
0.00036000  1037.802068
0.00038000  917.21808
0.00040000  788.765436
0.00042000  663.753411
0.00044000  541.061138
0.00046000  413.638714
0.00048000  279.980917
0.00050000  163.639913
0.00052000  92.890147
0.00054000  57.029184
0.00056000  41.092269
0.00058000  35.823373
0.00060000  39.228987
0.00062000  54.181952
0.00064000  88.735178
0.00066000  154.531223
0.00068000  256.150751
0.00070000  389.723421
0.00072000  545.508001
0.00074000  709.991083
0.00076000  870.026619
0.00078000  1014.595734
0.00080000  1135.903601
0.00082000  1231.589545
0.00084000  1304.071166
0.00086000  1357.942076
0.00088000  1397.797618
0.00090000  1427.386269
0.00092000  1449.516379
0.00094000  1466.209797
0.00096000  1478.906658
0.00098000  1488.643985
0.00100000  1496.164912
0.00102000  1502.006935
0.00104000  1506.566858
0.00106000  1510.136661
0.00108000  1512.937707
0.00110000  1515.141683
0.00112000  1516.879522
0.00114000  1518.24983
0.00116000  1519.329443
0.00118000  1520.178023
0.00120000  1520.842976
0.00122000  1521.360132
0.00124000  1521.760823
0.00126000  1522.068362
0.00128000  1522.301063
0.00130000  1522.476118
0.00132000  1522.606839
0.00134000  1522.703649
0.00136000  1522.775991
0.00138000  1522.833283
0.00140000  1522.882109
0.00142000  1522.923413
0.00144000  1522.960956
0.00146000  1522.994738
0.00148000  1523.027577
0.00150000  1523.060409
0.00152000  1523.093237
0.00154000  1523.126997
0.00156000  1523.161689
0.00158000  1523.197312
0.00160000  1523.234803
0.00162000  1523.272287
0.00164000  1523.310701
0.00166000  1523.349108
0.00168000  1523.388443
0.00170000  1523.428707
0.00172000  1523.468027
0.00174000  1523.508275
0.00176000  1523.548515
0.00178000  1523.588747
0.00180000  1523.629907
0.00182000  1523.670122
0.00184000  1523.710329
0.00186000  1523.750529
0.00188000  1523.79072
0.00190000  1523.830903
0.00192000  1523.871078
0.00194000  1523.911245
0.00196000  1523.951404
0.00198000  1523.990621
0.00200000  1524.030763
0.00202000  1524.069965
0.00204000  1524.109158
0.00206000  1524.148344
0.00208000  1524.187522
0.00210000  1524.226693
0.00212000  1524.265856
0.00214000  1524.304079
0.00216000  1524.343226
0.00218000  1524.381434
0.00220000  1524.419635
0.00222000  1524.457828
0.00224000  1524.496014
0.00226000  1524.534193
0.00228000  1524.571433
0.00230000  1524.609597
0.00232000  1524.646823
0.00234000  1524.684042
0.00236000  1524.721254
0.00238000  1524.758459
0.00240000  1524.795658
0.00242000  1524.832849
0.00244000  1524.869104
0.00246000  1524.906281
0.00248000  1524.942522
0.00250000  1524.978757
0.00252000  1525.014985
0.00254000  1525.051206
0.00256000  1525.087421
0.00258000  1525.123629
0.00260000  1525.158902
0.00262000  1525.195097
0.00264000  1525.230357
0.00266000  1525.265612
0.00268000  1525.300859
0.00270000  1525.336101
0.00272000  1525.371336
0.00274000  1525.406565
0.00276000  1525.440861
0.00278000  1525.475151
0.00280000  1525.510362
0.00282000  1525.544639
0.00284000  1525.578911
0.00286000  1525.613177
0.00288000  1525.647437
0.00290000  1525.680765
0.00292000  1525.715013
0.00294000  1525.749256
0.00296000  1525.782567
0.00298000  1525.815872
0.00300000  1525.849172
0.00302000  1525.6514439999999
0.00304000  1525.453716
0.00306000  1525.255988
0.00308000  1525.05826
0.00310000  1524.860532
0.00312000  1524.662804
0.00314000  1524.465076
0.00316000  1524.2673479999999
0.00318000  1524.06962
0.00320000  1523.871892
0.00322000  1523.674164
0.00324000  1523.476436
0.00326000  1523.278708
0.00328000  1523.08098
0.00330000  1522.8832519999999
0.00332000  1522.685524
0.00334000  1522.487796
0.00336000  1522.290068
0.00338000  1522.09234
0.00340000  1521.894612
0.00342000  1521.696884
0.00344000  1521.4991559999999
0.00346000  1521.301428
0.00348000  1521.1037
0.00350000  1520.905972
0.00352000  1520.708244
0.00354000  1520.510516
0.00356000  1520.312788
0.00358000  1520.1150599999999
0.00360000  1519.917332
0.00362000  1519.719604
0.00364000  1519.521876
0.00366000  1519.324148
0.00368000  1519.12642
0.00370000  1518.928692
0.00372000  1518.7309639999999
0.00374000  1518.533236
0.00376000  1518.335508
0.00378000  1518.13778
0.00380000  1517.940052
0.00382000  1517.742324
0.00384000  1517.544596
0.00386000  1517.3468679999999
0.00388000  1517.14914
0.00390000  1516.951412
0.00392000  1516.753684
0.00394000  1516.555956
0.00396000  1516.358228
0.00398000  1516.1605
0.00400000  1515.9627719999999
0.00402000  1515.765044
0.00404000  1515.567316
0.00406000  1515.369588
0.00408000  1515.17186
0.00410000  1514.974132
0.00412000  1514.776404
0.00414000  1514.5786759999999
0.00416000  1514.380948
0.00418000  1514.18322
0.00420000  1513.985492
0.00422000  1513.787764
0.00424000  1513.590036
0.00426000  1513.392308
0.00428000  1513.1945799999999
0.00430000  1512.996852
0.00432000  1512.799124
0.00434000  1512.601396
0.00436000  1512.403668
0.00438000  1512.20594
0.00440000  1512.008212
0.00442000  1511.8104839999999
0.00444000  1511.612756
0.00446000  1511.415028
0.00448000  1511.2173
0.00450000  1511.019572
0.00452000  1510.821844
0.00454000  1510.624116
0.00456000  1510.4263879999999
0.00458000  1510.22866
0.00460000  1510.030932
0.00462000  1509.833204
0.00464000  1509.635476
0.00466000  1509.437748
0.00468000  1509.24002
0.00470000  1509.0422919999999
0.00472000  1508.844564
0.00474000  1508.646836
0.00476000  1508.449108
0.00478000  1508.25138
0.00480000  1508.053652
0.00482000  1507.855924
0.00484000  1507.6581959999999
0.00486000  1507.460468
0.00488000  1507.26274
0.00490000  1507.065012
0.00492000  1506.867284
0.00494000  1506.669556
0.00496000  1506.471828
0.00498000  1506.2740999999999
0.00500000  1506.076372
0.00502000  1505.878644
0.00504000  1505.680916
0.00506000  1505.483188
0.00508000  1505.28546
0.00510000  1505.087732
0.00512000  1504.8900039999999
0.00514000  1504.692276
0.00516000  1504.494548
0.00518000  1504.29682
0.00520000  1504.099092
0.00522000  1503.901364
0.00524000  1503.703636
0.00526000  1503.5059079999999
0.00528000  1503.30818
0.00530000  1503.110452
0.00532000  1502.912724
0.00534000  1502.714996
0.00536000  1502.517268
0.00538000  1502.31954
0.00540000  1502.1218119999999
0.00542000  1501.924084
0.00544000  1501.726356
0.00546000  1501.528628
0.00548000  1501.3309
0.00550000  1501.133172
0.00552000  1500.935444
0.00554000  1500.7377159999999
0.00556000  1500.539988
0.00558000  1500.34226
0.00560000  1500.144532
0.00562000  1499.946804
0.00564000  1499.749076
0.00566000  1499.551348
0.00568000  1499.3536199999999
0.00570000  1499.155892
0.00572000  1498.958164
0.00574000  1498.760436
0.00576000  1498.562708
0.00578000  1498.36498
0.00580000  1498.167252
0.00582000  1497.9695239999999
0.00584000  1497.771796
0.00586000  1497.574068
0.00588000  1497.37634
0.00590000  1497.178612
0.00592000  1496.980884
0.00594000  1496.783156
0.00596000  1496.5854279999999
0.00598000  1496.3877
0.00600000  1496.189972
0.00602000  1495.992244
0.00604000  1495.794516
0.00606000  1495.596788
0.00608000  1495.39906
0.00610000  1495.2013319999999
0.00612000  1495.003604
0.00614000  1494.805876
0.00616000  1494.608148
0.00618000  1494.41042
0.00620000  1494.212692
0.00622000  1494.014964
0.00624000  1493.8172359999999
0.00626000  1493.619508
0.00628000  1493.42178
0.00630000  1493.224052
0.00632000  1493.026324
0.00634000  1492.8285959999998
0.00636000  1492.630868
0.00638000  1492.4331399999999
0.00640000  1492.235412
0.00642000  1492.037684
0.00644000  1491.839956
0.00646000  1491.642228
0.00648000  1491.4445
0.00650000  1491.246772
0.00652000  1491.0490439999999
0.00654000  1490.851316
0.00656000  1490.653588
0.00658000  1490.45586
0.00660000  1490.258132
0.00662000  1490.0604039999998
0.00664000  1489.862676
0.00666000  1489.6649479999999
0.00668000  1489.46722
0.00670000  1489.269492
0.00672000  1489.071764
0.00674000  1488.874036
0.00676000  1488.676308
0.00678000  1488.47858
0.00680000  1488.2808519999999
0.00682000  1488.083124
0.00684000  1487.885396
0.00686000  1487.687668
0.00688000  1487.48994
0.00690000  1487.2922119999998
0.00692000  1487.094484
0.00694000  1486.8967559999999
0.00696000  1486.699028
0.00698000  1486.5013
0.00700000  1486.303572
0.00702000  1486.105844
0.00704000  1485.908116
0.00706000  1485.710388
0.00708000  1485.5126599999999
0.00710000  1485.314932
0.00712000  1485.117204
0.00714000  1484.919476
0.00716000  1484.721748
0.00718000  1484.5240199999998
0.00720000  1484.326292
0.00722000  1484.1285639999999
0.00724000  1483.930836
0.00726000  1483.733108
0.00728000  1483.53538
0.00730000  1483.337652
0.00732000  1483.139924
0.00734000  1482.942196
0.00736000  1482.7444679999999
0.00738000  1482.54674
0.00740000  1482.349012
0.00742000  1482.151284
0.00744000  1481.953556
0.00746000  1481.7558279999998
0.00748000  1481.5581
0.00750000  1481.3603719999999
0.00752000  1481.162644
0.00754000  1480.964916
0.00756000  1480.767188
0.00758000  1480.56946
0.00760000  1480.371732
0.00762000  1480.174004
0.00764000  1479.9762759999999
0.00766000  1479.778548
0.00768000  1479.58082
0.00770000  1479.383092
0.00772000  1479.185364
0.00774000  1478.9876359999998
0.00776000  1478.789908
0.00778000  1478.5921799999999
0.00780000  1478.394452
0.00782000  1478.196724
0.00784000  1477.998996
0.00786000  1477.801268
0.00788000  1477.60354
0.00790000  1477.405812
0.00792000  1477.2080839999999
0.00794000  1477.010356
0.00796000  1476.812628
0.00798000  1476.6149
0.00800000  1476.417172
0.00802000  1476.2194439999998
0.00804000  1476.021716
0.00806000  1475.8239879999999
0.00808000  1475.62626
0.00810000  1475.428532
0.00812000  1475.230804
0.00814000  1475.033076
0.00816000  1474.8353479999998
0.00818000  1474.63762
0.00820000  1474.4398919999999
0.00822000  1474.242164
0.00824000  1474.044436
0.00826000  1473.846708
0.00828000  1473.64898
0.00830000  1473.4512519999998
0.00832000  1473.253524
0.00834000  1473.0557959999999
0.00836000  1472.858068
0.00838000  1472.66034
0.00840000  1472.462612
0.00842000  1472.264884
0.00844000  1472.0671559999998
0.00846000  1471.869428
0.00848000  1471.6716999999999
0.00850000  1471.473972
0.00852000  1471.276244
0.00854000  1471.078516
0.00856000  1470.880788
0.00858000  1470.6830599999998
0.00860000  1470.485332
0.00862000  1470.2876039999999
0.00864000  1470.089876
0.00866000  1469.892148
0.00868000  1469.69442
0.00870000  1469.496692
0.00872000  1469.2989639999998
0.00874000  1469.101236
0.00876000  1468.9035079999999
0.00878000  1468.70578
0.00880000  1468.508052
0.00882000  1468.310324
0.00884000  1468.112596
0.00886000  1467.9148679999998
0.00888000  1467.71714
0.00890000  1467.5194119999999
0.00892000  1467.321684
0.00894000  1467.123956
0.00896000  1466.926228
0.00898000  1466.7285
0.00900000  1466.5307719999998
0.00902000  1466.333044
0.00904000  1466.1353159999999
0.00906000  1465.937588
0.00908000  1465.73986
0.00910000  1465.542132
0.00912000  1465.344404
0.00914000  1465.1466759999998
0.00916000  1464.948948
0.00918000  1464.7512199999999
0.00920000  1464.553492
0.00922000  1464.355764
0.00924000  1464.158036
0.00926000  1463.960308
0.00928000  1463.7625799999998
0.00930000  1463.564852
0.00932000  1463.3671239999999
0.00934000  1463.169396
0.00936000  1462.971668
0.00938000  1462.77394
0.00940000  1462.576212
0.00942000  1462.3784839999998
0.00944000  1462.180756
0.00946000  1461.9830279999999
0.00948000  1461.7853
0.00950000  1461.587572
0.00952000  1461.389844
0.00954000  1461.192116
0.00956000  1460.9943879999998
0.00958000  1460.79666
0.00960000  1460.5989319999999
0.00962000  1460.401204
0.00964000  1460.203476
0.00966000  1460.005748
0.00968000  1459.80802
0.00970000  1459.6102919999998
0.00972000  1459.412564
0.00974000  1459.2148359999999
0.00976000  1459.017108
0.00978000  1458.81938
0.00980000  1458.621652
0.00982000  1458.423924
0.00984000  1458.2261959999998
0.00986000  1458.028468
0.00988000  1457.8307399999999
0.00990000  1457.633012
0.00992000  1457.435284
0.00994000  1457.237556
0.00996000  1457.039828
0.00998000  1456.8420999999998
0.01000000  1456.644372
0.01002000  1456.4466439999999
0.01004000  1456.248916
0.01006000  1456.051188
0.01008000  1455.85346
0.01010000  1455.655732
0.01012000  1455.4580039999998
0.01014000  1455.260276
0.01016000  1455.0625479999999
0.01018000  1454.86482
0.01020000  1454.667092
0.01022000  1454.469364
0.01024000  1454.271636
0.01026000  1454.0739079999998
0.01028000  1453.87618
0.01030000  1453.6784519999999
0.01032000  1453.480724
0.01034000  1453.282996
0.01036000  1453.085268
0.01038000  1452.88754
0.01040000  1452.6898119999998
0.01042000  1452.492084
0.01044000  1452.2943559999999
0.01046000  1452.096628
0.01048000  1451.8989
0.01050000  1451.701172
0.01052000  1451.503444
0.01054000  1451.3057159999998
0.01056000  1451.107988
0.01058000  1450.9102599999999
0.01060000  1450.712532
0.01062000  1450.514804
0.01064000  1450.317076
0.01066000  1450.119348
0.01068000  1449.9216199999998
0.01070000  1449.723892
0.01072000  1449.5261639999999
0.01074000  1449.328436
0.01076000  1449.130708
0.01078000  1448.93298
0.01080000  1448.735252
0.01082000  1448.5375239999998
0.01084000  1448.339796
0.01086000  1448.1420679999999
0.01088000  1447.94434
0.01090000  1447.746612
0.01092000  1447.548884
0.01094000  1447.351156
0.01096000  1447.1534279999998
0.01098000  1446.9557
0.01100000  1446.7579719999999
0.01102000  1446.560244
0.01104000  1446.362516
0.01106000  1446.164788
0.01108000  1445.96706
0.01110000  1445.7693319999998
0.01112000  1445.571604
0.01114000  1445.3738759999999
0.01116000  1445.176148
0.01118000  1444.97842
0.01120000  1444.780692
0.01122000  1444.582964
0.01124000  1444.3852359999998
0.01126000  1444.187508
0.01128000  1443.9897799999999
0.01130000  1443.792052
0.01132000  1443.594324
0.01134000  1443.396596
0.01136000  1443.198868
0.01138000  1443.0011399999999
0.01140000  1442.803412
0.01142000  1442.6056839999999
0.01144000  1442.407956
0.01146000  1442.210228
0.01148000  1442.0125
0.01150000  1441.814772
0.01152000  1441.6170439999999
0.01154000  1441.419316
0.01156000  1441.2215879999999
0.01158000  1441.02386
0.01160000  1440.826132
0.01162000  1440.628404
0.01164000  1440.430676
0.01166000  1440.2329479999999
0.01168000  1440.03522
0.01170000  1439.8374919999999
0.01172000  1439.639764
0.01174000  1439.442036
0.01176000  1439.244308
0.01178000  1439.04658
0.01180000  1438.8488519999999
0.01182000  1438.651124
0.01184000  1438.4533959999999
0.01186000  1438.255668
0.01188000  1438.05794
0.01190000  1437.860212
0.01192000  1437.662484
0.01194000  1437.4647559999999
0.01196000  1437.267028
0.01198000  1437.0692999999999
0.01200000  1436.871572
0.01202000  1436.673844
0.01204000  1436.476116
0.01206000  1436.278388
0.01208000  1436.0806599999999
0.01210000  1435.882932
0.01212000  1435.6852039999999
0.01214000  1435.487476
0.01216000  1435.289748
0.01218000  1435.09202
0.01220000  1434.894292
0.01222000  1434.6965639999999
0.01224000  1434.498836
0.01226000  1434.3011079999999
0.01228000  1434.10338
0.01230000  1433.905652
0.01232000  1433.707924
0.01234000  1433.510196
0.01236000  1433.3124679999999
0.01238000  1433.11474
0.01240000  1432.9170119999999
0.01242000  1432.719284
0.01244000  1432.521556
0.01246000  1432.323828
0.01248000  1432.1261
0.01250000  1431.9283719999999
0.01252000  1431.730644
0.01254000  1431.532916
0.01256000  1431.335188
0.01258000  1431.13746
0.01260000  1430.939732
0.01262000  1430.742004
0.01264000  1430.5442759999999
0.01266000  1430.346548
0.01268000  1430.14882
0.01270000  1429.951092
0.01272000  1429.753364
0.01274000  1429.555636
0.01276000  1429.357908
0.01278000  1429.1601799999999
0.01280000  1428.962452
0.01282000  1428.764724
0.01284000  1428.566996
0.01286000  1428.369268
0.01288000  1428.17154
0.01290000  1427.973812
0.01292000  1427.7760839999999
0.01294000  1427.578356
0.01296000  1427.380628
0.01298000  1427.1829
0.01300000  1426.985172
0.01302000  1426.787444
0.01304000  1426.589716
0.01306000  1426.3919879999999
0.01308000  1426.19426
0.01310000  1425.996532
0.01312000  1425.798804
0.01314000  1425.601076
0.01316000  1425.403348
0.01318000  1425.20562
0.01320000  1425.0078919999999
0.01322000  1424.810164
0.01324000  1424.612436
0.01326000  1424.414708
0.01328000  1424.21698
0.01330000  1424.019252
0.01332000  1423.821524
0.01334000  1423.6237959999999
0.01336000  1423.426068
0.01338000  1423.22834
0.01340000  1423.030612
0.01342000  1422.832884
0.01344000  1422.635156
0.01346000  1422.437428
0.01348000  1422.2396999999999
0.01350000  1422.041972
0.01352000  1421.844244
0.01354000  1421.646516
0.01356000  1421.448788
0.01358000  1421.25106
0.01360000  1421.053332
0.01362000  1420.8556039999999
0.01364000  1420.657876
0.01366000  1420.460148
0.01368000  1420.26242
0.01370000  1420.064692
0.01372000  1419.8669639999998
0.01374000  1419.669236
0.01376000  1419.4715079999999
0.01378000  1419.27378
0.01380000  1419.076052
0.01382000  1418.878324
0.01384000  1418.680596
0.01386000  1418.482868
0.01388000  1418.28514
0.01390000  1418.0874119999999
0.01392000  1417.889684
0.01394000  1417.691956
0.01396000  1417.494228
0.01398000  1417.2965
0.01400000  1417.0987719999998
0.01402000  1416.901044
0.01404000  1416.7033159999999
0.01406000  1416.505588
0.01408000  1416.30786
0.01410000  1416.110132
0.01412000  1415.912404
0.01414000  1415.714676
0.01416000  1415.516948
0.01418000  1415.3192199999999
0.01420000  1415.121492
0.01422000  1414.923764
0.01424000  1414.726036
0.01426000  1414.528308
0.01428000  1414.3305799999998
0.01430000  1414.132852
0.01432000  1413.9351239999999
0.01434000  1413.737396
0.01436000  1413.539668
0.01438000  1413.34194
0.01440000  1413.144212
0.01442000  1412.946484
0.01444000  1412.748756
0.01446000  1412.5510279999999
0.01448000  1412.3533
0.01450000  1412.155572
0.01452000  1411.957844
0.01454000  1411.760116
0.01456000  1411.5623879999998
0.01458000  1411.36466
0.01460000  1411.1669319999999
0.01462000  1410.969204
0.01464000  1410.771476
0.01466000  1410.573748
0.01468000  1410.37602
0.01470000  1410.178292
0.01472000  1409.980564
0.01474000  1409.7828359999999
0.01476000  1409.585108
0.01478000  1409.38738
0.01480000  1409.189652
0.01482000  1408.991924
0.01484000  1408.7941959999998
0.01486000  1408.596468
0.01488000  1408.3987399999999
0.01490000  1408.201012
0.01492000  1408.003284
0.01494000  1407.805556
0.01496000  1407.607828
0.01498000  1407.4101
0.01500000  1407.212372
0.01502000  1407.0146439999999
0.01504000  1406.816916
0.01506000  1406.619188
0.01508000  1406.42146
0.01510000  1406.223732
0.01512000  1406.0260039999998
0.01514000  1405.828276
0.01516000  1405.6305479999999
0.01518000  1405.43282
0.01520000  1405.235092
0.01522000  1405.037364
0.01524000  1404.839636
0.01526000  1404.641908
0.01528000  1404.44418
0.01530000  1404.2464519999999
0.01532000  1404.048724
0.01534000  1403.850996
0.01536000  1403.653268
0.01538000  1403.45554
0.01540000  1403.2578119999998
0.01542000  1403.060084
0.01544000  1402.8623559999999
0.01546000  1402.664628
0.01548000  1402.4669
0.01550000  1402.269172
0.01552000  1402.071444
0.01554000  1401.873716
0.01556000  1401.675988
0.01558000  1401.4782599999999
0.01560000  1401.280532
0.01562000  1401.082804
0.01564000  1400.885076
0.01566000  1400.687348
0.01568000  1400.4896199999998
0.01570000  1400.291892
0.01572000  1400.0941639999999
0.01574000  1399.896436
0.01576000  1399.698708
0.01578000  1399.50098
0.01580000  1399.303252
0.01582000  1399.105524
0.01584000  1398.907796
0.01586000  1398.7100679999999
0.01588000  1398.51234
0.01590000  1398.314612
0.01592000  1398.116884
0.01594000  1397.919156
0.01596000  1397.7214279999998
0.01598000  1397.5237
0.01600000  1397.3259719999999
0.01602000  1397.128244
0.01604000  1396.930516
0.01606000  1396.732788
0.01608000  1396.53506
0.01610000  1396.337332
0.01612000  1396.139604
0.01614000  1395.9418759999999
0.01616000  1395.744148
0.01618000  1395.54642
0.01620000  1395.348692
0.01622000  1395.150964
0.01624000  1394.9532359999998
0.01626000  1394.755508
0.01628000  1394.5577799999999
0.01630000  1394.360052
0.01632000  1394.162324
0.01634000  1393.964596
0.01636000  1393.766868
0.01638000  1393.56914
0.01640000  1393.371412
0.01642000  1393.1736839999999
0.01644000  1392.975956
0.01646000  1392.778228
0.01648000  1392.5805
0.01650000  1392.382772
0.01652000  1392.1850439999998
0.01654000  1391.987316
0.01656000  1391.7895879999999
0.01658000  1391.59186
0.01660000  1391.394132
0.01662000  1391.196404
0.01664000  1390.998676
0.01666000  1390.800948
0.01668000  1390.60322
0.01670000  1390.4054919999999
0.01672000  1390.207764
0.01674000  1390.010036
0.01676000  1389.812308
0.01678000  1389.61458
0.01680000  1389.4168519999998
0.01682000  1389.219124
0.01684000  1389.0213959999999
0.01686000  1388.823668
0.01688000  1388.62594
0.01690000  1388.428212
0.01692000  1388.230484
0.01694000  1388.032756
0.01696000  1387.835028
0.01698000  1387.6372999999999
0.01700000  1387.439572
0.01702000  1387.241844
0.01704000  1387.044116
0.01706000  1386.846388
0.01708000  1386.6486599999998
0.01710000  1386.450932
0.01712000  1386.2532039999999
0.01714000  1386.055476
0.01716000  1385.857748
0.01718000  1385.66002
0.01720000  1385.462292
0.01722000  1385.264564
0.01724000  1385.066836
0.01726000  1384.8691079999999
0.01728000  1384.67138
0.01730000  1384.473652
0.01732000  1384.275924
0.01734000  1384.078196
0.01736000  1383.8804679999998
0.01738000  1383.68274
0.01740000  1383.4850119999999
0.01742000  1383.287284
0.01744000  1383.089556
0.01746000  1382.891828
0.01748000  1382.6941
0.01750000  1382.496372
0.01752000  1382.298644
0.01754000  1382.1009159999999
0.01756000  1381.903188
0.01758000  1381.70546
0.01760000  1381.507732
0.01762000  1381.310004
0.01764000  1381.1122759999998
0.01766000  1380.914548
0.01768000  1380.7168199999999
0.01770000  1380.519092
0.01772000  1380.321364
0.01774000  1380.123636
0.01776000  1379.925908
0.01778000  1379.72818
0.01780000  1379.530452
0.01782000  1379.3327239999999
0.01784000  1379.134996
0.01786000  1378.937268
0.01788000  1378.73954
0.01790000  1378.541812
0.01792000  1378.3440839999998
0.01794000  1378.146356
0.01796000  1377.9486279999999
0.01798000  1377.7509
0.01800000  1377.553172
0.01802000  1377.355444
0.01804000  1377.157716
0.01806000  1376.959988
0.01808000  1376.76226
0.01810000  1376.5645319999999
0.01812000  1376.366804
0.01814000  1376.169076
0.01816000  1375.971348
0.01818000  1375.77362
0.01820000  1375.5758919999998
0.01822000  1375.378164
0.01824000  1375.1804359999999
0.01826000  1374.982708
0.01828000  1374.78498
0.01830000  1374.587252
0.01832000  1374.389524
0.01834000  1374.191796
0.01836000  1373.994068
0.01838000  1373.7963399999999
0.01840000  1373.598612
0.01842000  1373.400884
0.01844000  1373.203156
0.01846000  1373.005428
0.01848000  1372.8076999999998
0.01850000  1372.609972
0.01852000  1372.4122439999999
0.01854000  1372.214516
0.01856000  1372.016788
0.01858000  1371.81906
0.01860000  1371.621332
0.01862000  1371.423604
0.01864000  1371.225876
0.01866000  1371.0281479999999
0.01868000  1370.83042
0.01870000  1370.632692
0.01872000  1370.434964
0.01874000  1370.237236
0.01876000  1370.0395079999998
0.01878000  1369.84178
0.01880000  1369.6440519999999
0.01882000  1369.446324
0.01884000  1369.248596
0.01886000  1369.050868
0.01888000  1368.85314
0.01890000  1368.6554119999998
0.01892000  1368.457684
0.01894000  1368.2599559999999
0.01896000  1368.062228
0.01898000  1367.8645
0.01900000  1367.666772
0.01902000  1367.469044
0.01904000  1367.2713159999998
0.01906000  1367.073588
0.01908000  1366.8758599999999
0.01910000  1366.678132
0.01912000  1366.480404
0.01914000  1366.282676
0.01916000  1366.084948
0.01918000  1365.8872199999998
0.01920000  1365.689492
0.01922000  1365.4917639999999
0.01924000  1365.294036
0.01926000  1365.096308
0.01928000  1364.89858
0.01930000  1364.700852
0.01932000  1364.5031239999998
0.01934000  1364.305396
0.01936000  1364.1076679999999
0.01938000  1363.90994
0.01940000  1363.712212
0.01942000  1363.514484
0.01944000  1363.316756
0.01946000  1363.1190279999998
0.01948000  1362.9213
0.01950000  1362.7235719999999
0.01952000  1362.525844
0.01954000  1362.328116
0.01956000  1362.130388
0.01958000  1361.93266
0.01960000  1361.7349319999998
0.01962000  1361.537204
0.01964000  1361.3394759999999
0.01966000  1361.141748
0.01968000  1360.94402
0.01970000  1360.746292
0.01972000  1360.548564
0.01974000  1360.3508359999998
0.01976000  1360.153108
0.01978000  1359.9553799999999
0.01980000  1359.757652
0.01982000  1359.559924
0.01984000  1359.362196
0.01986000  1359.164468
0.01988000  1358.9667399999998
0.01990000  1358.769012
0.01992000  1358.5712839999999
0.01994000  1358.373556
0.01996000  1358.175828
0.01998000  1357.9780999999998
0.02000000  1357.780372
0.02002000  1356.277027
0.02004000  1354.889209
0.02006000  1353.609842
0.02008000  1352.42513
0.02010000  1351.252172
0.02012000  1349.850949
0.02014000  1347.970116
0.02016000  1345.439675
0.02018000  1342.06056
0.02020000  1337.612924
0.02022000  1331.565069
0.02024000  1322.328369
0.02026000  1307.948662
0.02028000  1285.977795
0.02030000  1252.979308
0.02032000  1204.272149
0.02034000  1134.220711
0.02036000  1037.802068
0.02038000  917.21808
0.02040000  788.765436
0.02042000  663.753411
0.02044000  541.061138
0.02046000  413.638714
0.02048000  279.980917
0.02050000  163.639913
0.02052000  92.890147
0.02054000  57.029184
0.02056000  41.092269
0.02058000  35.823373
0.02060000  39.228987
0.02062000  54.181952
0.02064000  88.735178
0.02066000  154.531223
0.02068000  256.150751
0.02070000  389.723421
0.02072000  545.508001
0.02074000  709.991083
0.02076000  870.026619
0.02078000  1014.595734
0.02080000  1135.903601
0.02082000  1231.589545
0.02084000  1304.071166
0.02086000  1357.942076
0.02088000  1397.797618
0.02090000  1427.386269
0.02092000  1449.516379
0.02094000  1466.209797
0.02096000  1478.906658
0.02098000  1488.643985
0.02100000  1496.164912
0.02102000  1502.006935
0.02104000  1506.566858
0.02106000  1510.136661
0.02108000  1512.937707
0.02110000  1515.141683
0.02112000  1516.879522
0.02114000  1518.24983
0.02116000  1519.329443
0.02118000  1520.178023
0.02120000  1520.842976
0.02122000  1521.360132
0.02124000  1521.760823
0.02126000  1522.068362
0.02128000  1522.301063
0.02130000  1522.476118
0.02132000  1522.606839
0.02134000  1522.703649
0.02136000  1522.775991
0.02138000  1522.833283
0.02140000  1522.882109
0.02142000  1522.923413
0.02144000  1522.960956
0.02146000  1522.994738
0.02148000  1523.027577
0.02150000  1523.060409
0.02152000  1523.093237
0.02154000  1523.126997
0.02156000  1523.161689
0.02158000  1523.197312
0.02160000  1523.234803
0.02162000  1523.272287
0.02164000  1523.310701
0.02166000  1523.349108
0.02168000  1523.388443
0.02170000  1523.428707
0.02172000  1523.468027
0.02174000  1523.508275
0.02176000  1523.548515
0.02178000  1523.588747
0.02180000  1523.629907
0.02182000  1523.670122
0.02184000  1523.710329
0.02186000  1523.750529
0.02188000  1523.79072
0.02190000  1523.830903
0.02192000  1523.871078
0.02194000  1523.911245
0.02196000  1523.951404
0.02198000  1523.990621
0.02200000  1524.030763
0.02202000  1524.069965
0.02204000  1524.109158
0.02206000  1524.148344
0.02208000  1524.187522
0.02210000  1524.226693
0.02212000  1524.265856
0.02214000  1524.304079
0.02216000  1524.343226
0.02218000  1524.381434
0.02220000  1524.419635
0.02222000  1524.457828
0.02224000  1524.496014
0.02226000  1524.534193
0.02228000  1524.571433
0.02230000  1524.609597
0.02232000  1524.646823
0.02234000  1524.684042
0.02236000  1524.721254
0.02238000  1524.758459
0.02240000  1524.795658
0.02242000  1524.832849
0.02244000  1524.869104
0.02246000  1524.906281
0.02248000  1524.942522
0.02250000  1524.978757
0.02252000  1525.014985
0.02254000  1525.051206
0.02256000  1525.087421
0.02258000  1525.123629
0.02260000  1525.158902
0.02262000  1525.195097
0.02264000  1525.230357
0.02266000  1525.265612
0.02268000  1525.300859
0.02270000  1525.336101
0.02272000  1525.371336
0.02274000  1525.406565
0.02276000  1525.440861
0.02278000  1525.475151
0.02280000  1525.510362
0.02282000  1525.544639
0.02284000  1525.578911
0.02286000  1525.613177
0.02288000  1525.647437
0.02290000  1525.680765
0.02292000  1525.715013
0.02294000  1525.749256
0.02296000  1525.782567
0.02298000  1525.815872
0.02300000  1525.849172
0.02302000  1525.6514439999999
0.02304000  1525.453716
0.02306000  1525.255988
0.02308000  1525.05826
0.02310000  1524.860532
0.02312000  1524.662804
0.02314000  1524.465076
0.02316000  1524.2673479999999
0.02318000  1524.06962
0.02320000  1523.871892
0.02322000  1523.674164
0.02324000  1523.476436
0.02326000  1523.278708
0.02328000  1523.08098
0.02330000  1522.8832519999999
0.02332000  1522.685524
0.02334000  1522.487796
0.02336000  1522.290068
0.02338000  1522.09234
0.02340000  1521.894612
0.02342000  1521.696884
0.02344000  1521.4991559999999
0.02346000  1521.301428
0.02348000  1521.1037
0.02350000  1520.905972
0.02352000  1520.708244
0.02354000  1520.510516
0.02356000  1520.312788
0.02358000  1520.1150599999999
0.02360000  1519.917332
0.02362000  1519.719604
0.02364000  1519.521876
0.02366000  1519.324148
0.02368000  1519.12642
0.02370000  1518.928692
0.02372000  1518.7309639999999
0.02374000  1518.533236
0.02376000  1518.335508
0.02378000  1518.13778
0.02380000  1517.940052
0.02382000  1517.742324
0.02384000  1517.544596
0.02386000  1517.3468679999999
0.02388000  1517.14914
0.02390000  1516.951412
0.02392000  1516.753684
0.02394000  1516.555956
0.02396000  1516.358228
0.02398000  1516.1605
0.02400000  1515.9627719999999
0.02402000  1515.765044
0.02404000  1515.567316
0.02406000  1515.369588
0.02408000  1515.17186
0.02410000  1514.974132
0.02412000  1514.776404
0.02414000  1514.5786759999999
0.02416000  1514.380948
0.02418000  1514.18322
0.02420000  1513.985492
0.02422000  1513.787764
0.02424000  1513.590036
0.02426000  1513.392308
0.02428000  1513.1945799999999
0.02430000  1512.996852
0.02432000  1512.799124
0.02434000  1512.601396
0.02436000  1512.403668
0.02438000  1512.20594
0.02440000  1512.008212
0.02442000  1511.8104839999999
0.02444000  1511.612756
0.02446000  1511.415028
0.02448000  1511.2173
0.02450000  1511.019572
0.02452000  1510.821844
0.02454000  1510.624116
0.02456000  1510.4263879999999
0.02458000  1510.22866
0.02460000  1510.030932
0.02462000  1509.833204
0.02464000  1509.635476
0.02466000  1509.437748
0.02468000  1509.24002
0.02470000  1509.0422919999999
0.02472000  1508.844564
0.02474000  1508.646836
0.02476000  1508.449108
0.02478000  1508.25138
0.02480000  1508.053652
0.02482000  1507.855924
0.02484000  1507.6581959999999
0.02486000  1507.460468
0.02488000  1507.26274
0.02490000  1507.065012
0.02492000  1506.867284
0.02494000  1506.669556
0.02496000  1506.471828
0.02498000  1506.2740999999999
0.02500000  1506.076372
0.02502000  1505.878644
0.02504000  1505.680916
0.02506000  1505.483188
0.02508000  1505.28546
0.02510000  1505.087732
0.02512000  1504.8900039999999
0.02514000  1504.692276
0.02516000  1504.494548
0.02518000  1504.29682
0.02520000  1504.099092
0.02522000  1503.901364
0.02524000  1503.703636
0.02526000  1503.5059079999999
0.02528000  1503.30818
0.02530000  1503.110452
0.02532000  1502.912724
0.02534000  1502.714996
0.02536000  1502.517268
0.02538000  1502.31954
0.02540000  1502.1218119999999
0.02542000  1501.924084
0.02544000  1501.726356
0.02546000  1501.528628
0.02548000  1501.3309
0.02550000  1501.133172
0.02552000  1500.935444
0.02554000  1500.7377159999999
0.02556000  1500.539988
0.02558000  1500.34226
0.02560000  1500.144532
0.02562000  1499.946804
0.02564000  1499.749076
0.02566000  1499.551348
0.02568000  1499.3536199999999
0.02570000  1499.155892
0.02572000  1498.958164
0.02574000  1498.760436
0.02576000  1498.562708
0.02578000  1498.36498
0.02580000  1498.167252
0.02582000  1497.9695239999999
0.02584000  1497.771796
0.02586000  1497.574068
0.02588000  1497.37634
0.02590000  1497.178612
0.02592000  1496.980884
0.02594000  1496.783156
0.02596000  1496.5854279999999
0.02598000  1496.3877
0.02600000  1496.189972
0.02602000  1495.992244
0.02604000  1495.794516
0.02606000  1495.596788
0.02608000  1495.39906
0.02610000  1495.2013319999999
0.02612000  1495.003604
0.02614000  1494.805876
0.02616000  1494.608148
0.02618000  1494.41042
0.02620000  1494.212692
0.02622000  1494.014964
0.02624000  1493.8172359999999
0.02626000  1493.619508
0.02628000  1493.42178
0.02630000  1493.224052
0.02632000  1493.026324
0.02634000  1492.8285959999998
0.02636000  1492.630868
0.02638000  1492.4331399999999
0.02640000  1492.235412
0.02642000  1492.037684
0.02644000  1491.839956
0.02646000  1491.642228
0.02648000  1491.4445
0.02650000  1491.246772
0.02652000  1491.0490439999999
0.02654000  1490.851316
0.02656000  1490.653588
0.02658000  1490.45586
0.02660000  1490.258132
0.02662000  1490.0604039999998
0.02664000  1489.862676
0.02666000  1489.6649479999999
0.02668000  1489.46722
0.02670000  1489.269492
0.02672000  1489.071764
0.02674000  1488.874036
0.02676000  1488.676308
0.02678000  1488.47858
0.02680000  1488.2808519999999
0.02682000  1488.083124
0.02684000  1487.885396
0.02686000  1487.687668
0.02688000  1487.48994
0.02690000  1487.2922119999998
0.02692000  1487.094484
0.02694000  1486.8967559999999
0.02696000  1486.699028
0.02698000  1486.5013
0.02700000  1486.303572
0.02702000  1486.105844
0.02704000  1485.908116
0.02706000  1485.710388
0.02708000  1485.5126599999999
0.02710000  1485.314932
0.02712000  1485.117204
0.02714000  1484.919476
0.02716000  1484.721748
0.02718000  1484.5240199999998
0.02720000  1484.326292
0.02722000  1484.1285639999999
0.02724000  1483.930836
0.02726000  1483.733108
0.02728000  1483.53538
0.02730000  1483.337652
0.02732000  1483.139924
0.02734000  1482.942196
0.02736000  1482.7444679999999
0.02738000  1482.54674
0.02740000  1482.349012
0.02742000  1482.151284
0.02744000  1481.953556
0.02746000  1481.7558279999998
0.02748000  1481.5581
0.02750000  1481.3603719999999
0.02752000  1481.162644
0.02754000  1480.964916
0.02756000  1480.767188
0.02758000  1480.56946
0.02760000  1480.371732
0.02762000  1480.174004
0.02764000  1479.9762759999999
0.02766000  1479.778548
0.02768000  1479.58082
0.02770000  1479.383092
0.02772000  1479.185364
0.02774000  1478.9876359999998
0.02776000  1478.789908
0.02778000  1478.5921799999999
0.02780000  1478.394452
0.02782000  1478.196724
0.02784000  1477.998996
0.02786000  1477.801268
0.02788000  1477.60354
0.02790000  1477.405812
0.02792000  1477.2080839999999
0.02794000  1477.010356
0.02796000  1476.812628
0.02798000  1476.6149
0.02800000  1476.417172
0.02802000  1476.2194439999998
0.02804000  1476.021716
0.02806000  1475.8239879999999
0.02808000  1475.62626
0.02810000  1475.428532
0.02812000  1475.230804
0.02814000  1475.033076
0.02816000  1474.8353479999998
0.02818000  1474.63762
0.02820000  1474.4398919999999
0.02822000  1474.242164
0.02824000  1474.044436
0.02826000  1473.846708
0.02828000  1473.64898
0.02830000  1473.4512519999998
0.02832000  1473.253524
0.02834000  1473.0557959999999
0.02836000  1472.858068
0.02838000  1472.66034
0.02840000  1472.462612
0.02842000  1472.264884
0.02844000  1472.0671559999998
0.02846000  1471.869428
0.02848000  1471.6716999999999
0.02850000  1471.473972
0.02852000  1471.276244
0.02854000  1471.078516
0.02856000  1470.880788
0.02858000  1470.6830599999998
0.02860000  1470.485332
0.02862000  1470.2876039999999
0.02864000  1470.089876
0.02866000  1469.892148
0.02868000  1469.69442
0.02870000  1469.496692
0.02872000  1469.2989639999998
0.02874000  1469.101236
0.02876000  1468.9035079999999
0.02878000  1468.70578
0.02880000  1468.508052
0.02882000  1468.310324
0.02884000  1468.112596
0.02886000  1467.9148679999998
0.02888000  1467.71714
0.02890000  1467.5194119999999
0.02892000  1467.321684
0.02894000  1467.123956
0.02896000  1466.926228
0.02898000  1466.7285
0.02900000  1466.5307719999998
0.02902000  1466.333044
0.02904000  1466.1353159999999
0.02906000  1465.937588
0.02908000  1465.73986
0.02910000  1465.542132
0.02912000  1465.344404
0.02914000  1465.1466759999998
0.02916000  1464.948948
0.02918000  1464.7512199999999
0.02920000  1464.553492
0.02922000  1464.355764
0.02924000  1464.158036
0.02926000  1463.960308
0.02928000  1463.7625799999998
0.02930000  1463.564852
0.02932000  1463.3671239999999
0.02934000  1463.169396
0.02936000  1462.971668
0.02938000  1462.77394
0.02940000  1462.576212
0.02942000  1462.3784839999998
0.02944000  1462.180756
0.02946000  1461.9830279999999
0.02948000  1461.7853
0.02950000  1461.587572
0.02952000  1461.389844
0.02954000  1461.192116
0.02956000  1460.9943879999998
0.02958000  1460.79666
0.02960000  1460.5989319999999
0.02962000  1460.401204
0.02964000  1460.203476
0.02966000  1460.005748
0.02968000  1459.80802
0.02970000  1459.6102919999998
0.02972000  1459.412564
0.02974000  1459.2148359999999
0.02976000  1459.017108
0.02978000  1458.81938
0.02980000  1458.621652
0.02982000  1458.423924
0.02984000  1458.2261959999998
0.02986000  1458.028468
0.02988000  1457.8307399999999
0.02990000  1457.633012
0.02992000  1457.435284
0.02994000  1457.237556
0.02996000  1457.039828
0.02998000  1456.8420999999998
0.03000000  1456.644372
0.03002000  1456.4466439999999
0.03004000  1456.248916
0.03006000  1456.051188
0.03008000  1455.85346
0.03010000  1455.655732
0.03012000  1455.4580039999998
0.03014000  1455.260276
0.03016000  1455.0625479999999
0.03018000  1454.86482
0.03020000  1454.667092
0.03022000  1454.469364
0.03024000  1454.271636
0.03026000  1454.0739079999998
0.03028000  1453.87618
0.03030000  1453.6784519999999
0.03032000  1453.480724
0.03034000  1453.282996
0.03036000  1453.085268
0.03038000  1452.88754
0.03040000  1452.6898119999998
0.03042000  1452.492084
0.03044000  1452.2943559999999
0.03046000  1452.096628
0.03048000  1451.8989
0.03050000  1451.701172
0.03052000  1451.503444
0.03054000  1451.3057159999998
0.03056000  1451.107988
0.03058000  1450.9102599999999
0.03060000  1450.712532
0.03062000  1450.514804
0.03064000  1450.317076
0.03066000  1450.119348
0.03068000  1449.9216199999998
0.03070000  1449.723892
0.03072000  1449.5261639999999
0.03074000  1449.328436
0.03076000  1449.130708
0.03078000  1448.93298
0.03080000  1448.735252
0.03082000  1448.5375239999998
0.03084000  1448.339796
0.03086000  1448.1420679999999
0.03088000  1447.94434
0.03090000  1447.746612
0.03092000  1447.548884
0.03094000  1447.351156
0.03096000  1447.1534279999998
0.03098000  1446.9557
0.03100000  1446.7579719999999
0.03102000  1446.560244
0.03104000  1446.362516
0.03106000  1446.164788
0.03108000  1445.96706
0.03110000  1445.7693319999998
0.03112000  1445.571604
0.03114000  1445.3738759999999
0.03116000  1445.176148
0.03118000  1444.97842
0.03120000  1444.780692
0.03122000  1444.582964
0.03124000  1444.3852359999998
0.03126000  1444.187508
0.03128000  1443.9897799999999
0.03130000  1443.792052
0.03132000  1443.594324
0.03134000  1443.396596
0.03136000  1443.198868
0.03138000  1443.0011399999999
0.03140000  1442.803412
0.03142000  1442.6056839999999
0.03144000  1442.407956
0.03146000  1442.210228
0.03148000  1442.0125
0.03150000  1441.814772
0.03152000  1441.6170439999999
0.03154000  1441.419316
0.03156000  1441.2215879999999
0.03158000  1441.02386
0.03160000  1440.826132
0.03162000  1440.628404
0.03164000  1440.430676
0.03166000  1440.2329479999999
0.03168000  1440.03522
0.03170000  1439.8374919999999
0.03172000  1439.639764
0.03174000  1439.442036
0.03176000  1439.244308
0.03178000  1439.04658
0.03180000  1438.8488519999999
0.03182000  1438.651124
0.03184000  1438.4533959999999
0.03186000  1438.255668
0.03188000  1438.05794
0.03190000  1437.860212
0.03192000  1437.662484
0.03194000  1437.4647559999999
0.03196000  1437.267028
0.03198000  1437.0692999999999
0.03200000  1436.871572
0.03202000  1436.673844
0.03204000  1436.476116
0.03206000  1436.278388
0.03208000  1436.0806599999999
0.03210000  1435.882932
0.03212000  1435.6852039999999
0.03214000  1435.487476
0.03216000  1435.289748
0.03218000  1435.09202
0.03220000  1434.894292
0.03222000  1434.6965639999999
0.03224000  1434.498836
0.03226000  1434.3011079999999
0.03228000  1434.10338
0.03230000  1433.905652
0.03232000  1433.707924
0.03234000  1433.510196
0.03236000  1433.3124679999999
0.03238000  1433.11474
0.03240000  1432.9170119999999
0.03242000  1432.719284
0.03244000  1432.521556
0.03246000  1432.323828
0.03248000  1432.1261
0.03250000  1431.9283719999999
0.03252000  1431.730644
0.03254000  1431.532916
0.03256000  1431.335188
0.03258000  1431.13746
0.03260000  1430.939732
0.03262000  1430.742004
0.03264000  1430.5442759999999
0.03266000  1430.346548
0.03268000  1430.14882
0.03270000  1429.951092
0.03272000  1429.753364
0.03274000  1429.555636
0.03276000  1429.357908
0.03278000  1429.1601799999999
0.03280000  1428.962452
0.03282000  1428.764724
0.03284000  1428.566996
0.03286000  1428.369268
0.03288000  1428.17154
0.03290000  1427.973812
0.03292000  1427.7760839999999
0.03294000  1427.578356
0.03296000  1427.380628
0.03298000  1427.1829
0.03300000  1426.985172
0.03302000  1426.787444
0.03304000  1426.589716
0.03306000  1426.3919879999999
0.03308000  1426.19426
0.03310000  1425.996532
0.03312000  1425.798804
0.03314000  1425.601076
0.03316000  1425.403348
0.03318000  1425.20562
0.03320000  1425.0078919999999
0.03322000  1424.810164
0.03324000  1424.612436
0.03326000  1424.414708
0.03328000  1424.21698
0.03330000  1424.019252
0.03332000  1423.821524
0.03334000  1423.6237959999999
0.03336000  1423.426068
0.03338000  1423.22834
0.03340000  1423.030612
0.03342000  1422.832884
0.03344000  1422.635156
0.03346000  1422.437428
0.03348000  1422.2396999999999
0.03350000  1422.041972
0.03352000  1421.844244
0.03354000  1421.646516
0.03356000  1421.448788
0.03358000  1421.25106
0.03360000  1421.053332
0.03362000  1420.8556039999999
0.03364000  1420.657876
0.03366000  1420.460148
0.03368000  1420.26242
0.03370000  1420.064692
0.03372000  1419.8669639999998
0.03374000  1419.669236
0.03376000  1419.4715079999999
0.03378000  1419.27378
0.03380000  1419.076052
0.03382000  1418.878324
0.03384000  1418.680596
0.03386000  1418.482868
0.03388000  1418.28514
0.03390000  1418.0874119999999
0.03392000  1417.889684
0.03394000  1417.691956
0.03396000  1417.494228
0.03398000  1417.2965
0.03400000  1417.0987719999998
0.03402000  1416.901044
0.03404000  1416.7033159999999
0.03406000  1416.505588
0.03408000  1416.30786
0.03410000  1416.110132
0.03412000  1415.912404
0.03414000  1415.714676
0.03416000  1415.516948
0.03418000  1415.3192199999999
0.03420000  1415.121492
0.03422000  1414.923764
0.03424000  1414.726036
0.03426000  1414.528308
0.03428000  1414.3305799999998
0.03430000  1414.132852
0.03432000  1413.9351239999999
0.03434000  1413.737396
0.03436000  1413.539668
0.03438000  1413.34194
0.03440000  1413.144212
0.03442000  1412.946484
0.03444000  1412.748756
0.03446000  1412.5510279999999
0.03448000  1412.3533
0.03450000  1412.155572
0.03452000  1411.957844
0.03454000  1411.760116
0.03456000  1411.5623879999998
0.03458000  1411.36466
0.03460000  1411.1669319999999
0.03462000  1410.969204
0.03464000  1410.771476
0.03466000  1410.573748
0.03468000  1410.37602
0.03470000  1410.178292
0.03472000  1409.980564
0.03474000  1409.7828359999999
0.03476000  1409.585108
0.03478000  1409.38738
0.03480000  1409.189652
0.03482000  1408.991924
0.03484000  1408.7941959999998
0.03486000  1408.596468
0.03488000  1408.3987399999999
0.03490000  1408.201012
0.03492000  1408.003284
0.03494000  1407.805556
0.03496000  1407.607828
0.03498000  1407.4101
0.03500000  1407.212372
0.03502000  1407.0146439999999
0.03504000  1406.816916
0.03506000  1406.619188
0.03508000  1406.42146
0.03510000  1406.223732
0.03512000  1406.0260039999998
0.03514000  1405.828276
0.03516000  1405.6305479999999
0.03518000  1405.43282
0.03520000  1405.235092
0.03522000  1405.037364
0.03524000  1404.839636
0.03526000  1404.641908
0.03528000  1404.44418
0.03530000  1404.2464519999999
0.03532000  1404.048724
0.03534000  1403.850996
0.03536000  1403.653268
0.03538000  1403.45554
0.03540000  1403.2578119999998
0.03542000  1403.060084
0.03544000  1402.8623559999999
0.03546000  1402.664628
0.03548000  1402.4669
0.03550000  1402.269172
0.03552000  1402.071444
0.03554000  1401.873716
0.03556000  1401.675988
0.03558000  1401.4782599999999
0.03560000  1401.280532
0.03562000  1401.082804
0.03564000  1400.885076
0.03566000  1400.687348
0.03568000  1400.4896199999998
0.03570000  1400.291892
0.03572000  1400.0941639999999
0.03574000  1399.896436
0.03576000  1399.698708
0.03578000  1399.50098
0.03580000  1399.303252
0.03582000  1399.105524
0.03584000  1398.907796
0.03586000  1398.7100679999999
0.03588000  1398.51234
0.03590000  1398.314612
0.03592000  1398.116884
0.03594000  1397.919156
0.03596000  1397.7214279999998
0.03598000  1397.5237
0.03600000  1397.3259719999999
0.03602000  1397.128244
0.03604000  1396.930516
0.03606000  1396.732788
0.03608000  1396.53506
0.03610000  1396.337332
0.03612000  1396.139604
0.03614000  1395.9418759999999
0.03616000  1395.744148
0.03618000  1395.54642
0.03620000  1395.348692
0.03622000  1395.150964
0.03624000  1394.9532359999998
0.03626000  1394.755508
0.03628000  1394.5577799999999
0.03630000  1394.360052
0.03632000  1394.162324
0.03634000  1393.964596
0.03636000  1393.766868
0.03638000  1393.56914
0.03640000  1393.371412
0.03642000  1393.1736839999999
0.03644000  1392.975956
0.03646000  1392.778228
0.03648000  1392.5805
0.03650000  1392.382772
0.03652000  1392.1850439999998
0.03654000  1391.987316
0.03656000  1391.7895879999999
0.03658000  1391.59186
0.03660000  1391.394132
0.03662000  1391.196404
0.03664000  1390.998676
0.03666000  1390.800948
0.03668000  1390.60322
0.03670000  1390.4054919999999
0.03672000  1390.207764
0.03674000  1390.010036
0.03676000  1389.812308
0.03678000  1389.61458
0.03680000  1389.4168519999998
0.03682000  1389.219124
0.03684000  1389.0213959999999
0.03686000  1388.823668
0.03688000  1388.62594
0.03690000  1388.428212
0.03692000  1388.230484
0.03694000  1388.032756
0.03696000  1387.835028
0.03698000  1387.6372999999999
0.03700000  1387.439572
0.03702000  1387.241844
0.03704000  1387.044116
0.03706000  1386.846388
0.03708000  1386.6486599999998
0.03710000  1386.450932
0.03712000  1386.2532039999999
0.03714000  1386.055476
0.03716000  1385.857748
0.03718000  1385.66002
0.03720000  1385.462292
0.03722000  1385.264564
0.03724000  1385.066836
0.03726000  1384.8691079999999
0.03728000  1384.67138
0.03730000  1384.473652
0.03732000  1384.275924
0.03734000  1384.078196
0.03736000  1383.8804679999998
0.03738000  1383.68274
0.03740000  1383.4850119999999
0.03742000  1383.287284
0.03744000  1383.089556
0.03746000  1382.891828
0.03748000  1382.6941
0.03750000  1382.496372
0.03752000  1382.298644
0.03754000  1382.1009159999999
0.03756000  1381.903188
0.03758000  1381.70546
0.03760000  1381.507732
0.03762000  1381.310004
0.03764000  1381.1122759999998
0.03766000  1380.914548
0.03768000  1380.7168199999999
0.03770000  1380.519092
0.03772000  1380.321364
0.03774000  1380.123636
0.03776000  1379.925908
0.03778000  1379.72818
0.03780000  1379.530452
0.03782000  1379.3327239999999
0.03784000  1379.134996
0.03786000  1378.937268
0.03788000  1378.73954
0.03790000  1378.541812
0.03792000  1378.3440839999998
0.03794000  1378.146356
0.03796000  1377.9486279999999
0.03798000  1377.7509
0.03800000  1377.553172
0.03802000  1377.355444
0.03804000  1377.157716
0.03806000  1376.959988
0.03808000  1376.76226
0.03810000  1376.5645319999999
0.03812000  1376.366804
0.03814000  1376.169076
0.03816000  1375.971348
0.03818000  1375.77362
0.03820000  1375.5758919999998
0.03822000  1375.378164
0.03824000  1375.1804359999999
0.03826000  1374.982708
0.03828000  1374.78498
0.03830000  1374.587252
0.03832000  1374.389524
0.03834000  1374.191796
0.03836000  1373.994068
0.03838000  1373.7963399999999
0.03840000  1373.598612
0.03842000  1373.400884
0.03844000  1373.203156
0.03846000  1373.005428
0.03848000  1372.8076999999998
0.03850000  1372.609972
0.03852000  1372.4122439999999
0.03854000  1372.214516
0.03856000  1372.016788
0.03858000  1371.81906
0.03860000  1371.621332
0.03862000  1371.423604
0.03864000  1371.225876
0.03866000  1371.0281479999999
0.03868000  1370.83042
0.03870000  1370.632692
0.03872000  1370.434964
0.03874000  1370.237236
0.03876000  1370.0395079999998
0.03878000  1369.84178
0.03880000  1369.6440519999999
0.03882000  1369.446324
0.03884000  1369.248596
0.03886000  1369.050868
0.03888000  1368.85314
0.03890000  1368.6554119999998
0.03892000  1368.457684
0.03894000  1368.2599559999999
0.03896000  1368.062228
0.03898000  1367.8645
0.03900000  1367.666772
0.03902000  1367.469044
0.03904000  1367.2713159999998
0.03906000  1367.073588
0.03908000  1366.8758599999999
0.03910000  1366.678132
0.03912000  1366.480404
0.03914000  1366.282676
0.03916000  1366.084948
0.03918000  1365.8872199999998
0.03920000  1365.689492
0.03922000  1365.4917639999999
0.03924000  1365.294036
0.03926000  1365.096308
0.03928000  1364.89858
0.03930000  1364.700852
0.03932000  1364.5031239999998
0.03934000  1364.305396
0.03936000  1364.1076679999999
0.03938000  1363.90994
0.03940000  1363.712212
0.03942000  1363.514484
0.03944000  1363.316756
0.03946000  1363.1190279999998
0.03948000  1362.9213
0.03950000  1362.7235719999999
0.03952000  1362.525844
0.03954000  1362.328116
0.03956000  1362.130388
0.03958000  1361.93266
0.03960000  1361.7349319999998
0.03962000  1361.537204
0.03964000  1361.3394759999999
0.03966000  1361.141748
0.03968000  1360.94402
0.03970000  1360.746292
0.03972000  1360.548564
0.03974000  1360.3508359999998
0.03976000  1360.153108
0.03978000  1359.9553799999999
0.03980000  1359.757652
0.03982000  1359.559924
0.03984000  1359.362196
0.03986000  1359.164468
0.03988000  1358.9667399999998
0.03990000  1358.769012
0.03992000  1358.5712839999999
0.03994000  1358.373556
0.03996000  1358.175828
0.03998000  1357.9780999999998
0.04000000  1357.780372
0.04002000  1356.277027
0.04004000  1354.889209
0.04006000  1353.609842
0.04008000  1352.42513
0.04010000  1351.252172
0.04012000  1349.850949
0.04014000  1347.970116
0.04016000  1345.439675
0.04018000  1342.06056
0.04020000  1337.612924
0.04022000  1331.565069
0.04024000  1322.328369
0.04026000  1307.948662
0.04028000  1285.977795
0.04030000  1252.979308
0.04032000  1204.272149
0.04034000  1134.220711
0.04036000  1037.802068
0.04038000  917.21808
0.04040000  788.765436
0.04042000  663.753411
0.04044000  541.061138
0.04046000  413.638714
0.04048000  279.980917
0.04050000  163.639913
0.04052000  92.890147
0.04054000  57.029184
0.04056000  41.092269
0.04058000  35.823373
0.04060000  39.228987
0.04062000  54.181952
0.04064000  88.735178
0.04066000  154.531223
0.04068000  256.150751
0.04070000  389.723421
0.04072000  545.508001
0.04074000  709.991083
0.04076000  870.026619
0.04078000  1014.595734
0.04080000  1135.903601
0.04082000  1231.589545
0.04084000  1304.071166
0.04086000  1357.942076
0.04088000  1397.797618
0.04090000  1427.386269
0.04092000  1449.516379
0.04094000  1466.209797
0.04096000  1478.906658
0.04098000  1488.643985
0.04100000  1496.164912
0.04102000  1502.006935
0.04104000  1506.566858
0.04106000  1510.136661
0.04108000  1512.937707
0.04110000  1515.141683
0.04112000  1516.879522
0.04114000  1518.24983
0.04116000  1519.329443
0.04118000  1520.178023
0.04120000  1520.842976
0.04122000  1521.360132
0.04124000  1521.760823
0.04126000  1522.068362
0.04128000  1522.301063
0.04130000  1522.476118
0.04132000  1522.606839
0.04134000  1522.703649
0.04136000  1522.775991
0.04138000  1522.833283
0.04140000  1522.882109
0.04142000  1522.923413
0.04144000  1522.960956
0.04146000  1522.994738
0.04148000  1523.027577
0.04150000  1523.060409
0.04152000  1523.093237
0.04154000  1523.126997
0.04156000  1523.161689
0.04158000  1523.197312
0.04160000  1523.234803
0.04162000  1523.272287
0.04164000  1523.310701
0.04166000  1523.349108
0.04168000  1523.388443
0.04170000  1523.428707
0.04172000  1523.468027
0.04174000  1523.508275
0.04176000  1523.548515
0.04178000  1523.588747
0.04180000  1523.629907
0.04182000  1523.670122
0.04184000  1523.710329
0.04186000  1523.750529
0.04188000  1523.79072
0.04190000  1523.830903
0.04192000  1523.871078
0.04194000  1523.911245
0.04196000  1523.951404
0.04198000  1523.990621
0.04200000  1524.030763
0.04202000  1524.069965
0.04204000  1524.109158
0.04206000  1524.148344
0.04208000  1524.187522
0.04210000  1524.226693
0.04212000  1524.265856
0.04214000  1524.304079
0.04216000  1524.343226
0.04218000  1524.381434
0.04220000  1524.419635
0.04222000  1524.457828
0.04224000  1524.496014
0.04226000  1524.534193
0.04228000  1524.571433
0.04230000  1524.609597
0.04232000  1524.646823
0.04234000  1524.684042
0.04236000  1524.721254
0.04238000  1524.758459
0.04240000  1524.795658
0.04242000  1524.832849
0.04244000  1524.869104
0.04246000  1524.906281
0.04248000  1524.942522
0.04250000  1524.978757
0.04252000  1525.014985
0.04254000  1525.051206
0.04256000  1525.087421
0.04258000  1525.123629
0.04260000  1525.158902
0.04262000  1525.195097
0.04264000  1525.230357
0.04266000  1525.265612
0.04268000  1525.300859
0.04270000  1525.336101
0.04272000  1525.371336
0.04274000  1525.406565
0.04276000  1525.440861
0.04278000  1525.475151
0.04280000  1525.510362
0.04282000  1525.544639
0.04284000  1525.578911
0.04286000  1525.613177
0.04288000  1525.647437
0.04290000  1525.680765
0.04292000  1525.715013
0.04294000  1525.749256
0.04296000  1525.782567
0.04298000  1525.815872
0.04300000  1525.849172
0.04302000  1525.6514439999999
0.04304000  1525.453716
0.04306000  1525.255988
0.04308000  1525.05826
0.04310000  1524.860532
0.04312000  1524.662804
0.04314000  1524.465076
0.04316000  1524.2673479999999
0.04318000  1524.06962
0.04320000  1523.871892
0.04322000  1523.674164
0.04324000  1523.476436
0.04326000  1523.278708
0.04328000  1523.08098
0.04330000  1522.8832519999999
0.04332000  1522.685524
0.04334000  1522.487796
0.04336000  1522.290068
0.04338000  1522.09234
0.04340000  1521.894612
0.04342000  1521.696884
0.04344000  1521.4991559999999
0.04346000  1521.301428
0.04348000  1521.1037
0.04350000  1520.905972
0.04352000  1520.708244
0.04354000  1520.510516
0.04356000  1520.312788
0.04358000  1520.1150599999999
0.04360000  1519.917332
0.04362000  1519.719604
0.04364000  1519.521876
0.04366000  1519.324148
0.04368000  1519.12642
0.04370000  1518.928692
0.04372000  1518.7309639999999
0.04374000  1518.533236
0.04376000  1518.335508
0.04378000  1518.13778
0.04380000  1517.940052
0.04382000  1517.742324
0.04384000  1517.544596
0.04386000  1517.3468679999999
0.04388000  1517.14914
0.04390000  1516.951412
0.04392000  1516.753684
0.04394000  1516.555956
0.04396000  1516.358228
0.04398000  1516.1605
0.04400000  1515.9627719999999
0.04402000  1515.765044
0.04404000  1515.567316
0.04406000  1515.369588
0.04408000  1515.17186
0.04410000  1514.974132
0.04412000  1514.776404
0.04414000  1514.5786759999999
0.04416000  1514.380948
0.04418000  1514.18322
0.04420000  1513.985492
0.04422000  1513.787764
0.04424000  1513.590036
0.04426000  1513.392308
0.04428000  1513.1945799999999
0.04430000  1512.996852
0.04432000  1512.799124
0.04434000  1512.601396
0.04436000  1512.403668
0.04438000  1512.20594
0.04440000  1512.008212
0.04442000  1511.8104839999999
0.04444000  1511.612756
0.04446000  1511.415028
0.04448000  1511.2173
0.04450000  1511.019572
0.04452000  1510.821844
0.04454000  1510.624116
0.04456000  1510.4263879999999
0.04458000  1510.22866
0.04460000  1510.030932
0.04462000  1509.833204
0.04464000  1509.635476
0.04466000  1509.437748
0.04468000  1509.24002
0.04470000  1509.0422919999999
0.04472000  1508.844564
0.04474000  1508.646836
0.04476000  1508.449108
0.04478000  1508.25138
0.04480000  1508.053652
0.04482000  1507.855924
0.04484000  1507.6581959999999
0.04486000  1507.460468
0.04488000  1507.26274
0.04490000  1507.065012
0.04492000  1506.867284
0.04494000  1506.669556
0.04496000  1506.471828
0.04498000  1506.2740999999999
0.04500000  1506.076372
0.04502000  1505.878644
0.04504000  1505.680916
0.04506000  1505.483188
0.04508000  1505.28546
0.04510000  1505.087732
0.04512000  1504.8900039999999
0.04514000  1504.692276
0.04516000  1504.494548
0.04518000  1504.29682
0.04520000  1504.099092
0.04522000  1503.901364
0.04524000  1503.703636
0.04526000  1503.5059079999999
0.04528000  1503.30818
0.04530000  1503.110452
0.04532000  1502.912724
0.04534000  1502.714996
0.04536000  1502.517268
0.04538000  1502.31954
0.04540000  1502.1218119999999
0.04542000  1501.924084
0.04544000  1501.726356
0.04546000  1501.528628
0.04548000  1501.3309
0.04550000  1501.133172
0.04552000  1500.935444
0.04554000  1500.7377159999999
0.04556000  1500.539988
0.04558000  1500.34226
0.04560000  1500.144532
0.04562000  1499.946804
0.04564000  1499.749076
0.04566000  1499.551348
0.04568000  1499.3536199999999
0.04570000  1499.155892
0.04572000  1498.958164
0.04574000  1498.760436
0.04576000  1498.562708
0.04578000  1498.36498
0.04580000  1498.167252
0.04582000  1497.9695239999999
0.04584000  1497.771796
0.04586000  1497.574068
0.04588000  1497.37634
0.04590000  1497.178612
0.04592000  1496.980884
0.04594000  1496.783156
0.04596000  1496.5854279999999
0.04598000  1496.3877
0.04600000  1496.189972
0.04602000  1495.992244
0.04604000  1495.794516
0.04606000  1495.596788
0.04608000  1495.39906
0.04610000  1495.2013319999999
0.04612000  1495.003604
0.04614000  1494.805876
0.04616000  1494.608148
0.04618000  1494.41042
0.04620000  1494.212692
0.04622000  1494.014964
0.04624000  1493.8172359999999
0.04626000  1493.619508
0.04628000  1493.42178
0.04630000  1493.224052
0.04632000  1493.026324
0.04634000  1492.8285959999998
0.04636000  1492.630868
0.04638000  1492.4331399999999
0.04640000  1492.235412
0.04642000  1492.037684
0.04644000  1491.839956
0.04646000  1491.642228
0.04648000  1491.4445
0.04650000  1491.246772
0.04652000  1491.0490439999999
0.04654000  1490.851316
0.04656000  1490.653588
0.04658000  1490.45586
0.04660000  1490.258132
0.04662000  1490.0604039999998
0.04664000  1489.862676
0.04666000  1489.6649479999999
0.04668000  1489.46722
0.04670000  1489.269492
0.04672000  1489.071764
0.04674000  1488.874036
0.04676000  1488.676308
0.04678000  1488.47858
0.04680000  1488.2808519999999
0.04682000  1488.083124
0.04684000  1487.885396
0.04686000  1487.687668
0.04688000  1487.48994
0.04690000  1487.2922119999998
0.04692000  1487.094484
0.04694000  1486.8967559999999
0.04696000  1486.699028
0.04698000  1486.5013
0.04700000  1486.303572
0.04702000  1486.105844
0.04704000  1485.908116
0.04706000  1485.710388
0.04708000  1485.5126599999999
0.04710000  1485.314932
0.04712000  1485.117204
0.04714000  1484.919476
0.04716000  1484.721748
0.04718000  1484.5240199999998
0.04720000  1484.326292
0.04722000  1484.1285639999999
0.04724000  1483.930836
0.04726000  1483.733108
0.04728000  1483.53538
0.04730000  1483.337652
0.04732000  1483.139924
0.04734000  1482.942196
0.04736000  1482.7444679999999
0.04738000  1482.54674
0.04740000  1482.349012
0.04742000  1482.151284
0.04744000  1481.953556
0.04746000  1481.7558279999998
0.04748000  1481.5581
0.04750000  1481.3603719999999
0.04752000  1481.162644
0.04754000  1480.964916
0.04756000  1480.767188
0.04758000  1480.56946
0.04760000  1480.371732
0.04762000  1480.174004
0.04764000  1479.9762759999999
0.04766000  1479.778548
0.04768000  1479.58082
0.04770000  1479.383092
0.04772000  1479.185364
0.04774000  1478.9876359999998
0.04776000  1478.789908
0.04778000  1478.5921799999999
0.04780000  1478.394452
0.04782000  1478.196724
0.04784000  1477.998996
0.04786000  1477.801268
0.04788000  1477.60354
0.04790000  1477.405812
0.04792000  1477.2080839999999
0.04794000  1477.010356
0.04796000  1476.812628
0.04798000  1476.6149
0.04800000  1476.417172
0.04802000  1476.2194439999998
0.04804000  1476.021716
0.04806000  1475.8239879999999
0.04808000  1475.62626
0.04810000  1475.428532
0.04812000  1475.230804
0.04814000  1475.033076
0.04816000  1474.8353479999998
0.04818000  1474.63762
0.04820000  1474.4398919999999
0.04822000  1474.242164
0.04824000  1474.044436
0.04826000  1473.846708
0.04828000  1473.64898
0.04830000  1473.4512519999998
0.04832000  1473.253524
0.04834000  1473.0557959999999
0.04836000  1472.858068
0.04838000  1472.66034
0.04840000  1472.462612
0.04842000  1472.264884
0.04844000  1472.0671559999998
0.04846000  1471.869428
0.04848000  1471.6716999999999
0.04850000  1471.473972
0.04852000  1471.276244
0.04854000  1471.078516
0.04856000  1470.880788
0.04858000  1470.6830599999998
0.04860000  1470.485332
0.04862000  1470.2876039999999
0.04864000  1470.089876
0.04866000  1469.892148
0.04868000  1469.69442
0.04870000  1469.496692
0.04872000  1469.2989639999998
0.04874000  1469.101236
0.04876000  1468.9035079999999
0.04878000  1468.70578
0.04880000  1468.508052
0.04882000  1468.310324
0.04884000  1468.112596
0.04886000  1467.9148679999998
0.04888000  1467.71714
0.04890000  1467.5194119999999
0.04892000  1467.321684
0.04894000  1467.123956
0.04896000  1466.926228
0.04898000  1466.7285
0.04900000  1466.5307719999998
0.04902000  1466.333044
0.04904000  1466.1353159999999
0.04906000  1465.937588
0.04908000  1465.73986
0.04910000  1465.542132
0.04912000  1465.344404
0.04914000  1465.1466759999998
0.04916000  1464.948948
0.04918000  1464.7512199999999
0.04920000  1464.553492
0.04922000  1464.355764
0.04924000  1464.158036
0.04926000  1463.960308
0.04928000  1463.7625799999998
0.04930000  1463.564852
0.04932000  1463.3671239999999
0.04934000  1463.169396
0.04936000  1462.971668
0.04938000  1462.77394
0.04940000  1462.576212
0.04942000  1462.3784839999998
0.04944000  1462.180756
0.04946000  1461.9830279999999
0.04948000  1461.7853
0.04950000  1461.587572
0.04952000  1461.389844
0.04954000  1461.192116
0.04956000  1460.9943879999998
0.04958000  1460.79666
0.04960000  1460.5989319999999
0.04962000  1460.401204
0.04964000  1460.203476
0.04966000  1460.005748
0.04968000  1459.80802
0.04970000  1459.6102919999998
0.04972000  1459.412564
0.04974000  1459.2148359999999
0.04976000  1459.017108
0.04978000  1458.81938
0.04980000  1458.621652
0.04982000  1458.423924
0.04984000  1458.2261959999998
0.04986000  1458.028468
0.04988000  1457.8307399999999
0.04990000  1457.633012
0.04992000  1457.435284
0.04994000  1457.237556
0.04996000  1457.039828
0.04998000  1456.8420999999998
0.05000000  1456.644372
0.05002000  1456.4466439999999
0.05004000  1456.248916
0.05006000  1456.051188
0.05008000  1455.85346
0.05010000  1455.655732
0.05012000  1455.4580039999998
0.05014000  1455.260276
0.05016000  1455.0625479999999
0.05018000  1454.86482
0.05020000  1454.667092
0.05022000  1454.469364
0.05024000  1454.271636
0.05026000  1454.0739079999998
0.05028000  1453.87618
0.05030000  1453.6784519999999
0.05032000  1453.480724
0.05034000  1453.282996
0.05036000  1453.085268
0.05038000  1452.88754
0.05040000  1452.6898119999998
0.05042000  1452.492084
0.05044000  1452.2943559999999
0.05046000  1452.096628
0.05048000  1451.8989
0.05050000  1451.701172
0.05052000  1451.503444
0.05054000  1451.3057159999998
0.05056000  1451.107988
0.05058000  1450.9102599999999
0.05060000  1450.712532
0.05062000  1450.514804
0.05064000  1450.317076
0.05066000  1450.119348
0.05068000  1449.9216199999998
0.05070000  1449.723892
0.05072000  1449.5261639999999
0.05074000  1449.328436
0.05076000  1449.130708
0.05078000  1448.93298
0.05080000  1448.735252
0.05082000  1448.5375239999998
0.05084000  1448.339796
0.05086000  1448.1420679999999
0.05088000  1447.94434
0.05090000  1447.746612
0.05092000  1447.548884
0.05094000  1447.351156
0.05096000  1447.1534279999998
0.05098000  1446.9557
0.05100000  1446.7579719999999
0.05102000  1446.560244
0.05104000  1446.362516
0.05106000  1446.164788
0.05108000  1445.96706
0.05110000  1445.7693319999998
0.05112000  1445.571604
0.05114000  1445.3738759999999
0.05116000  1445.176148
0.05118000  1444.97842
0.05120000  1444.780692
0.05122000  1444.582964
0.05124000  1444.3852359999998
0.05126000  1444.187508
0.05128000  1443.9897799999999
0.05130000  1443.792052
0.05132000  1443.594324
0.05134000  1443.396596
0.05136000  1443.198868
0.05138000  1443.0011399999999
0.05140000  1442.803412
0.05142000  1442.6056839999999
0.05144000  1442.407956
0.05146000  1442.210228
0.05148000  1442.0125
0.05150000  1441.814772
0.05152000  1441.6170439999999
0.05154000  1441.419316
0.05156000  1441.2215879999999
0.05158000  1441.02386
0.05160000  1440.826132
0.05162000  1440.628404
0.05164000  1440.430676
0.05166000  1440.2329479999999
0.05168000  1440.03522
0.05170000  1439.8374919999999
0.05172000  1439.639764
0.05174000  1439.442036
0.05176000  1439.244308
0.05178000  1439.04658
0.05180000  1438.8488519999999
0.05182000  1438.651124
0.05184000  1438.4533959999999
0.05186000  1438.255668
0.05188000  1438.05794
0.05190000  1437.860212
0.05192000  1437.662484
0.05194000  1437.4647559999999
0.05196000  1437.267028
0.05198000  1437.0692999999999
0.05200000  1436.871572
0.05202000  1436.673844
0.05204000  1436.476116
0.05206000  1436.278388
0.05208000  1436.0806599999999
0.05210000  1435.882932
0.05212000  1435.6852039999999
0.05214000  1435.487476
0.05216000  1435.289748
0.05218000  1435.09202
0.05220000  1434.894292
0.05222000  1434.6965639999999
0.05224000  1434.498836
0.05226000  1434.3011079999999
0.05228000  1434.10338
0.05230000  1433.905652
0.05232000  1433.707924
0.05234000  1433.510196
0.05236000  1433.3124679999999
0.05238000  1433.11474
0.05240000  1432.9170119999999
0.05242000  1432.719284
0.05244000  1432.521556
0.05246000  1432.323828
0.05248000  1432.1261
0.05250000  1431.9283719999999
0.05252000  1431.730644
0.05254000  1431.532916
0.05256000  1431.335188
0.05258000  1431.13746
0.05260000  1430.939732
0.05262000  1430.742004
0.05264000  1430.5442759999999
0.05266000  1430.346548
0.05268000  1430.14882
0.05270000  1429.951092
0.05272000  1429.753364
0.05274000  1429.555636
0.05276000  1429.357908
0.05278000  1429.1601799999999
0.05280000  1428.962452
0.05282000  1428.764724
0.05284000  1428.566996
0.05286000  1428.369268
0.05288000  1428.17154
0.05290000  1427.973812
0.05292000  1427.7760839999999
0.05294000  1427.578356
0.05296000  1427.380628
0.05298000  1427.1829
0.05300000  1426.985172
0.05302000  1426.787444
0.05304000  1426.589716
0.05306000  1426.3919879999999
0.05308000  1426.19426
0.05310000  1425.996532
0.05312000  1425.798804
0.05314000  1425.601076
0.05316000  1425.403348
0.05318000  1425.20562
0.05320000  1425.0078919999999
0.05322000  1424.810164
0.05324000  1424.612436
0.05326000  1424.414708
0.05328000  1424.21698
0.05330000  1424.019252
0.05332000  1423.821524
0.05334000  1423.6237959999999
0.05336000  1423.426068
0.05338000  1423.22834
0.05340000  1423.030612
0.05342000  1422.832884
0.05344000  1422.635156
0.05346000  1422.437428
0.05348000  1422.2396999999999
0.05350000  1422.041972
0.05352000  1421.844244
0.05354000  1421.646516
0.05356000  1421.448788
0.05358000  1421.25106
0.05360000  1421.053332
0.05362000  1420.8556039999999
0.05364000  1420.657876
0.05366000  1420.460148
0.05368000  1420.26242
0.05370000  1420.064692
0.05372000  1419.8669639999998
0.05374000  1419.669236
0.05376000  1419.4715079999999
0.05378000  1419.27378
0.05380000  1419.076052
0.05382000  1418.878324
0.05384000  1418.680596
0.05386000  1418.482868
0.05388000  1418.28514
0.05390000  1418.0874119999999
0.05392000  1417.889684
0.05394000  1417.691956
0.05396000  1417.494228
0.05398000  1417.2965
0.05400000  1417.0987719999998
0.05402000  1416.901044
0.05404000  1416.7033159999999
0.05406000  1416.505588
0.05408000  1416.30786
0.05410000  1416.110132
0.05412000  1415.912404
0.05414000  1415.714676
0.05416000  1415.516948
0.05418000  1415.3192199999999
0.05420000  1415.121492
0.05422000  1414.923764
0.05424000  1414.726036
0.05426000  1414.528308
0.05428000  1414.3305799999998
0.05430000  1414.132852
0.05432000  1413.9351239999999
0.05434000  1413.737396
0.05436000  1413.539668
0.05438000  1413.34194
0.05440000  1413.144212
0.05442000  1412.946484
0.05444000  1412.748756
0.05446000  1412.5510279999999
0.05448000  1412.3533
0.05450000  1412.155572
0.05452000  1411.957844
0.05454000  1411.760116
0.05456000  1411.5623879999998
0.05458000  1411.36466
0.05460000  1411.1669319999999
0.05462000  1410.969204
0.05464000  1410.771476
0.05466000  1410.573748
0.05468000  1410.37602
0.05470000  1410.178292
0.05472000  1409.980564
0.05474000  1409.7828359999999
0.05476000  1409.585108
0.05478000  1409.38738
0.05480000  1409.189652
0.05482000  1408.991924
0.05484000  1408.7941959999998
0.05486000  1408.596468
0.05488000  1408.3987399999999
0.05490000  1408.201012
0.05492000  1408.003284
0.05494000  1407.805556
0.05496000  1407.607828
0.05498000  1407.4101
0.05500000  1407.212372
0.05502000  1407.0146439999999
0.05504000  1406.816916
0.05506000  1406.619188
0.05508000  1406.42146
0.05510000  1406.223732
0.05512000  1406.0260039999998
0.05514000  1405.828276
0.05516000  1405.6305479999999
0.05518000  1405.43282
0.05520000  1405.235092
0.05522000  1405.037364
0.05524000  1404.839636
0.05526000  1404.641908
0.05528000  1404.44418
0.05530000  1404.2464519999999
0.05532000  1404.048724
0.05534000  1403.850996
0.05536000  1403.653268
0.05538000  1403.45554
0.05540000  1403.2578119999998
0.05542000  1403.060084
0.05544000  1402.8623559999999
0.05546000  1402.664628
0.05548000  1402.4669
0.05550000  1402.269172
0.05552000  1402.071444
0.05554000  1401.873716
0.05556000  1401.675988
0.05558000  1401.4782599999999
0.05560000  1401.280532
0.05562000  1401.082804
0.05564000  1400.885076
0.05566000  1400.687348
0.05568000  1400.4896199999998
0.05570000  1400.291892
0.05572000  1400.0941639999999
0.05574000  1399.896436
0.05576000  1399.698708
0.05578000  1399.50098
0.05580000  1399.303252
0.05582000  1399.105524
0.05584000  1398.907796
0.05586000  1398.7100679999999
0.05588000  1398.51234
0.05590000  1398.314612
0.05592000  1398.116884
0.05594000  1397.919156
0.05596000  1397.7214279999998
0.05598000  1397.5237
0.05600000  1397.3259719999999
0.05602000  1397.128244
0.05604000  1396.930516
0.05606000  1396.732788
0.05608000  1396.53506
0.05610000  1396.337332
0.05612000  1396.139604
0.05614000  1395.9418759999999
0.05616000  1395.744148
0.05618000  1395.54642
0.05620000  1395.348692
0.05622000  1395.150964
0.05624000  1394.9532359999998
0.05626000  1394.755508
0.05628000  1394.5577799999999
0.05630000  1394.360052
0.05632000  1394.162324
0.05634000  1393.964596
0.05636000  1393.766868
0.05638000  1393.56914
0.05640000  1393.371412
0.05642000  1393.1736839999999
0.05644000  1392.975956
0.05646000  1392.778228
0.05648000  1392.5805
0.05650000  1392.382772
0.05652000  1392.1850439999998
0.05654000  1391.987316
0.05656000  1391.7895879999999
0.05658000  1391.59186
0.05660000  1391.394132
0.05662000  1391.196404
0.05664000  1390.998676
0.05666000  1390.800948
0.05668000  1390.60322
0.05670000  1390.4054919999999
0.05672000  1390.207764
0.05674000  1390.010036
0.05676000  1389.812308
0.05678000  1389.61458
0.05680000  1389.4168519999998
0.05682000  1389.219124
0.05684000  1389.0213959999999
0.05686000  1388.823668
0.05688000  1388.62594
0.05690000  1388.428212
0.05692000  1388.230484
0.05694000  1388.032756
0.05696000  1387.835028
0.05698000  1387.6372999999999
0.05700000  1387.439572
0.05702000  1387.241844
0.05704000  1387.044116
0.05706000  1386.846388
0.05708000  1386.6486599999998
0.05710000  1386.450932
0.05712000  1386.2532039999999
0.05714000  1386.055476
0.05716000  1385.857748
0.05718000  1385.66002
0.05720000  1385.462292
0.05722000  1385.264564
0.05724000  1385.066836
0.05726000  1384.8691079999999
0.05728000  1384.67138
0.05730000  1384.473652
0.05732000  1384.275924
0.05734000  1384.078196
0.05736000  1383.8804679999998
0.05738000  1383.68274
0.05740000  1383.4850119999999
0.05742000  1383.287284
0.05744000  1383.089556
0.05746000  1382.891828
0.05748000  1382.6941
0.05750000  1382.496372
0.05752000  1382.298644
0.05754000  1382.1009159999999
0.05756000  1381.903188
0.05758000  1381.70546
0.05760000  1381.507732
0.05762000  1381.310004
0.05764000  1381.1122759999998
0.05766000  1380.914548
0.05768000  1380.7168199999999
0.05770000  1380.519092
0.05772000  1380.321364
0.05774000  1380.123636
0.05776000  1379.925908
0.05778000  1379.72818
0.05780000  1379.530452
0.05782000  1379.3327239999999
0.05784000  1379.134996
0.05786000  1378.937268
0.05788000  1378.73954
0.05790000  1378.541812
0.05792000  1378.3440839999998
0.05794000  1378.146356
0.05796000  1377.9486279999999
0.05798000  1377.7509
0.05800000  1377.553172
0.05802000  1377.355444
0.05804000  1377.157716
0.05806000  1376.959988
0.05808000  1376.76226
0.05810000  1376.5645319999999
0.05812000  1376.366804
0.05814000  1376.169076
0.05816000  1375.971348
0.05818000  1375.77362
0.05820000  1375.5758919999998
0.05822000  1375.378164
0.05824000  1375.1804359999999
0.05826000  1374.982708
0.05828000  1374.78498
0.05830000  1374.587252
0.05832000  1374.389524
0.05834000  1374.191796
0.05836000  1373.994068
0.05838000  1373.7963399999999
0.05840000  1373.598612
0.05842000  1373.400884
0.05844000  1373.203156
0.05846000  1373.005428
0.05848000  1372.8076999999998
0.05850000  1372.609972
0.05852000  1372.4122439999999
0.05854000  1372.214516
0.05856000  1372.016788
0.05858000  1371.81906
0.05860000  1371.621332
0.05862000  1371.423604
0.05864000  1371.225876
0.05866000  1371.0281479999999
0.05868000  1370.83042
0.05870000  1370.632692
0.05872000  1370.434964
0.05874000  1370.237236
0.05876000  1370.0395079999998
0.05878000  1369.84178
0.05880000  1369.6440519999999
0.05882000  1369.446324
0.05884000  1369.248596
0.05886000  1369.050868
0.05888000  1368.85314
0.05890000  1368.6554119999998
0.05892000  1368.457684
0.05894000  1368.2599559999999
0.05896000  1368.062228
0.05898000  1367.8645
0.05900000  1367.666772
0.05902000  1367.469044
0.05904000  1367.2713159999998
0.05906000  1367.073588
0.05908000  1366.8758599999999
0.05910000  1366.678132
0.05912000  1366.480404
0.05914000  1366.282676
0.05916000  1366.084948
0.05918000  1365.8872199999998
0.05920000  1365.689492
0.05922000  1365.4917639999999
0.05924000  1365.294036
0.05926000  1365.096308
0.05928000  1364.89858
0.05930000  1364.700852
0.05932000  1364.5031239999998
0.05934000  1364.305396
0.05936000  1364.1076679999999
0.05938000  1363.90994
0.05940000  1363.712212
0.05942000  1363.514484
0.05944000  1363.316756
0.05946000  1363.1190279999998
0.05948000  1362.9213
0.05950000  1362.7235719999999
0.05952000  1362.525844
0.05954000  1362.328116
0.05956000  1362.130388
0.05958000  1361.93266
0.05960000  1361.7349319999998
0.05962000  1361.537204
0.05964000  1361.3394759999999
0.05966000  1361.141748
0.05968000  1360.94402
0.05970000  1360.746292
0.05972000  1360.548564
0.05974000  1360.3508359999998
0.05976000  1360.153108
0.05978000  1359.9553799999999
0.05980000  1359.757652
0.05982000  1359.559924
0.05984000  1359.362196
0.05986000  1359.164468
0.05988000  1358.9667399999998
0.05990000  1358.769012
0.05992000  1358.5712839999999
0.05994000  1358.373556
0.05996000  1358.175828
0.05998000  1357.9780999999998
0.06000000  1357.780372
0.06002000  1356.277027
0.06004000  1354.889209
0.06006000  1353.609842
0.06008000  1352.42513
0.06010000  1351.252172
0.06012000  1349.850949
0.06014000  1347.970116
0.06016000  1345.439675
0.06018000  1342.06056
0.06020000  1337.612924
0.06022000  1331.565069
0.06024000  1322.328369
0.06026000  1307.948662
0.06028000  1285.977795
0.06030000  1252.979308
0.06032000  1204.272149
0.06034000  1134.220711
0.06036000  1037.802068
0.06038000  917.21808
0.06040000  788.765436
0.06042000  663.753411
0.06044000  541.061138
0.06046000  413.638714
0.06048000  279.980917
0.06050000  163.639913
0.06052000  92.890147
0.06054000  57.029184
0.06056000  41.092269
0.06058000  35.823373
0.06060000  39.228987
0.06062000  54.181952
0.06064000  88.735178
0.06066000  154.531223
0.06068000  256.150751
0.06070000  389.723421
0.06072000  545.508001
0.06074000  709.991083
0.06076000  870.026619
0.06078000  1014.595734
0.06080000  1135.903601
0.06082000  1231.589545
0.06084000  1304.071166
0.06086000  1357.942076
0.06088000  1397.797618
0.06090000  1427.386269
0.06092000  1449.516379
0.06094000  1466.209797
0.06096000  1478.906658
0.06098000  1488.643985
0.06100000  1496.164912
0.06102000  1502.006935
0.06104000  1506.566858
0.06106000  1510.136661
0.06108000  1512.937707
0.06110000  1515.141683
0.06112000  1516.879522
0.06114000  1518.24983
0.06116000  1519.329443
0.06118000  1520.178023
0.06120000  1520.842976
0.06122000  1521.360132
0.06124000  1521.760823
0.06126000  1522.068362
0.06128000  1522.301063
0.06130000  1522.476118
0.06132000  1522.606839
0.06134000  1522.703649
0.06136000  1522.775991
0.06138000  1522.833283
0.06140000  1522.882109
0.06142000  1522.923413
0.06144000  1522.960956
0.06146000  1522.994738
0.06148000  1523.027577
0.06150000  1523.060409
0.06152000  1523.093237
0.06154000  1523.126997
0.06156000  1523.161689
0.06158000  1523.197312
0.06160000  1523.234803
0.06162000  1523.272287
0.06164000  1523.310701
0.06166000  1523.349108
0.06168000  1523.388443
0.06170000  1523.428707
0.06172000  1523.468027
0.06174000  1523.508275
0.06176000  1523.548515
0.06178000  1523.588747
0.06180000  1523.629907
0.06182000  1523.670122
0.06184000  1523.710329
0.06186000  1523.750529
0.06188000  1523.79072
0.06190000  1523.830903
0.06192000  1523.871078
0.06194000  1523.911245
0.06196000  1523.951404
0.06198000  1523.990621
0.06200000  1524.030763
0.06202000  1524.069965
0.06204000  1524.109158
0.06206000  1524.148344
0.06208000  1524.187522
0.06210000  1524.226693
0.06212000  1524.265856
0.06214000  1524.304079
0.06216000  1524.343226
0.06218000  1524.381434
0.06220000  1524.419635
0.06222000  1524.457828
0.06224000  1524.496014
0.06226000  1524.534193
0.06228000  1524.571433
0.06230000  1524.609597
0.06232000  1524.646823
0.06234000  1524.684042
0.06236000  1524.721254
0.06238000  1524.758459
0.06240000  1524.795658
0.06242000  1524.832849
0.06244000  1524.869104
0.06246000  1524.906281
0.06248000  1524.942522
0.06250000  1524.978757
0.06252000  1525.014985
0.06254000  1525.051206
0.06256000  1525.087421
0.06258000  1525.123629
0.06260000  1525.158902
0.06262000  1525.195097
0.06264000  1525.230357
0.06266000  1525.265612
0.06268000  1525.300859
0.06270000  1525.336101
0.06272000  1525.371336
0.06274000  1525.406565
0.06276000  1525.440861
0.06278000  1525.475151
0.06280000  1525.510362
0.06282000  1525.544639
0.06284000  1525.578911
0.06286000  1525.613177
0.06288000  1525.647437
0.06290000  1525.680765
0.06292000  1525.715013
0.06294000  1525.749256
0.06296000  1525.782567
0.06298000  1525.815872
0.06300000  1525.849172
