0.00000000  1357.806248
0.00002000  1356.302988
0.00004000  1354.915249
0.00006000  1353.637586
0.00008000  1352.451308
0.00010000  1351.278415
0.00012000  1349.878915
0.00014000  1347.998194
0.00016000  1345.467901
0.00018000  1342.088984
0.00020000  1337.641606
0.00022000  1331.595805
0.00024000  1322.359657
0.00026000  1307.987927
0.00028000  1286.044506
0.00030000  1253.121611
0.00032000  1204.610785
0.00034000  1135.051311
0.00036000  1039.90584
0.00038000  921.724451
0.00040000  795.604026
0.00042000  673.082201
0.00044000  553.155576
0.00046000  427.851474
0.00048000  295.186309
0.00050000  177.857182
0.00052000  104.322361
0.00054000  66.913366
0.00056000  50.933208
0.00058000  47.492408
0.00060000  56.205308
0.00062000  84.577746
0.00064000  150.042379
0.00066000  274.074241
0.00068000  454.466421
0.00070000  660.662894
0.00072000  859.779598
0.00074000  1031.872305
0.00076000  1170.347303
0.00078000  1276.430923
0.00080000  1354.30456
0.00082000  1409.660502
0.00084000  1448.365435
0.00086000  1475.346464
0.00088000  1494.242171
0.00090000  1507.573834
0.00092000  1517.050582
0.00094000  1523.829969
0.00096000  1528.701038
0.00098000  1532.211527
0.00100000  1534.743734
0.00102000  1536.569112
0.00104000  1537.878142
0.00106000  1538.810373
0.00108000  1539.466184
0.00110000  1539.919796
0.00112000  1540.226705
0.00114000  1540.425314
0.00116000  1540.545913
0.00118000  1540.608318
0.00120000  1540.627975
0.00122000  1540.615156
0.00124000  1540.58011
0.00126000  1540.528812
0.00128000  1540.465523
0.00130000  1540.39451
0.00132000  1540.318333
0.00134000  1540.241266
0.00136000  1540.165023
0.00138000  1540.091319
0.00140000  1540.02273
0.00142000  1539.959261
0.00144000  1539.899202
0.00146000  1539.842557
0.00148000  1539.789329
0.00150000  1539.73952
0.00152000  1539.693134
0.00154000  1539.648454
0.00156000  1539.606342
0.00158000  1539.5668
0.00160000  1539.528108
0.00162000  1539.491128
0.00164000  1539.455001
0.00166000  1539.419727
0.00168000  1539.386167
0.00170000  1539.352601
0.00172000  1539.31989
0.00174000  1539.288034
0.00176000  1539.256172
0.00178000  1539.225165
0.00180000  1539.194154
0.00182000  1539.163998
0.00184000  1539.1347
0.00186000  1539.105396
0.00188000  1539.076088
0.00190000  1539.047638
0.00192000  1539.020045
0.00194000  1538.991585
0.00196000  1538.964846
0.00198000  1538.937241
0.00200000  1538.910494
0.00202000  1538.884606
0.00204000  1538.858714
0.00206000  1538.832819
0.00208000  1538.806919
0.00210000  1538.782744
0.00212000  1538.757701
0.00214000  1538.733518
0.00216000  1538.709333
0.00218000  1538.686008
0.00220000  1538.66268
0.00222000  1538.639349
0.00224000  1538.616879
0.00226000  1538.594406
0.00228000  1538.572795
0.00230000  1538.551182
0.00232000  1538.529566
0.00234000  1538.508812
0.00236000  1538.488056
0.00238000  1538.467297
0.00240000  1538.447401
0.00242000  1538.427503
0.00244000  1538.407602
0.00246000  1538.388565
0.00248000  1538.369526
0.00250000  1538.350485
0.00252000  1538.332307
0.00254000  1538.314128
0.00256000  1538.295947
0.00258000  1538.27863
0.00260000  1538.261311
0.00262000  1538.24399
0.00264000  1538.227534
0.00266000  1538.211077
0.00268000  1538.194618
0.00270000  1538.179024
0.00272000  1538.163428
0.00274000  1538.147832
0.00276000  1538.132234
0.00278000  1538.117501
0.00280000  1538.102767
0.00282000  1538.088032
0.00284000  1538.073295
0.00286000  1538.059425
0.00288000  1538.045553
0.00290000  1538.03168
0.00292000  1538.018673
0.00294000  1538.005666
0.00296000  1537.992657
0.00298000  1537.979648
0.00300000  1537.966637
0.00302000  1537.7546836011766
0.00304000  1537.542730202353
0.00306000  1537.3307768035295
0.00308000  1537.1188234047058
0.00310000  1536.9068700058824
0.00312000  1536.6949166070588
0.00314000  1536.4829632082353
0.00316000  1536.2710098094117
0.00318000  1536.0590564105883
0.00320000  1535.8471030117646
0.00322000  1535.6351496129412
0.00324000  1535.4231962141178
0.00326000  1535.211242815294
0.00328000  1534.9992894164707
0.00330000  1534.787336017647
0.00332000  1534.5753826188236
0.00334000  1534.36342922
0.00336000  1534.1514758211765
0.00338000  1533.9395224223529
0.00340000  1533.7275690235294
0.00342000  1533.5156156247058
0.00344000  1533.3036622258824
0.00346000  1533.0917088270587
0.00348000  1532.8797554282353
0.00350000  1532.6678020294119
0.00352000  1532.4558486305882
0.00354000  1532.2438952317648
0.00356000  1532.0319418329411
0.00358000  1531.8199884341177
0.00360000  1531.608035035294
0.00362000  1531.3960816364706
0.00364000  1531.184128237647
0.00366000  1530.9721748388235
0.00368000  1530.76022144
0.00370000  1530.5482680411765
0.00372000  1530.336314642353
0.00374000  1530.1243612435294
0.00376000  1529.912407844706
0.00378000  1529.7004544458823
0.00380000  1529.488501047059
0.00382000  1529.2765476482352
0.00384000  1529.0645942494118
0.00386000  1528.8526408505882
0.00388000  1528.6406874517647
0.00390000  1528.428734052941
0.00392000  1528.2167806541177
0.00394000  1528.004827255294
0.00396000  1527.7928738564706
0.00398000  1527.5809204576472
0.00400000  1527.3689670588235
0.00402000  1527.15701366
0.00404000  1526.9450602611764
0.00406000  1526.733106862353
0.00408000  1526.5211534635293
0.00410000  1526.309200064706
0.00412000  1526.0972466658823
0.00414000  1525.8852932670588
0.00416000  1525.6733398682352
0.00418000  1525.4613864694118
0.00420000  1525.2494330705883
0.00422000  1525.0374796717647
0.00424000  1524.8255262729413
0.00426000  1524.6135728741176
0.00428000  1524.4016194752942
0.00430000  1524.1896660764705
0.00432000  1523.977712677647
0.00434000  1523.7657592788235
0.00436000  1523.55380588
0.00438000  1523.3418524811764
0.00440000  1523.129899082353
0.00442000  1522.9179456835295
0.00444000  1522.7059922847059
0.00446000  1522.4940388858824
0.00448000  1522.2820854870588
0.00450000  1522.0701320882354
0.00452000  1521.8581786894117
0.00454000  1521.6462252905883
0.00456000  1521.4342718917646
0.00458000  1521.2223184929412
0.00460000  1521.0103650941176
0.00462000  1520.7984116952941
0.00464000  1520.5864582964705
0.00466000  1520.374504897647
0.00468000  1520.1625514988236
0.00470000  1519.9505981
0.00472000  1519.7386447011766
0.00474000  1519.526691302353
0.00476000  1519.3147379035295
0.00478000  1519.1027845047058
0.00480000  1518.8908311058824
0.00482000  1518.6788777070587
0.00484000  1518.4669243082353
0.00486000  1518.2549709094117
0.00488000  1518.0430175105882
0.00490000  1517.8310641117648
0.00492000  1517.6191107129412
0.00494000  1517.4071573141177
0.00496000  1517.195203915294
0.00498000  1516.9832505164707
0.00500000  1516.771297117647
0.00502000  1516.5593437188236
0.00504000  1516.34739032
0.00506000  1516.1354369211765
0.00508000  1515.9234835223529
0.00510000  1515.7115301235294
0.00512000  1515.4995767247058
0.00514000  1515.2876233258824
0.00516000  1515.075669927059
0.00518000  1514.8637165282353
0.00520000  1514.6517631294118
0.00522000  1514.4398097305882
0.00524000  1514.2278563317648
0.00526000  1514.0159029329411
0.00528000  1513.8039495341177
0.00530000  1513.591996135294
0.00532000  1513.3800427364706
0.00534000  1513.168089337647
0.00536000  1512.9561359388235
0.00538000  1512.74418254
0.00540000  1512.5322291411765
0.00542000  1512.320275742353
0.00544000  1512.1083223435294
0.00546000  1511.896368944706
0.00548000  1511.6844155458823
0.00550000  1511.4724621470589
0.00552000  1511.2605087482352
0.00554000  1511.0485553494118
0.00556000  1510.8366019505881
0.00558000  1510.6246485517647
0.00560000  1510.412695152941
0.00562000  1510.2007417541176
0.00564000  1509.9887883552942
0.00566000  1509.7768349564706
0.00568000  1509.5648815576471
0.00570000  1509.3529281588235
0.00572000  1509.14097476
0.00574000  1508.9290213611764
0.00576000  1508.717067962353
0.00578000  1508.5051145635293
0.00580000  1508.293161164706
0.00582000  1508.0812077658823
0.00584000  1507.8692543670588
0.00586000  1507.6573009682354
0.00588000  1507.4453475694118
0.00590000  1507.2333941705883
0.00592000  1507.0214407717647
0.00594000  1506.8094873729412
0.00596000  1506.5975339741176
0.00598000  1506.3855805752942
0.00600000  1506.1736271764705
0.00602000  1505.961673777647
0.00604000  1505.7497203788234
0.00606000  1505.53776698
0.00608000  1505.3258135811766
0.00610000  1505.113860182353
0.00612000  1504.9019067835295
0.00614000  1504.6899533847059
0.00616000  1504.4779999858824
0.00618000  1504.2660465870588
0.00620000  1504.0540931882354
0.00622000  1503.8421397894117
0.00624000  1503.6301863905883
0.00626000  1503.4182329917646
0.00628000  1503.2062795929412
0.00630000  1502.9943261941175
0.00632000  1502.7823727952941
0.00634000  1502.5704193964707
0.00636000  1502.358465997647
0.00638000  1502.1465125988236
0.00640000  1501.9345592
0.00642000  1501.7226058011765
0.00644000  1501.510652402353
0.00646000  1501.2986990035295
0.00648000  1501.0867456047058
0.00650000  1500.8747922058824
0.00652000  1500.6628388070587
0.00654000  1500.4508854082353
0.00656000  1500.2389320094119
0.00658000  1500.0269786105882
0.00660000  1499.8150252117648
0.00662000  1499.6030718129412
0.00664000  1499.3911184141177
0.00666000  1499.179165015294
0.00668000  1498.9672116164706
0.00670000  1498.755258217647
0.00672000  1498.5433048188236
0.00674000  1498.33135142
0.00676000  1498.1193980211765
0.00678000  1497.907444622353
0.00680000  1497.6954912235294
0.00682000  1497.483537824706
0.00684000  1497.2715844258823
0.00686000  1497.059631027059
0.00688000  1496.8476776282353
0.00690000  1496.6357242294118
0.00692000  1496.4237708305882
0.00694000  1496.2118174317648
0.00696000  1495.999864032941
0.00698000  1495.7879106341177
0.00700000  1495.575957235294
0.00702000  1495.3640038364706
0.00704000  1495.1520504376472
0.00706000  1494.9400970388235
0.00708000  1494.72814364
0.00710000  1494.5161902411764
0.00712000  1494.304236842353
0.00714000  1494.0922834435294
0.00716000  1493.880330044706
0.00718000  1493.6683766458823
0.00720000  1493.4564232470589
0.00722000  1493.2444698482352
0.00724000  1493.0325164494118
0.00726000  1492.8205630505884
0.00728000  1492.6086096517647
0.00730000  1492.3966562529413
0.00732000  1492.1847028541176
0.00734000  1491.9727494552942
0.00736000  1491.7607960564706
0.00738000  1491.5488426576471
0.00740000  1491.3368892588235
0.00742000  1491.12493586
0.00744000  1490.9129824611764
0.00746000  1490.701029062353
0.00748000  1490.4890756635295
0.00750000  1490.277122264706
0.00752000  1490.0651688658825
0.00754000  1489.8532154670588
0.00756000  1489.6412620682354
0.00758000  1489.4293086694117
0.00760000  1489.2173552705883
0.00762000  1489.0054018717647
0.00764000  1488.7934484729412
0.00766000  1488.5814950741176
0.00768000  1488.3695416752942
0.00770000  1488.1575882764705
0.00772000  1487.945634877647
0.00774000  1487.7336814788237
0.00776000  1487.52172808
0.00778000  1487.3097746811766
0.00780000  1487.097821282353
0.00782000  1486.8858678835295
0.00784000  1486.6739144847058
0.00786000  1486.4619610858824
0.00788000  1486.2500076870588
0.00790000  1486.0380542882353
0.00792000  1485.8261008894117
0.00794000  1485.6141474905883
0.00796000  1485.4021940917646
0.00798000  1485.1902406929412
0.00800000  1484.9782872941178
0.00802000  1484.766333895294
0.00804000  1484.5543804964707
0.00806000  1484.342427097647
0.00808000  1484.1304736988236
0.00810000  1483.9185203
0.00812000  1483.7065669011765
0.00814000  1483.4946135023529
0.00816000  1483.2826601035295
0.00818000  1483.0707067047058
0.00820000  1482.8587533058824
0.00822000  1482.646799907059
0.00824000  1482.4348465082353
0.00826000  1482.2228931094119
0.00828000  1482.0109397105882
0.00830000  1481.7989863117648
0.00832000  1481.5870329129411
0.00834000  1481.3750795141177
0.00836000  1481.163126115294
0.00838000  1480.9511727164706
0.00840000  1480.739219317647
0.00842000  1480.5272659188236
0.00844000  1480.3153125200001
0.00846000  1480.1033591211765
0.00848000  1479.891405722353
0.00850000  1479.6794523235294
0.00852000  1479.467498924706
0.00854000  1479.2555455258823
0.00856000  1479.043592127059
0.00858000  1478.8316387282352
0.00860000  1478.6196853294118
0.00862000  1478.4077319305882
0.00864000  1478.1957785317647
0.00866000  1477.983825132941
0.00868000  1477.7718717341177
0.00870000  1477.5599183352942
0.00872000  1477.3479649364706
0.00874000  1477.1360115376472
0.00876000  1476.9240581388235
0.00878000  1476.71210474
0.00880000  1476.5001513411764
0.00882000  1476.288197942353
0.00884000  1476.0762445435294
0.00886000  1475.864291144706
0.00888000  1475.6523377458823
0.00890000  1475.4403843470589
0.00892000  1475.2284309482354
0.00894000  1475.0164775494118
0.00896000  1474.8045241505883
0.00898000  1474.5925707517647
0.00900000  1474.3806173529413
0.00902000  1474.1686639541176
0.00904000  1473.9567105552942
0.00906000  1473.7447571564705
0.00908000  1473.5328037576471
0.00910000  1473.3208503588235
0.00912000  1473.10889696
0.00914000  1472.8969435611766
0.00916000  1472.684990162353
0.00918000  1472.4730367635295
0.00920000  1472.2610833647059
0.00922000  1472.0491299658825
0.00924000  1471.8371765670588
0.00926000  1471.6252231682354
0.00928000  1471.4132697694117
0.00930000  1471.2013163705883
0.00932000  1470.9893629717646
0.00934000  1470.7774095729412
0.00936000  1470.5654561741176
0.00938000  1470.3535027752941
0.00940000  1470.1415493764707
0.00942000  1469.929595977647
0.00944000  1469.7176425788236
0.00946000  1469.50568918
0.00948000  1469.2937357811766
0.00950000  1469.081782382353
0.00952000  1468.8698289835295
0.00954000  1468.6578755847058
0.00956000  1468.4459221858824
0.00958000  1468.2339687870588
0.00960000  1468.0220153882353
0.00962000  1467.8100619894117
0.00964000  1467.5981085905883
0.00966000  1467.3861551917648
0.00968000  1467.1742017929412
0.00970000  1466.9622483941178
0.00972000  1466.750294995294
0.00974000  1466.5383415964707
0.00976000  1466.326388197647
0.00978000  1466.1144347988236
0.00980000  1465.9024814
0.00982000  1465.6905280011765
0.00984000  1465.478574602353
0.00986000  1465.2666212035294
0.00988000  1465.054667804706
0.00990000  1464.8427144058824
0.00992000  1464.630761007059
0.00994000  1464.4188076082353
0.00996000  1464.2068542094119
0.00998000  1463.9949008105882
0.01000000  1463.7829474117648
0.01002000  1463.5709940129411
0.01004000  1463.3590406141177
0.01006000  1463.147087215294
0.01008000  1462.9351338164706
0.01010000  1462.7231804176472
0.01012000  1462.5112270188235
0.01014000  1462.2992736200001
0.01016000  1462.0873202211765
0.01018000  1461.875366822353
0.01020000  1461.6634134235294
0.01022000  1461.451460024706
0.01024000  1461.2395066258823
0.01026000  1461.027553227059
0.01028000  1460.8155998282352
0.01030000  1460.6036464294118
0.01032000  1460.3916930305882
0.01034000  1460.1797396317647
0.01036000  1459.9677862329413
0.01038000  1459.7558328341177
0.01040000  1459.5438794352942
0.01042000  1459.3319260364706
0.01044000  1459.1199726376472
0.01046000  1458.9080192388235
0.01048000  1458.69606584
0.01050000  1458.4841124411764
0.01052000  1458.272159042353
0.01054000  1458.0602056435296
0.01056000  1457.848252244706
0.01058000  1457.6362988458825
0.01060000  1457.4243454470588
0.01062000  1457.2123920482354
0.01064000  1457.0004386494118
0.01066000  1456.7884852505883
0.01068000  1456.5765318517647
0.01070000  1456.3645784529413
0.01072000  1456.1526250541176
0.01074000  1455.9406716552942
0.01076000  1455.7287182564705
0.01078000  1455.516764857647
0.01080000  1455.3048114588237
0.01082000  1455.09285806
0.01084000  1454.8809046611766
0.01086000  1454.668951262353
0.01088000  1454.4569978635295
0.01090000  1454.2450444647059
0.01092000  1454.0330910658824
0.01094000  1453.8211376670588
0.01096000  1453.6091842682354
0.01098000  1453.3972308694117
0.01100000  1453.1852774705883
0.01102000  1452.9733240717646
0.01104000  1452.7613706729412
0.01106000  1452.5494172741178
0.01108000  1452.3374638752941
0.01110000  1452.1255104764707
0.01112000  1451.913557077647
0.01114000  1451.7016036788236
0.01116000  1451.48965028
0.01118000  1451.2776968811766
0.01120000  1451.065743482353
0.01122000  1450.8537900835295
0.01124000  1450.6418366847058
0.01126000  1450.4298832858824
0.01128000  1450.217929887059
0.01130000  1450.0059764882353
0.01132000  1449.794023089412
0.01134000  1449.5820696905882
0.01136000  1449.3701162917648
0.01138000  1449.1581628929412
0.01140000  1448.9462094941177
0.01142000  1448.734256095294
0.01144000  1448.5223026964707
0.01146000  1448.310349297647
0.01148000  1448.0983958988236
0.01150000  1447.8864425000002
0.01152000  1447.6744891011765
0.01154000  1447.462535702353
0.01156000  1447.2505823035294
0.01158000  1447.038628904706
0.01160000  1446.8266755058823
0.01162000  1446.614722107059
0.01164000  1446.4027687082353
0.01166000  1446.1908153094118
0.01168000  1445.9788619105882
0.01170000  1445.7669085117648
0.01172000  1445.5549551129411
0.01174000  1445.3430017141177
0.01176000  1445.1310483152943
0.01178000  1444.9190949164706
0.01180000  1444.7071415176472
0.01182000  1444.4951881188235
0.01184000  1444.28323472
0.01186000  1444.0712813211765
0.01188000  1443.859327922353
0.01190000  1443.6473745235294
0.01192000  1443.435421124706
0.01194000  1443.2234677258823
0.01196000  1443.0115143270589
0.01198000  1442.7995609282352
0.01200000  1442.5876075294118
0.01202000  1442.3756541305884
0.01204000  1442.1637007317647
0.01206000  1441.9517473329413
0.01208000  1441.7397939341176
0.01210000  1441.5278405352942
0.01212000  1441.3158871364706
0.01214000  1441.1039337376471
0.01216000  1440.8919803388235
0.01218000  1440.68002694
0.01220000  1440.4680735411766
0.01222000  1440.256120142353
0.01224000  1440.0441667435296
0.01226000  1439.832213344706
0.01228000  1439.6202599458825
0.01230000  1439.4083065470588
0.01232000  1439.1963531482354
0.01234000  1438.9843997494118
0.01236000  1438.7724463505883
0.01238000  1438.5604929517647
0.01240000  1438.3485395529412
0.01242000  1438.1365861541176
0.01244000  1437.9246327552942
0.01246000  1437.7126793564707
0.01248000  1437.500725957647
0.01250000  1437.2887725588237
0.01252000  1437.07681916
0.01254000  1436.8648657611766
0.01256000  1436.652912362353
0.01258000  1436.4409589635295
0.01260000  1436.2290055647059
0.01262000  1436.0170521658824
0.01264000  1435.8050987670588
0.01266000  1435.5931453682354
0.01268000  1435.3811919694117
0.01270000  1435.1692385705883
0.01272000  1434.9572851717649
0.01274000  1434.7453317729412
0.01276000  1434.5333783741178
0.01278000  1434.3214249752941
0.01280000  1434.1094715764707
0.01282000  1433.897518177647
0.01284000  1433.6855647788236
0.01286000  1433.47361138
0.01288000  1433.2616579811765
0.01290000  1433.049704582353
0.01292000  1432.8377511835295
0.01294000  1432.625797784706
0.01296000  1432.4138443858824
0.01298000  1432.201890987059
0.01300000  1431.9899375882353
0.01302000  1431.7779841894119
0.01304000  1431.5660307905882
0.01306000  1431.3540773917648
0.01308000  1431.1421239929412
0.01310000  1430.9301705941177
0.01312000  1430.718217195294
0.01314000  1430.5062637964706
0.01316000  1430.2943103976472
0.01318000  1430.0823569988236
0.01320000  1429.8704036000001
0.01322000  1429.6584502011765
0.01324000  1429.446496802353
0.01326000  1429.2345434035294
0.01328000  1429.022590004706
0.01330000  1428.8106366058823
0.01332000  1428.598683207059
0.01334000  1428.3867298082353
0.01336000  1428.1747764094118
0.01338000  1427.9628230105882
0.01340000  1427.7508696117648
0.01342000  1427.5389162129413
0.01344000  1427.3269628141177
0.01346000  1427.1150094152943
0.01348000  1426.9030560164706
0.01350000  1426.6911026176472
0.01352000  1426.4791492188235
0.01354000  1426.26719582
0.01356000  1426.0552424211764
0.01358000  1425.843289022353
0.01360000  1425.6313356235294
0.01362000  1425.419382224706
0.01364000  1425.2074288258825
0.01366000  1424.9954754270589
0.01368000  1424.7835220282354
0.01370000  1424.5715686294118
0.01372000  1424.3596152305884
0.01374000  1424.1476618317647
0.01376000  1423.9357084329413
0.01378000  1423.7237550341176
0.01380000  1423.5118016352942
0.01382000  1423.2998482364706
0.01384000  1423.0878948376471
0.01386000  1422.8759414388237
0.01388000  1422.66398804
0.01390000  1422.4520346411766
0.01392000  1422.240081242353
0.01394000  1422.0281278435295
0.01396000  1421.816174444706
0.01398000  1421.6042210458825
0.01400000  1421.3922676470588
0.01402000  1421.1803142482354
0.01404000  1420.9683608494117
0.01406000  1420.7564074505883
0.01408000  1420.5444540517647
0.01410000  1420.3325006529412
0.01412000  1420.1205472541178
0.01414000  1419.9085938552942
0.01416000  1419.6966404564707
0.01418000  1419.484687057647
0.01420000  1419.2727336588237
0.01422000  1419.06078026
0.01424000  1418.8488268611766
0.01426000  1418.636873462353
0.01428000  1418.4249200635295
0.01430000  1418.2129666647058
0.01432000  1418.0010132658824
0.01434000  1417.7890598670588
0.01436000  1417.5771064682353
0.01438000  1417.365153069412
0.01440000  1417.1531996705883
0.01442000  1416.9412462717648
0.01444000  1416.7292928729412
0.01446000  1416.5173394741178
0.01448000  1416.305386075294
0.01450000  1416.0934326764707
0.01452000  1415.881479277647
0.01454000  1415.6695258788236
0.01456000  1415.4575724800002
0.01458000  1415.2456190811765
0.01460000  1415.033665682353
0.01462000  1414.8217122835295
0.01464000  1414.609758884706
0.01466000  1414.3978054858824
0.01468000  1414.185852087059
0.01470000  1413.9738986882353
0.01472000  1413.7619452894119
0.01474000  1413.5499918905882
0.01476000  1413.3380384917648
0.01478000  1413.1260850929411
0.01480000  1412.9141316941177
0.01482000  1412.7021782952943
0.01484000  1412.4902248964706
0.01486000  1412.2782714976472
0.01488000  1412.0663180988236
0.01490000  1411.8543647000001
0.01492000  1411.6424113011765
0.01494000  1411.430457902353
0.01496000  1411.2185045035294
0.01498000  1411.006551104706
0.01500000  1410.7945977058823
0.01502000  1410.582644307059
0.01504000  1410.3706909082352
0.01506000  1410.1587375094118
0.01508000  1409.9467841105884
0.01510000  1409.7348307117647
0.01512000  1409.5228773129413
0.01514000  1409.3109239141177
0.01516000  1409.0989705152942
0.01518000  1408.8870171164706
0.01520000  1408.6750637176472
0.01522000  1408.4631103188235
0.01524000  1408.25115692
0.01526000  1408.0392035211767
0.01528000  1407.827250122353
0.01530000  1407.6152967235294
0.01532000  1407.403343324706
0.01534000  1407.1913899258825
0.01536000  1406.9794365270589
0.01538000  1406.7674831282354
0.01540000  1406.5555297294118
0.01542000  1406.3435763305883
0.01544000  1406.1316229317647
0.01546000  1405.9196695329413
0.01548000  1405.7077161341176
0.01550000  1405.4957627352942
0.01552000  1405.2838093364708
0.01554000  1405.0718559376471
0.01556000  1404.8599025388237
0.01558000  1404.64794914
0.01560000  1404.4359957411766
0.01562000  1404.224042342353
0.01564000  1404.0120889435295
0.01566000  1403.8001355447059
0.01568000  1403.5881821458825
0.01570000  1403.3762287470588
0.01572000  1403.1642753482354
0.01574000  1402.9523219494117
0.01576000  1402.7403685505883
0.01578000  1402.5284151517649
0.01580000  1402.3164617529412
0.01582000  1402.1045083541178
0.01584000  1401.8925549552941
0.01586000  1401.6806015564707
0.01588000  1401.468648157647
0.01590000  1401.2566947588236
0.01592000  1401.04474136
0.01594000  1400.8327879611766
0.01596000  1400.6208345623531
0.01598000  1400.4088811635295
0.01600000  1400.1969277647058
0.01602000  1399.9849743658824
0.01604000  1399.773020967059
0.01606000  1399.5610675682353
0.01608000  1399.349114169412
0.01610000  1399.1371607705883
0.01612000  1398.9252073717648
0.01614000  1398.7132539729412
0.01616000  1398.5013005741177
0.01618000  1398.289347175294
0.01620000  1398.0773937764707
0.01622000  1397.8654403776472
0.01624000  1397.6534869788236
0.01626000  1397.4415335800002
0.01628000  1397.2295801811765
0.01630000  1397.017626782353
0.01632000  1396.8056733835294
0.01634000  1396.593719984706
0.01636000  1396.3817665858824
0.01638000  1396.169813187059
0.01640000  1395.9578597882353
0.01642000  1395.7459063894119
0.01644000  1395.5339529905882
0.01646000  1395.3219995917648
0.01648000  1395.1100461929414
0.01650000  1394.8980927941177
0.01652000  1394.6861393952943
0.01654000  1394.4741859964706
0.01656000  1394.2622325976472
0.01658000  1394.0502791988235
0.01660000  1393.8383258000001
0.01662000  1393.6263724011765
0.01664000  1393.414419002353
0.01666000  1393.2024656035294
0.01668000  1392.990512204706
0.01670000  1392.7785588058823
0.01672000  1392.566605407059
0.01674000  1392.3546520082355
0.01676000  1392.1426986094118
0.01678000  1391.9307452105884
0.01680000  1391.7187918117647
0.01682000  1391.5068384129413
0.01684000  1391.2948850141177
0.01686000  1391.0829316152942
0.01688000  1390.8709782164706
0.01690000  1390.6590248176472
0.01692000  1390.4470714188237
0.01694000  1390.23511802
0.01696000  1390.0231646211766
0.01698000  1389.811211222353
0.01700000  1389.5992578235296
0.01702000  1389.387304424706
0.01704000  1389.1753510258825
0.01706000  1388.9633976270588
0.01708000  1388.7514442282354
0.01710000  1388.5394908294118
0.01712000  1388.3275374305883
0.01714000  1388.1155840317647
0.01716000  1387.9036306329413
0.01718000  1387.6916772341178
0.01720000  1387.4797238352942
0.01722000  1387.2677704364708
0.01724000  1387.055817037647
0.01726000  1386.8438636388237
0.01728000  1386.63191024
0.01730000  1386.4199568411766
0.01732000  1386.208003442353
0.01734000  1385.9960500435295
0.01736000  1385.7840966447059
0.01738000  1385.5721432458824
0.01740000  1385.3601898470588
0.01742000  1385.1482364482354
0.01744000  1384.936283049412
0.01746000  1384.7243296505883
0.01748000  1384.5123762517649
0.01750000  1384.3004228529412
0.01752000  1384.0884694541178
0.01754000  1383.8765160552941
0.01756000  1383.6645626564707
0.01758000  1383.452609257647
0.01760000  1383.2406558588236
0.01762000  1383.0287024600002
0.01764000  1382.8167490611766
0.01766000  1382.604795662353
0.01768000  1382.3928422635295
0.01770000  1382.180888864706
0.01772000  1381.9689354658824
0.01774000  1381.756982067059
0.01776000  1381.5450286682353
0.01778000  1381.333075269412
0.01780000  1381.1211218705882
0.01782000  1380.9091684717648
0.01784000  1380.6972150729412
0.01786000  1380.4852616741177
0.01788000  1380.2733082752943
0.01790000  1380.0613548764707
0.01792000  1379.8494014776472
0.01794000  1379.6374480788236
0.01796000  1379.4254946800002
0.01798000  1379.2135412811765
0.01800000  1379.001587882353
0.01802000  1378.7896344835294
0.01804000  1378.577681084706
0.01806000  1378.3657276858823
0.01808000  1378.153774287059
0.01810000  1377.9418208882353
0.01812000  1377.7298674894118
0.01814000  1377.5179140905884
0.01816000  1377.3059606917648
0.01818000  1377.0940072929413
0.01820000  1376.8820538941177
0.01822000  1376.6701004952943
0.01824000  1376.4581470964706
0.01826000  1376.2461936976472
0.01828000  1376.0342402988235
0.01830000  1375.8222869
0.01832000  1375.6103335011767
0.01834000  1375.398380102353
0.01836000  1375.1864267035294
0.01838000  1374.974473304706
0.01840000  1374.7625199058825
0.01842000  1374.5505665070589
0.01844000  1374.3386131082354
0.01846000  1374.1266597094118
0.01848000  1373.9147063105884
0.01850000  1373.7027529117647
0.01852000  1373.4907995129413
0.01854000  1373.2788461141176
0.01856000  1373.0668927152942
0.01858000  1372.8549393164708
0.01860000  1372.6429859176471
0.01862000  1372.4310325188237
0.01864000  1372.21907912
0.01866000  1372.0071257211766
0.01868000  1371.795172322353
0.01870000  1371.5832189235296
0.01872000  1371.371265524706
0.01874000  1371.1593121258825
0.01876000  1370.9473587270588
0.01878000  1370.7354053282354
0.01880000  1370.5234519294117
0.01882000  1370.3114985305883
0.01884000  1370.099545131765
0.01886000  1369.8875917329412
0.01888000  1369.6756383341178
0.01890000  1369.4636849352942
0.01892000  1369.2517315364707
0.01894000  1369.039778137647
0.01896000  1368.8278247388237
0.01898000  1368.61587134
0.01900000  1368.4039179411766
0.01902000  1368.191964542353
0.01904000  1367.9800111435295
0.01906000  1367.7680577447059
0.01908000  1367.5561043458824
0.01910000  1367.344150947059
0.01912000  1367.1321975482354
0.01914000  1366.920244149412
0.01916000  1366.7082907505883
0.01918000  1366.4963373517649
0.01920000  1366.2843839529412
0.01922000  1366.0724305541178
0.01924000  1365.8604771552941
0.01926000  1365.6485237564707
0.01928000  1365.4365703576473
0.01930000  1365.2246169588236
0.01932000  1365.0126635600002
0.01934000  1364.8007101611765
0.01936000  1364.5887567623531
0.01938000  1364.3768033635295
0.01940000  1364.164849964706
0.01942000  1363.9528965658824
0.01944000  1363.740943167059
0.01946000  1363.5289897682353
0.01948000  1363.3170363694119
0.01950000  1363.1050829705882
0.01952000  1362.8931295717648
0.01954000  1362.6811761729414
0.01956000  1362.4692227741177
0.01958000  1362.2572693752943
0.01960000  1362.0453159764706
0.01962000  1361.8333625776472
0.01964000  1361.6214091788236
0.01966000  1361.4094557800001
0.01968000  1361.1975023811765
0.01970000  1360.985548982353
0.01972000  1360.7735955835294
0.01974000  1360.561642184706
0.01976000  1360.3496887858823
0.01978000  1360.137735387059
0.01980000  1359.9257819882355
0.01982000  1359.7138285894118
0.01984000  1359.5018751905884
0.01986000  1359.2899217917648
0.01988000  1359.0779683929413
0.01990000  1358.8660149941177
0.01992000  1358.6540615952943
0.01994000  1358.4421081964706
0.01996000  1358.2301547976472
0.01998000  1358.0182013988237
0.02000000  1357.806248
0.02002000  1356.302988
0.02004000  1354.915249
0.02006000  1353.637586
0.02008000  1352.451308
0.02010000  1351.278415
0.02012000  1349.878915
0.02014000  1347.998194
0.02016000  1345.467901
0.02018000  1342.088984
0.02020000  1337.641606
0.02022000  1331.595805
0.02024000  1322.359657
0.02026000  1307.987927
0.02028000  1286.044506
0.02030000  1253.121611
0.02032000  1204.610785
0.02034000  1135.051311
0.02036000  1039.90584
0.02038000  921.724451
0.02040000  795.604026
0.02042000  673.082201
0.02044000  553.155576
0.02046000  427.851474
0.02048000  295.186309
0.02050000  177.857182
0.02052000  104.322361
0.02054000  66.913366
0.02056000  50.933208
0.02058000  47.492408
0.02060000  56.205308
0.02062000  84.577746
0.02064000  150.042379
0.02066000  274.074241
0.02068000  454.466421
0.02070000  660.662894
0.02072000  859.779598
0.02074000  1031.872305
0.02076000  1170.347303
0.02078000  1276.430923
0.02080000  1354.30456
0.02082000  1409.660502
0.02084000  1448.365435
0.02086000  1475.346464
0.02088000  1494.242171
0.02090000  1507.573834
0.02092000  1517.050582
0.02094000  1523.829969
0.02096000  1528.701038
0.02098000  1532.211527
0.02100000  1534.743734
0.02102000  1536.569112
0.02104000  1537.878142
0.02106000  1538.810373
0.02108000  1539.466184
0.02110000  1539.919796
0.02112000  1540.226705
0.02114000  1540.425314
0.02116000  1540.545913
0.02118000  1540.608318
0.02120000  1540.627975
0.02122000  1540.615156
0.02124000  1540.58011
0.02126000  1540.528812
0.02128000  1540.465523
0.02130000  1540.39451
0.02132000  1540.318333
0.02134000  1540.241266
0.02136000  1540.165023
0.02138000  1540.091319
0.02140000  1540.02273
0.02142000  1539.959261
0.02144000  1539.899202
0.02146000  1539.842557
0.02148000  1539.789329
0.02150000  1539.73952
0.02152000  1539.693134
0.02154000  1539.648454
0.02156000  1539.606342
0.02158000  1539.5668
0.02160000  1539.528108
0.02162000  1539.491128
0.02164000  1539.455001
0.02166000  1539.419727
0.02168000  1539.386167
0.02170000  1539.352601
0.02172000  1539.31989
0.02174000  1539.288034
0.02176000  1539.256172
0.02178000  1539.225165
0.02180000  1539.194154
0.02182000  1539.163998
0.02184000  1539.1347
0.02186000  1539.105396
0.02188000  1539.076088
0.02190000  1539.047638
0.02192000  1539.020045
0.02194000  1538.991585
0.02196000  1538.964846
0.02198000  1538.937241
0.02200000  1538.910494
0.02202000  1538.884606
0.02204000  1538.858714
0.02206000  1538.832819
0.02208000  1538.806919
0.02210000  1538.782744
0.02212000  1538.757701
0.02214000  1538.733518
0.02216000  1538.709333
0.02218000  1538.686008
0.02220000  1538.66268
0.02222000  1538.639349
0.02224000  1538.616879
0.02226000  1538.594406
0.02228000  1538.572795
0.02230000  1538.551182
0.02232000  1538.529566
0.02234000  1538.508812
0.02236000  1538.488056
0.02238000  1538.467297
0.02240000  1538.447401
0.02242000  1538.427503
0.02244000  1538.407602
0.02246000  1538.388565
0.02248000  1538.369526
0.02250000  1538.350485
0.02252000  1538.332307
0.02254000  1538.314128
0.02256000  1538.295947
0.02258000  1538.27863
0.02260000  1538.261311
0.02262000  1538.24399
0.02264000  1538.227534
0.02266000  1538.211077
0.02268000  1538.194618
0.02270000  1538.179024
0.02272000  1538.163428
0.02274000  1538.147832
0.02276000  1538.132234
0.02278000  1538.117501
0.02280000  1538.102767
0.02282000  1538.088032
0.02284000  1538.073295
0.02286000  1538.059425
0.02288000  1538.045553
0.02290000  1538.03168
0.02292000  1538.018673
0.02294000  1538.005666
0.02296000  1537.992657
0.02298000  1537.979648
0.02300000  1537.966637
0.02302000  1537.7546836011766
0.02304000  1537.542730202353
0.02306000  1537.3307768035295
0.02308000  1537.1188234047058
0.02310000  1536.9068700058824
0.02312000  1536.6949166070588
0.02314000  1536.4829632082353
0.02316000  1536.2710098094117
0.02318000  1536.0590564105883
0.02320000  1535.8471030117646
0.02322000  1535.6351496129412
0.02324000  1535.4231962141178
0.02326000  1535.211242815294
0.02328000  1534.9992894164707
0.02330000  1534.787336017647
0.02332000  1534.5753826188236
0.02334000  1534.36342922
0.02336000  1534.1514758211765
0.02338000  1533.9395224223529
0.02340000  1533.7275690235294
0.02342000  1533.5156156247058
0.02344000  1533.3036622258824
0.02346000  1533.0917088270587
0.02348000  1532.8797554282353
0.02350000  1532.6678020294119
0.02352000  1532.4558486305882
0.02354000  1532.2438952317648
0.02356000  1532.0319418329411
0.02358000  1531.8199884341177
0.02360000  1531.608035035294
0.02362000  1531.3960816364706
0.02364000  1531.184128237647
0.02366000  1530.9721748388235
0.02368000  1530.76022144
0.02370000  1530.5482680411765
0.02372000  1530.336314642353
0.02374000  1530.1243612435294
0.02376000  1529.912407844706
0.02378000  1529.7004544458823
0.02380000  1529.488501047059
0.02382000  1529.2765476482352
0.02384000  1529.0645942494118
0.02386000  1528.8526408505882
0.02388000  1528.6406874517647
0.02390000  1528.428734052941
0.02392000  1528.2167806541177
0.02394000  1528.004827255294
0.02396000  1527.7928738564706
0.02398000  1527.5809204576472
0.02400000  1527.3689670588235
0.02402000  1527.15701366
0.02404000  1526.9450602611764
0.02406000  1526.733106862353
0.02408000  1526.5211534635293
0.02410000  1526.309200064706
0.02412000  1526.0972466658823
0.02414000  1525.8852932670588
0.02416000  1525.6733398682352
0.02418000  1525.4613864694118
0.02420000  1525.2494330705883
0.02422000  1525.0374796717647
0.02424000  1524.8255262729413
0.02426000  1524.6135728741176
0.02428000  1524.4016194752942
0.02430000  1524.1896660764705
0.02432000  1523.977712677647
0.02434000  1523.7657592788235
0.02436000  1523.55380588
0.02438000  1523.3418524811764
0.02440000  1523.129899082353
0.02442000  1522.9179456835295
0.02444000  1522.7059922847059
0.02446000  1522.4940388858824
0.02448000  1522.2820854870588
0.02450000  1522.0701320882354
0.02452000  1521.8581786894117
0.02454000  1521.6462252905883
0.02456000  1521.4342718917646
0.02458000  1521.2223184929412
0.02460000  1521.0103650941176
0.02462000  1520.7984116952941
0.02464000  1520.5864582964705
0.02466000  1520.374504897647
0.02468000  1520.1625514988236
0.02470000  1519.9505981
0.02472000  1519.7386447011766
0.02474000  1519.526691302353
0.02476000  1519.3147379035295
0.02478000  1519.1027845047058
0.02480000  1518.8908311058824
0.02482000  1518.6788777070587
0.02484000  1518.4669243082353
0.02486000  1518.2549709094117
0.02488000  1518.0430175105882
0.02490000  1517.8310641117648
0.02492000  1517.6191107129412
0.02494000  1517.4071573141177
0.02496000  1517.195203915294
0.02498000  1516.9832505164707
0.02500000  1516.771297117647
0.02502000  1516.5593437188236
0.02504000  1516.34739032
0.02506000  1516.1354369211765
0.02508000  1515.9234835223529
0.02510000  1515.7115301235294
0.02512000  1515.4995767247058
0.02514000  1515.2876233258824
0.02516000  1515.075669927059
0.02518000  1514.8637165282353
0.02520000  1514.6517631294118
0.02522000  1514.4398097305882
0.02524000  1514.2278563317648
0.02526000  1514.0159029329411
0.02528000  1513.8039495341177
0.02530000  1513.591996135294
0.02532000  1513.3800427364706
0.02534000  1513.168089337647
0.02536000  1512.9561359388235
0.02538000  1512.74418254
0.02540000  1512.5322291411765
0.02542000  1512.320275742353
0.02544000  1512.1083223435294
0.02546000  1511.896368944706
0.02548000  1511.6844155458823
0.02550000  1511.4724621470589
0.02552000  1511.2605087482352
0.02554000  1511.0485553494118
0.02556000  1510.8366019505881
0.02558000  1510.6246485517647
0.02560000  1510.412695152941
0.02562000  1510.2007417541176
0.02564000  1509.9887883552942
0.02566000  1509.7768349564706
0.02568000  1509.5648815576471
0.02570000  1509.3529281588235
0.02572000  1509.14097476
0.02574000  1508.9290213611764
0.02576000  1508.717067962353
0.02578000  1508.5051145635293
0.02580000  1508.293161164706
0.02582000  1508.0812077658823
0.02584000  1507.8692543670588
0.02586000  1507.6573009682354
0.02588000  1507.4453475694118
0.02590000  1507.2333941705883
0.02592000  1507.0214407717647
0.02594000  1506.8094873729412
0.02596000  1506.5975339741176
0.02598000  1506.3855805752942
0.02600000  1506.1736271764705
0.02602000  1505.961673777647
0.02604000  1505.7497203788234
0.02606000  1505.53776698
0.02608000  1505.3258135811766
0.02610000  1505.113860182353
0.02612000  1504.9019067835295
0.02614000  1504.6899533847059
0.02616000  1504.4779999858824
0.02618000  1504.2660465870588
0.02620000  1504.0540931882354
0.02622000  1503.8421397894117
0.02624000  1503.6301863905883
0.02626000  1503.4182329917646
0.02628000  1503.2062795929412
0.02630000  1502.9943261941175
0.02632000  1502.7823727952941
0.02634000  1502.5704193964707
0.02636000  1502.358465997647
0.02638000  1502.1465125988236
0.02640000  1501.9345592
0.02642000  1501.7226058011765
0.02644000  1501.510652402353
0.02646000  1501.2986990035295
0.02648000  1501.0867456047058
0.02650000  1500.8747922058824
0.02652000  1500.6628388070587
0.02654000  1500.4508854082353
0.02656000  1500.2389320094119
0.02658000  1500.0269786105882
0.02660000  1499.8150252117648
0.02662000  1499.6030718129412
0.02664000  1499.3911184141177
0.02666000  1499.179165015294
0.02668000  1498.9672116164706
0.02670000  1498.755258217647
0.02672000  1498.5433048188236
0.02674000  1498.33135142
0.02676000  1498.1193980211765
0.02678000  1497.907444622353
0.02680000  1497.6954912235294
0.02682000  1497.483537824706
0.02684000  1497.2715844258823
0.02686000  1497.059631027059
0.02688000  1496.8476776282353
0.02690000  1496.6357242294118
0.02692000  1496.4237708305882
0.02694000  1496.2118174317648
0.02696000  1495.999864032941
0.02698000  1495.7879106341177
0.02700000  1495.575957235294
0.02702000  1495.3640038364706
0.02704000  1495.1520504376472
0.02706000  1494.9400970388235
0.02708000  1494.72814364
0.02710000  1494.5161902411764
0.02712000  1494.304236842353
0.02714000  1494.0922834435294
0.02716000  1493.880330044706
0.02718000  1493.6683766458823
0.02720000  1493.4564232470589
0.02722000  1493.2444698482352
0.02724000  1493.0325164494118
0.02726000  1492.8205630505884
0.02728000  1492.6086096517647
0.02730000  1492.3966562529413
0.02732000  1492.1847028541176
0.02734000  1491.9727494552942
0.02736000  1491.7607960564706
0.02738000  1491.5488426576471
0.02740000  1491.3368892588235
0.02742000  1491.12493586
0.02744000  1490.9129824611764
0.02746000  1490.701029062353
0.02748000  1490.4890756635295
0.02750000  1490.277122264706
0.02752000  1490.0651688658825
0.02754000  1489.8532154670588
0.02756000  1489.6412620682354
0.02758000  1489.4293086694117
0.02760000  1489.2173552705883
0.02762000  1489.0054018717647
0.02764000  1488.7934484729412
0.02766000  1488.5814950741176
0.02768000  1488.3695416752942
0.02770000  1488.1575882764705
0.02772000  1487.945634877647
0.02774000  1487.7336814788237
0.02776000  1487.52172808
0.02778000  1487.3097746811766
0.02780000  1487.097821282353
0.02782000  1486.8858678835295
0.02784000  1486.6739144847058
0.02786000  1486.4619610858824
0.02788000  1486.2500076870588
0.02790000  1486.0380542882353
0.02792000  1485.8261008894117
0.02794000  1485.6141474905883
0.02796000  1485.4021940917646
0.02798000  1485.1902406929412
0.02800000  1484.9782872941178
0.02802000  1484.766333895294
0.02804000  1484.5543804964707
0.02806000  1484.342427097647
0.02808000  1484.1304736988236
0.02810000  1483.9185203
0.02812000  1483.7065669011765
0.02814000  1483.4946135023529
0.02816000  1483.2826601035295
0.02818000  1483.0707067047058
0.02820000  1482.8587533058824
0.02822000  1482.646799907059
0.02824000  1482.4348465082353
0.02826000  1482.2228931094119
0.02828000  1482.0109397105882
0.02830000  1481.7989863117648
0.02832000  1481.5870329129411
0.02834000  1481.3750795141177
0.02836000  1481.163126115294
0.02838000  1480.9511727164706
0.02840000  1480.739219317647
0.02842000  1480.5272659188236
0.02844000  1480.3153125200001
0.02846000  1480.1033591211765
0.02848000  1479.891405722353
0.02850000  1479.6794523235294
0.02852000  1479.467498924706
0.02854000  1479.2555455258823
0.02856000  1479.043592127059
0.02858000  1478.8316387282352
0.02860000  1478.6196853294118
0.02862000  1478.4077319305882
0.02864000  1478.1957785317647
0.02866000  1477.983825132941
0.02868000  1477.7718717341177
0.02870000  1477.5599183352942
0.02872000  1477.3479649364706
0.02874000  1477.1360115376472
0.02876000  1476.9240581388235
0.02878000  1476.71210474
0.02880000  1476.5001513411764
0.02882000  1476.288197942353
0.02884000  1476.0762445435294
0.02886000  1475.864291144706
0.02888000  1475.6523377458823
0.02890000  1475.4403843470589
0.02892000  1475.2284309482354
0.02894000  1475.0164775494118
0.02896000  1474.8045241505883
0.02898000  1474.5925707517647
0.02900000  1474.3806173529413
0.02902000  1474.1686639541176
0.02904000  1473.9567105552942
0.02906000  1473.7447571564705
0.02908000  1473.5328037576471
0.02910000  1473.3208503588235
0.02912000  1473.10889696
0.02914000  1472.8969435611766
0.02916000  1472.684990162353
0.02918000  1472.4730367635295
0.02920000  1472.2610833647059
0.02922000  1472.0491299658825
0.02924000  1471.8371765670588
0.02926000  1471.6252231682354
0.02928000  1471.4132697694117
0.02930000  1471.2013163705883
0.02932000  1470.9893629717646
0.02934000  1470.7774095729412
0.02936000  1470.5654561741176
0.02938000  1470.3535027752941
0.02940000  1470.1415493764707
0.02942000  1469.929595977647
0.02944000  1469.7176425788236
0.02946000  1469.50568918
0.02948000  1469.2937357811766
0.02950000  1469.081782382353
0.02952000  1468.8698289835295
0.02954000  1468.6578755847058
0.02956000  1468.4459221858824
0.02958000  1468.2339687870588
0.02960000  1468.0220153882353
0.02962000  1467.8100619894117
0.02964000  1467.5981085905883
0.02966000  1467.3861551917648
0.02968000  1467.1742017929412
0.02970000  1466.9622483941178
0.02972000  1466.750294995294
0.02974000  1466.5383415964707
0.02976000  1466.326388197647
0.02978000  1466.1144347988236
0.02980000  1465.9024814
0.02982000  1465.6905280011765
0.02984000  1465.478574602353
0.02986000  1465.2666212035294
0.02988000  1465.054667804706
0.02990000  1464.8427144058824
0.02992000  1464.630761007059
0.02994000  1464.4188076082353
0.02996000  1464.2068542094119
0.02998000  1463.9949008105882
0.03000000  1463.7829474117648
0.03002000  1463.5709940129411
0.03004000  1463.3590406141177
0.03006000  1463.147087215294
0.03008000  1462.9351338164706
0.03010000  1462.7231804176472
0.03012000  1462.5112270188235
0.03014000  1462.2992736200001
0.03016000  1462.0873202211765
0.03018000  1461.875366822353
0.03020000  1461.6634134235294
0.03022000  1461.451460024706
0.03024000  1461.2395066258823
0.03026000  1461.027553227059
0.03028000  1460.8155998282352
0.03030000  1460.6036464294118
0.03032000  1460.3916930305882
0.03034000  1460.1797396317647
0.03036000  1459.9677862329413
0.03038000  1459.7558328341177
0.03040000  1459.5438794352942
0.03042000  1459.3319260364706
0.03044000  1459.1199726376472
0.03046000  1458.9080192388235
0.03048000  1458.69606584
0.03050000  1458.4841124411764
0.03052000  1458.272159042353
0.03054000  1458.0602056435296
0.03056000  1457.848252244706
0.03058000  1457.6362988458825
0.03060000  1457.4243454470588
0.03062000  1457.2123920482354
0.03064000  1457.0004386494118
0.03066000  1456.7884852505883
0.03068000  1456.5765318517647
0.03070000  1456.3645784529413
0.03072000  1456.1526250541176
0.03074000  1455.9406716552942
0.03076000  1455.7287182564705
0.03078000  1455.516764857647
0.03080000  1455.3048114588237
0.03082000  1455.09285806
0.03084000  1454.8809046611766
0.03086000  1454.668951262353
0.03088000  1454.4569978635295
0.03090000  1454.2450444647059
0.03092000  1454.0330910658824
0.03094000  1453.8211376670588
0.03096000  1453.6091842682354
0.03098000  1453.3972308694117
0.03100000  1453.1852774705883
0.03102000  1452.9733240717646
0.03104000  1452.7613706729412
0.03106000  1452.5494172741178
0.03108000  1452.3374638752941
0.03110000  1452.1255104764707
0.03112000  1451.913557077647
0.03114000  1451.7016036788236
0.03116000  1451.48965028
0.03118000  1451.2776968811766
0.03120000  1451.065743482353
0.03122000  1450.8537900835295
0.03124000  1450.6418366847058
0.03126000  1450.4298832858824
0.03128000  1450.217929887059
0.03130000  1450.0059764882353
0.03132000  1449.794023089412
0.03134000  1449.5820696905882
0.03136000  1449.3701162917648
0.03138000  1449.1581628929412
0.03140000  1448.9462094941177
0.03142000  1448.734256095294
0.03144000  1448.5223026964707
0.03146000  1448.310349297647
0.03148000  1448.0983958988236
0.03150000  1447.8864425000002
0.03152000  1447.6744891011765
0.03154000  1447.462535702353
0.03156000  1447.2505823035294
0.03158000  1447.038628904706
0.03160000  1446.8266755058823
0.03162000  1446.614722107059
0.03164000  1446.4027687082353
0.03166000  1446.1908153094118
0.03168000  1445.9788619105882
0.03170000  1445.7669085117648
0.03172000  1445.5549551129411
0.03174000  1445.3430017141177
0.03176000  1445.1310483152943
0.03178000  1444.9190949164706
0.03180000  1444.7071415176472
0.03182000  1444.4951881188235
0.03184000  1444.28323472
0.03186000  1444.0712813211765
0.03188000  1443.859327922353
0.03190000  1443.6473745235294
0.03192000  1443.435421124706
0.03194000  1443.2234677258823
0.03196000  1443.0115143270589
0.03198000  1442.7995609282352
0.03200000  1442.5876075294118
0.03202000  1442.3756541305884
0.03204000  1442.1637007317647
0.03206000  1441.9517473329413
0.03208000  1441.7397939341176
0.03210000  1441.5278405352942
0.03212000  1441.3158871364706
0.03214000  1441.1039337376471
0.03216000  1440.8919803388235
0.03218000  1440.68002694
0.03220000  1440.4680735411766
0.03222000  1440.256120142353
0.03224000  1440.0441667435296
0.03226000  1439.832213344706
0.03228000  1439.6202599458825
0.03230000  1439.4083065470588
0.03232000  1439.1963531482354
0.03234000  1438.9843997494118
0.03236000  1438.7724463505883
0.03238000  1438.5604929517647
0.03240000  1438.3485395529412
0.03242000  1438.1365861541176
0.03244000  1437.9246327552942
0.03246000  1437.7126793564707
0.03248000  1437.500725957647
0.03250000  1437.2887725588237
0.03252000  1437.07681916
0.03254000  1436.8648657611766
0.03256000  1436.652912362353
0.03258000  1436.4409589635295
0.03260000  1436.2290055647059
0.03262000  1436.0170521658824
0.03264000  1435.8050987670588
0.03266000  1435.5931453682354
0.03268000  1435.3811919694117
0.03270000  1435.1692385705883
0.03272000  1434.9572851717649
0.03274000  1434.7453317729412
0.03276000  1434.5333783741178
0.03278000  1434.3214249752941
0.03280000  1434.1094715764707
0.03282000  1433.897518177647
0.03284000  1433.6855647788236
0.03286000  1433.47361138
0.03288000  1433.2616579811765
0.03290000  1433.049704582353
0.03292000  1432.8377511835295
0.03294000  1432.625797784706
0.03296000  1432.4138443858824
0.03298000  1432.201890987059
0.03300000  1431.9899375882353
0.03302000  1431.7779841894119
0.03304000  1431.5660307905882
0.03306000  1431.3540773917648
0.03308000  1431.1421239929412
0.03310000  1430.9301705941177
0.03312000  1430.718217195294
0.03314000  1430.5062637964706
0.03316000  1430.2943103976472
0.03318000  1430.0823569988236
0.03320000  1429.8704036000001
0.03322000  1429.6584502011765
0.03324000  1429.446496802353
0.03326000  1429.2345434035294
0.03328000  1429.022590004706
0.03330000  1428.8106366058823
0.03332000  1428.598683207059
0.03334000  1428.3867298082353
0.03336000  1428.1747764094118
0.03338000  1427.9628230105882
0.03340000  1427.7508696117648
0.03342000  1427.5389162129413
0.03344000  1427.3269628141177
0.03346000  1427.1150094152943
0.03348000  1426.9030560164706
0.03350000  1426.6911026176472
0.03352000  1426.4791492188235
0.03354000  1426.26719582
0.03356000  1426.0552424211764
0.03358000  1425.843289022353
0.03360000  1425.6313356235294
0.03362000  1425.419382224706
0.03364000  1425.2074288258825
0.03366000  1424.9954754270589
0.03368000  1424.7835220282354
0.03370000  1424.5715686294118
0.03372000  1424.3596152305884
0.03374000  1424.1476618317647
0.03376000  1423.9357084329413
0.03378000  1423.7237550341176
0.03380000  1423.5118016352942
0.03382000  1423.2998482364706
0.03384000  1423.0878948376471
0.03386000  1422.8759414388237
0.03388000  1422.66398804
0.03390000  1422.4520346411766
0.03392000  1422.240081242353
0.03394000  1422.0281278435295
0.03396000  1421.816174444706
0.03398000  1421.6042210458825
0.03400000  1421.3922676470588
0.03402000  1421.1803142482354
0.03404000  1420.9683608494117
0.03406000  1420.7564074505883
0.03408000  1420.5444540517647
0.03410000  1420.3325006529412
0.03412000  1420.1205472541178
0.03414000  1419.9085938552942
0.03416000  1419.6966404564707
0.03418000  1419.484687057647
0.03420000  1419.2727336588237
0.03422000  1419.06078026
0.03424000  1418.8488268611766
0.03426000  1418.636873462353
0.03428000  1418.4249200635295
0.03430000  1418.2129666647058
0.03432000  1418.0010132658824
0.03434000  1417.7890598670588
0.03436000  1417.5771064682353
0.03438000  1417.365153069412
0.03440000  1417.1531996705883
0.03442000  1416.9412462717648
0.03444000  1416.7292928729412
0.03446000  1416.5173394741178
0.03448000  1416.305386075294
0.03450000  1416.0934326764707
0.03452000  1415.881479277647
0.03454000  1415.6695258788236
0.03456000  1415.4575724800002
0.03458000  1415.2456190811765
0.03460000  1415.033665682353
0.03462000  1414.8217122835295
0.03464000  1414.609758884706
0.03466000  1414.3978054858824
0.03468000  1414.185852087059
0.03470000  1413.9738986882353
0.03472000  1413.7619452894119
0.03474000  1413.5499918905882
0.03476000  1413.3380384917648
0.03478000  1413.1260850929411
0.03480000  1412.9141316941177
0.03482000  1412.7021782952943
0.03484000  1412.4902248964706
0.03486000  1412.2782714976472
0.03488000  1412.0663180988236
0.03490000  1411.8543647000001
0.03492000  1411.6424113011765
0.03494000  1411.430457902353
0.03496000  1411.2185045035294
0.03498000  1411.006551104706
0.03500000  1410.7945977058823
0.03502000  1410.582644307059
0.03504000  1410.3706909082352
0.03506000  1410.1587375094118
0.03508000  1409.9467841105884
0.03510000  1409.7348307117647
0.03512000  1409.5228773129413
0.03514000  1409.3109239141177
0.03516000  1409.0989705152942
0.03518000  1408.8870171164706
0.03520000  1408.6750637176472
0.03522000  1408.4631103188235
0.03524000  1408.25115692
0.03526000  1408.0392035211767
0.03528000  1407.827250122353
0.03530000  1407.6152967235294
0.03532000  1407.403343324706
0.03534000  1407.1913899258825
0.03536000  1406.9794365270589
0.03538000  1406.7674831282354
0.03540000  1406.5555297294118
0.03542000  1406.3435763305883
0.03544000  1406.1316229317647
0.03546000  1405.9196695329413
0.03548000  1405.7077161341176
0.03550000  1405.4957627352942
0.03552000  1405.2838093364708
0.03554000  1405.0718559376471
0.03556000  1404.8599025388237
0.03558000  1404.64794914
0.03560000  1404.4359957411766
0.03562000  1404.224042342353
0.03564000  1404.0120889435295
0.03566000  1403.8001355447059
0.03568000  1403.5881821458825
0.03570000  1403.3762287470588
0.03572000  1403.1642753482354
0.03574000  1402.9523219494117
0.03576000  1402.7403685505883
0.03578000  1402.5284151517649
0.03580000  1402.3164617529412
0.03582000  1402.1045083541178
0.03584000  1401.8925549552941
0.03586000  1401.6806015564707
0.03588000  1401.468648157647
0.03590000  1401.2566947588236
0.03592000  1401.04474136
0.03594000  1400.8327879611766
0.03596000  1400.6208345623531
0.03598000  1400.4088811635295
0.03600000  1400.1969277647058
0.03602000  1399.9849743658824
0.03604000  1399.773020967059
0.03606000  1399.5610675682353
0.03608000  1399.349114169412
0.03610000  1399.1371607705883
0.03612000  1398.9252073717648
0.03614000  1398.7132539729412
0.03616000  1398.5013005741177
0.03618000  1398.289347175294
0.03620000  1398.0773937764707
0.03622000  1397.8654403776472
0.03624000  1397.6534869788236
0.03626000  1397.4415335800002
0.03628000  1397.2295801811765
0.03630000  1397.017626782353
0.03632000  1396.8056733835294
0.03634000  1396.593719984706
0.03636000  1396.3817665858824
0.03638000  1396.169813187059
0.03640000  1395.9578597882353
0.03642000  1395.7459063894119
0.03644000  1395.5339529905882
0.03646000  1395.3219995917648
0.03648000  1395.1100461929414
0.03650000  1394.8980927941177
0.03652000  1394.6861393952943
0.03654000  1394.4741859964706
0.03656000  1394.2622325976472
0.03658000  1394.0502791988235
0.03660000  1393.8383258000001
0.03662000  1393.6263724011765
0.03664000  1393.414419002353
0.03666000  1393.2024656035294
0.03668000  1392.990512204706
0.03670000  1392.7785588058823
0.03672000  1392.566605407059
0.03674000  1392.3546520082355
0.03676000  1392.1426986094118
0.03678000  1391.9307452105884
0.03680000  1391.7187918117647
0.03682000  1391.5068384129413
0.03684000  1391.2948850141177
0.03686000  1391.0829316152942
0.03688000  1390.8709782164706
0.03690000  1390.6590248176472
0.03692000  1390.4470714188237
0.03694000  1390.23511802
0.03696000  1390.0231646211766
0.03698000  1389.811211222353
0.03700000  1389.5992578235296
0.03702000  1389.387304424706
0.03704000  1389.1753510258825
0.03706000  1388.9633976270588
0.03708000  1388.7514442282354
0.03710000  1388.5394908294118
0.03712000  1388.3275374305883
0.03714000  1388.1155840317647
0.03716000  1387.9036306329413
0.03718000  1387.6916772341178
0.03720000  1387.4797238352942
0.03722000  1387.2677704364708
0.03724000  1387.055817037647
0.03726000  1386.8438636388237
0.03728000  1386.63191024
0.03730000  1386.4199568411766
0.03732000  1386.208003442353
0.03734000  1385.9960500435295
0.03736000  1385.7840966447059
0.03738000  1385.5721432458824
0.03740000  1385.3601898470588
0.03742000  1385.1482364482354
0.03744000  1384.936283049412
0.03746000  1384.7243296505883
0.03748000  1384.5123762517649
0.03750000  1384.3004228529412
0.03752000  1384.0884694541178
0.03754000  1383.8765160552941
0.03756000  1383.6645626564707
0.03758000  1383.452609257647
0.03760000  1383.2406558588236
0.03762000  1383.0287024600002
0.03764000  1382.8167490611766
0.03766000  1382.604795662353
0.03768000  1382.3928422635295
0.03770000  1382.180888864706
0.03772000  1381.9689354658824
0.03774000  1381.756982067059
0.03776000  1381.5450286682353
0.03778000  1381.333075269412
0.03780000  1381.1211218705882
0.03782000  1380.9091684717648
0.03784000  1380.6972150729412
0.03786000  1380.4852616741177
0.03788000  1380.2733082752943
0.03790000  1380.0613548764707
0.03792000  1379.8494014776472
0.03794000  1379.6374480788236
0.03796000  1379.4254946800002
0.03798000  1379.2135412811765
0.03800000  1379.001587882353
0.03802000  1378.7896344835294
0.03804000  1378.577681084706
0.03806000  1378.3657276858823
0.03808000  1378.153774287059
0.03810000  1377.9418208882353
0.03812000  1377.7298674894118
0.03814000  1377.5179140905884
0.03816000  1377.3059606917648
0.03818000  1377.0940072929413
0.03820000  1376.8820538941177
0.03822000  1376.6701004952943
0.03824000  1376.4581470964706
0.03826000  1376.2461936976472
0.03828000  1376.0342402988235
0.03830000  1375.8222869
0.03832000  1375.6103335011767
0.03834000  1375.398380102353
0.03836000  1375.1864267035294
0.03838000  1374.974473304706
0.03840000  1374.7625199058825
0.03842000  1374.5505665070589
0.03844000  1374.3386131082354
0.03846000  1374.1266597094118
0.03848000  1373.9147063105884
0.03850000  1373.7027529117647
0.03852000  1373.4907995129413
0.03854000  1373.2788461141176
0.03856000  1373.0668927152942
0.03858000  1372.8549393164708
0.03860000  1372.6429859176471
0.03862000  1372.4310325188237
0.03864000  1372.21907912
0.03866000  1372.0071257211766
0.03868000  1371.795172322353
0.03870000  1371.5832189235296
0.03872000  1371.371265524706
0.03874000  1371.1593121258825
0.03876000  1370.9473587270588
0.03878000  1370.7354053282354
0.03880000  1370.5234519294117
0.03882000  1370.3114985305883
0.03884000  1370.099545131765
0.03886000  1369.8875917329412
0.03888000  1369.6756383341178
0.03890000  1369.4636849352942
0.03892000  1369.2517315364707
0.03894000  1369.039778137647
0.03896000  1368.8278247388237
0.03898000  1368.61587134
0.03900000  1368.4039179411766
0.03902000  1368.191964542353
0.03904000  1367.9800111435295
0.03906000  1367.7680577447059
0.03908000  1367.5561043458824
0.03910000  1367.344150947059
0.03912000  1367.1321975482354
0.03914000  1366.920244149412
0.03916000  1366.7082907505883
0.03918000  1366.4963373517649
0.03920000  1366.2843839529412
0.03922000  1366.0724305541178
0.03924000  1365.8604771552941
0.03926000  1365.6485237564707
0.03928000  1365.4365703576473
0.03930000  1365.2246169588236
0.03932000  1365.0126635600002
0.03934000  1364.8007101611765
0.03936000  1364.5887567623531
0.03938000  1364.3768033635295
0.03940000  1364.164849964706
0.03942000  1363.9528965658824
0.03944000  1363.740943167059
0.03946000  1363.5289897682353
0.03948000  1363.3170363694119
0.03950000  1363.1050829705882
0.03952000  1362.8931295717648
0.03954000  1362.6811761729414
0.03956000  1362.4692227741177
0.03958000  1362.2572693752943
0.03960000  1362.0453159764706
0.03962000  1361.8333625776472
0.03964000  1361.6214091788236
0.03966000  1361.4094557800001
0.03968000  1361.1975023811765
0.03970000  1360.985548982353
0.03972000  1360.7735955835294
0.03974000  1360.561642184706
0.03976000  1360.3496887858823
0.03978000  1360.137735387059
0.03980000  1359.9257819882355
0.03982000  1359.7138285894118
0.03984000  1359.5018751905884
0.03986000  1359.2899217917648
0.03988000  1359.0779683929413
0.03990000  1358.8660149941177
0.03992000  1358.6540615952943
0.03994000  1358.4421081964706
0.03996000  1358.2301547976472
0.03998000  1358.0182013988237
0.04000000  1357.806248
0.04002000  1356.302988
0.04004000  1354.915249
0.04006000  1353.637586
0.04008000  1352.451308
0.04010000  1351.278415
0.04012000  1349.878915
0.04014000  1347.998194
0.04016000  1345.467901
0.04018000  1342.088984
0.04020000  1337.641606
0.04022000  1331.595805
0.04024000  1322.359657
0.04026000  1307.987927
0.04028000  1286.044506
0.04030000  1253.121611
0.04032000  1204.610785
0.04034000  1135.051311
0.04036000  1039.90584
0.04038000  921.724451
0.04040000  795.604026
0.04042000  673.082201
0.04044000  553.155576
0.04046000  427.851474
0.04048000  295.186309
0.04050000  177.857182
0.04052000  104.322361
0.04054000  66.913366
0.04056000  50.933208
0.04058000  47.492408
0.04060000  56.205308
0.04062000  84.577746
0.04064000  150.042379
0.04066000  274.074241
0.04068000  454.466421
0.04070000  660.662894
0.04072000  859.779598
0.04074000  1031.872305
0.04076000  1170.347303
0.04078000  1276.430923
0.04080000  1354.30456
0.04082000  1409.660502
0.04084000  1448.365435
0.04086000  1475.346464
0.04088000  1494.242171
0.04090000  1507.573834
0.04092000  1517.050582
0.04094000  1523.829969
0.04096000  1528.701038
0.04098000  1532.211527
0.04100000  1534.743734
0.04102000  1536.569112
0.04104000  1537.878142
0.04106000  1538.810373
0.04108000  1539.466184
0.04110000  1539.919796
0.04112000  1540.226705
0.04114000  1540.425314
0.04116000  1540.545913
0.04118000  1540.608318
0.04120000  1540.627975
0.04122000  1540.615156
0.04124000  1540.58011
0.04126000  1540.528812
0.04128000  1540.465523
0.04130000  1540.39451
0.04132000  1540.318333
0.04134000  1540.241266
0.04136000  1540.165023
0.04138000  1540.091319
0.04140000  1540.02273
0.04142000  1539.959261
0.04144000  1539.899202
0.04146000  1539.842557
0.04148000  1539.789329
0.04150000  1539.73952
0.04152000  1539.693134
0.04154000  1539.648454
0.04156000  1539.606342
0.04158000  1539.5668
0.04160000  1539.528108
0.04162000  1539.491128
0.04164000  1539.455001
0.04166000  1539.419727
0.04168000  1539.386167
0.04170000  1539.352601
0.04172000  1539.31989
0.04174000  1539.288034
0.04176000  1539.256172
0.04178000  1539.225165
0.04180000  1539.194154
0.04182000  1539.163998
0.04184000  1539.1347
0.04186000  1539.105396
0.04188000  1539.076088
0.04190000  1539.047638
0.04192000  1539.020045
0.04194000  1538.991585
0.04196000  1538.964846
0.04198000  1538.937241
0.04200000  1538.910494
0.04202000  1538.884606
0.04204000  1538.858714
0.04206000  1538.832819
0.04208000  1538.806919
0.04210000  1538.782744
0.04212000  1538.757701
0.04214000  1538.733518
0.04216000  1538.709333
0.04218000  1538.686008
0.04220000  1538.66268
0.04222000  1538.639349
0.04224000  1538.616879
0.04226000  1538.594406
0.04228000  1538.572795
0.04230000  1538.551182
0.04232000  1538.529566
0.04234000  1538.508812
0.04236000  1538.488056
0.04238000  1538.467297
0.04240000  1538.447401
0.04242000  1538.427503
0.04244000  1538.407602
0.04246000  1538.388565
0.04248000  1538.369526
0.04250000  1538.350485
0.04252000  1538.332307
0.04254000  1538.314128
0.04256000  1538.295947
0.04258000  1538.27863
0.04260000  1538.261311
0.04262000  1538.24399
0.04264000  1538.227534
0.04266000  1538.211077
0.04268000  1538.194618
0.04270000  1538.179024
0.04272000  1538.163428
0.04274000  1538.147832
0.04276000  1538.132234
0.04278000  1538.117501
0.04280000  1538.102767
0.04282000  1538.088032
0.04284000  1538.073295
0.04286000  1538.059425
0.04288000  1538.045553
0.04290000  1538.03168
0.04292000  1538.018673
0.04294000  1538.005666
0.04296000  1537.992657
0.04298000  1537.979648
0.04300000  1537.966637
0.04302000  1537.7546836011766
0.04304000  1537.542730202353
0.04306000  1537.3307768035295
0.04308000  1537.1188234047058
0.04310000  1536.9068700058824
0.04312000  1536.6949166070588
0.04314000  1536.4829632082353
0.04316000  1536.2710098094117
0.04318000  1536.0590564105883
0.04320000  1535.8471030117646
0.04322000  1535.6351496129412
0.04324000  1535.4231962141178
0.04326000  1535.211242815294
0.04328000  1534.9992894164707
0.04330000  1534.787336017647
0.04332000  1534.5753826188236
0.04334000  1534.36342922
0.04336000  1534.1514758211765
0.04338000  1533.9395224223529
0.04340000  1533.7275690235294
0.04342000  1533.5156156247058
0.04344000  1533.3036622258824
0.04346000  1533.0917088270587
0.04348000  1532.8797554282353
0.04350000  1532.6678020294119
0.04352000  1532.4558486305882
0.04354000  1532.2438952317648
0.04356000  1532.0319418329411
0.04358000  1531.8199884341177
0.04360000  1531.608035035294
0.04362000  1531.3960816364706
0.04364000  1531.184128237647
0.04366000  1530.9721748388235
0.04368000  1530.76022144
0.04370000  1530.5482680411765
0.04372000  1530.336314642353
0.04374000  1530.1243612435294
0.04376000  1529.912407844706
0.04378000  1529.7004544458823
0.04380000  1529.488501047059
0.04382000  1529.2765476482352
0.04384000  1529.0645942494118
0.04386000  1528.8526408505882
0.04388000  1528.6406874517647
0.04390000  1528.428734052941
0.04392000  1528.2167806541177
0.04394000  1528.004827255294
0.04396000  1527.7928738564706
0.04398000  1527.5809204576472
0.04400000  1527.3689670588235
0.04402000  1527.15701366
0.04404000  1526.9450602611764
0.04406000  1526.733106862353
0.04408000  1526.5211534635293
0.04410000  1526.309200064706
0.04412000  1526.0972466658823
0.04414000  1525.8852932670588
0.04416000  1525.6733398682352
0.04418000  1525.4613864694118
0.04420000  1525.2494330705883
0.04422000  1525.0374796717647
0.04424000  1524.8255262729413
0.04426000  1524.6135728741176
0.04428000  1524.4016194752942
0.04430000  1524.1896660764705
0.04432000  1523.977712677647
0.04434000  1523.7657592788235
0.04436000  1523.55380588
0.04438000  1523.3418524811764
0.04440000  1523.129899082353
0.04442000  1522.9179456835295
0.04444000  1522.7059922847059
0.04446000  1522.4940388858824
0.04448000  1522.2820854870588
0.04450000  1522.0701320882354
0.04452000  1521.8581786894117
0.04454000  1521.6462252905883
0.04456000  1521.4342718917646
0.04458000  1521.2223184929412
0.04460000  1521.0103650941176
0.04462000  1520.7984116952941
0.04464000  1520.5864582964705
0.04466000  1520.374504897647
0.04468000  1520.1625514988236
0.04470000  1519.9505981
0.04472000  1519.7386447011766
0.04474000  1519.526691302353
0.04476000  1519.3147379035295
0.04478000  1519.1027845047058
0.04480000  1518.8908311058824
0.04482000  1518.6788777070587
0.04484000  1518.4669243082353
0.04486000  1518.2549709094117
0.04488000  1518.0430175105882
0.04490000  1517.8310641117648
0.04492000  1517.6191107129412
0.04494000  1517.4071573141177
0.04496000  1517.195203915294
0.04498000  1516.9832505164707
0.04500000  1516.771297117647
0.04502000  1516.5593437188236
0.04504000  1516.34739032
0.04506000  1516.1354369211765
0.04508000  1515.9234835223529
0.04510000  1515.7115301235294
0.04512000  1515.4995767247058
0.04514000  1515.2876233258824
0.04516000  1515.075669927059
0.04518000  1514.8637165282353
0.04520000  1514.6517631294118
0.04522000  1514.4398097305882
0.04524000  1514.2278563317648
0.04526000  1514.0159029329411
0.04528000  1513.8039495341177
0.04530000  1513.591996135294
0.04532000  1513.3800427364706
0.04534000  1513.168089337647
0.04536000  1512.9561359388235
0.04538000  1512.74418254
0.04540000  1512.5322291411765
0.04542000  1512.320275742353
0.04544000  1512.1083223435294
0.04546000  1511.896368944706
0.04548000  1511.6844155458823
0.04550000  1511.4724621470589
0.04552000  1511.2605087482352
0.04554000  1511.0485553494118
0.04556000  1510.8366019505881
0.04558000  1510.6246485517647
0.04560000  1510.412695152941
0.04562000  1510.2007417541176
0.04564000  1509.9887883552942
0.04566000  1509.7768349564706
0.04568000  1509.5648815576471
0.04570000  1509.3529281588235
0.04572000  1509.14097476
0.04574000  1508.9290213611764
0.04576000  1508.717067962353
0.04578000  1508.5051145635293
0.04580000  1508.293161164706
0.04582000  1508.0812077658823
0.04584000  1507.8692543670588
0.04586000  1507.6573009682354
0.04588000  1507.4453475694118
0.04590000  1507.2333941705883
0.04592000  1507.0214407717647
0.04594000  1506.8094873729412
0.04596000  1506.5975339741176
0.04598000  1506.3855805752942
0.04600000  1506.1736271764705
0.04602000  1505.961673777647
0.04604000  1505.7497203788234
0.04606000  1505.53776698
0.04608000  1505.3258135811766
0.04610000  1505.113860182353
0.04612000  1504.9019067835295
0.04614000  1504.6899533847059
0.04616000  1504.4779999858824
0.04618000  1504.2660465870588
0.04620000  1504.0540931882354
0.04622000  1503.8421397894117
0.04624000  1503.6301863905883
0.04626000  1503.4182329917646
0.04628000  1503.2062795929412
0.04630000  1502.9943261941175
0.04632000  1502.7823727952941
0.04634000  1502.5704193964707
0.04636000  1502.358465997647
0.04638000  1502.1465125988236
0.04640000  1501.9345592
0.04642000  1501.7226058011765
0.04644000  1501.510652402353
0.04646000  1501.2986990035295
0.04648000  1501.0867456047058
0.04650000  1500.8747922058824
0.04652000  1500.6628388070587
0.04654000  1500.4508854082353
0.04656000  1500.2389320094119
0.04658000  1500.0269786105882
0.04660000  1499.8150252117648
0.04662000  1499.6030718129412
0.04664000  1499.3911184141177
0.04666000  1499.179165015294
0.04668000  1498.9672116164706
0.04670000  1498.755258217647
0.04672000  1498.5433048188236
0.04674000  1498.33135142
0.04676000  1498.1193980211765
0.04678000  1497.907444622353
0.04680000  1497.6954912235294
0.04682000  1497.483537824706
0.04684000  1497.2715844258823
0.04686000  1497.059631027059
0.04688000  1496.8476776282353
0.04690000  1496.6357242294118
0.04692000  1496.4237708305882
0.04694000  1496.2118174317648
0.04696000  1495.999864032941
0.04698000  1495.7879106341177
0.04700000  1495.575957235294
0.04702000  1495.3640038364706
0.04704000  1495.1520504376472
0.04706000  1494.9400970388235
0.04708000  1494.72814364
0.04710000  1494.5161902411764
0.04712000  1494.304236842353
0.04714000  1494.0922834435294
0.04716000  1493.880330044706
0.04718000  1493.6683766458823
0.04720000  1493.4564232470589
0.04722000  1493.2444698482352
0.04724000  1493.0325164494118
0.04726000  1492.8205630505884
0.04728000  1492.6086096517647
0.04730000  1492.3966562529413
0.04732000  1492.1847028541176
0.04734000  1491.9727494552942
0.04736000  1491.7607960564706
0.04738000  1491.5488426576471
0.04740000  1491.3368892588235
0.04742000  1491.12493586
0.04744000  1490.9129824611764
0.04746000  1490.701029062353
0.04748000  1490.4890756635295
0.04750000  1490.277122264706
0.04752000  1490.0651688658825
0.04754000  1489.8532154670588
0.04756000  1489.6412620682354
0.04758000  1489.4293086694117
0.04760000  1489.2173552705883
0.04762000  1489.0054018717647
0.04764000  1488.7934484729412
0.04766000  1488.5814950741176
0.04768000  1488.3695416752942
0.04770000  1488.1575882764705
0.04772000  1487.945634877647
0.04774000  1487.7336814788237
0.04776000  1487.52172808
0.04778000  1487.3097746811766
0.04780000  1487.097821282353
0.04782000  1486.8858678835295
0.04784000  1486.6739144847058
0.04786000  1486.4619610858824
0.04788000  1486.2500076870588
0.04790000  1486.0380542882353
0.04792000  1485.8261008894117
0.04794000  1485.6141474905883
0.04796000  1485.4021940917646
0.04798000  1485.1902406929412
0.04800000  1484.9782872941178
0.04802000  1484.766333895294
0.04804000  1484.5543804964707
0.04806000  1484.342427097647
0.04808000  1484.1304736988236
0.04810000  1483.9185203
0.04812000  1483.7065669011765
0.04814000  1483.4946135023529
0.04816000  1483.2826601035295
0.04818000  1483.0707067047058
0.04820000  1482.8587533058824
0.04822000  1482.646799907059
0.04824000  1482.4348465082353
0.04826000  1482.2228931094119
0.04828000  1482.0109397105882
0.04830000  1481.7989863117648
0.04832000  1481.5870329129411
0.04834000  1481.3750795141177
0.04836000  1481.163126115294
0.04838000  1480.9511727164706
0.04840000  1480.739219317647
0.04842000  1480.5272659188236
0.04844000  1480.3153125200001
0.04846000  1480.1033591211765
0.04848000  1479.891405722353
0.04850000  1479.6794523235294
0.04852000  1479.467498924706
0.04854000  1479.2555455258823
0.04856000  1479.043592127059
0.04858000  1478.8316387282352
0.04860000  1478.6196853294118
0.04862000  1478.4077319305882
0.04864000  1478.1957785317647
0.04866000  1477.983825132941
0.04868000  1477.7718717341177
0.04870000  1477.5599183352942
0.04872000  1477.3479649364706
0.04874000  1477.1360115376472
0.04876000  1476.9240581388235
0.04878000  1476.71210474
0.04880000  1476.5001513411764
0.04882000  1476.288197942353
0.04884000  1476.0762445435294
0.04886000  1475.864291144706
0.04888000  1475.6523377458823
0.04890000  1475.4403843470589
0.04892000  1475.2284309482354
0.04894000  1475.0164775494118
0.04896000  1474.8045241505883
0.04898000  1474.5925707517647
0.04900000  1474.3806173529413
0.04902000  1474.1686639541176
0.04904000  1473.9567105552942
0.04906000  1473.7447571564705
0.04908000  1473.5328037576471
0.04910000  1473.3208503588235
0.04912000  1473.10889696
0.04914000  1472.8969435611766
0.04916000  1472.684990162353
0.04918000  1472.4730367635295
0.04920000  1472.2610833647059
0.04922000  1472.0491299658825
0.04924000  1471.8371765670588
0.04926000  1471.6252231682354
0.04928000  1471.4132697694117
0.04930000  1471.2013163705883
0.04932000  1470.9893629717646
0.04934000  1470.7774095729412
0.04936000  1470.5654561741176
0.04938000  1470.3535027752941
0.04940000  1470.1415493764707
0.04942000  1469.929595977647
0.04944000  1469.7176425788236
0.04946000  1469.50568918
0.04948000  1469.2937357811766
0.04950000  1469.081782382353
0.04952000  1468.8698289835295
0.04954000  1468.6578755847058
0.04956000  1468.4459221858824
0.04958000  1468.2339687870588
0.04960000  1468.0220153882353
0.04962000  1467.8100619894117
0.04964000  1467.5981085905883
0.04966000  1467.3861551917648
0.04968000  1467.1742017929412
0.04970000  1466.9622483941178
0.04972000  1466.750294995294
0.04974000  1466.5383415964707
0.04976000  1466.326388197647
0.04978000  1466.1144347988236
0.04980000  1465.9024814
0.04982000  1465.6905280011765
0.04984000  1465.478574602353
0.04986000  1465.2666212035294
0.04988000  1465.054667804706
0.04990000  1464.8427144058824
0.04992000  1464.630761007059
0.04994000  1464.4188076082353
0.04996000  1464.2068542094119
0.04998000  1463.9949008105882
0.05000000  1463.7829474117648
0.05002000  1463.5709940129411
0.05004000  1463.3590406141177
0.05006000  1463.147087215294
0.05008000  1462.9351338164706
0.05010000  1462.7231804176472
0.05012000  1462.5112270188235
0.05014000  1462.2992736200001
0.05016000  1462.0873202211765
0.05018000  1461.875366822353
0.05020000  1461.6634134235294
0.05022000  1461.451460024706
0.05024000  1461.2395066258823
0.05026000  1461.027553227059
0.05028000  1460.8155998282352
0.05030000  1460.6036464294118
0.05032000  1460.3916930305882
0.05034000  1460.1797396317647
0.05036000  1459.9677862329413
0.05038000  1459.7558328341177
0.05040000  1459.5438794352942
0.05042000  1459.3319260364706
0.05044000  1459.1199726376472
0.05046000  1458.9080192388235
0.05048000  1458.69606584
0.05050000  1458.4841124411764
0.05052000  1458.272159042353
0.05054000  1458.0602056435296
0.05056000  1457.848252244706
0.05058000  1457.6362988458825
0.05060000  1457.4243454470588
0.05062000  1457.2123920482354
0.05064000  1457.0004386494118
0.05066000  1456.7884852505883
0.05068000  1456.5765318517647
0.05070000  1456.3645784529413
0.05072000  1456.1526250541176
0.05074000  1455.9406716552942
0.05076000  1455.7287182564705
0.05078000  1455.516764857647
0.05080000  1455.3048114588237
0.05082000  1455.09285806
0.05084000  1454.8809046611766
0.05086000  1454.668951262353
0.05088000  1454.4569978635295
0.05090000  1454.2450444647059
0.05092000  1454.0330910658824
0.05094000  1453.8211376670588
0.05096000  1453.6091842682354
0.05098000  1453.3972308694117
0.05100000  1453.1852774705883
0.05102000  1452.9733240717646
0.05104000  1452.7613706729412
0.05106000  1452.5494172741178
0.05108000  1452.3374638752941
0.05110000  1452.1255104764707
0.05112000  1451.913557077647
0.05114000  1451.7016036788236
0.05116000  1451.48965028
0.05118000  1451.2776968811766
0.05120000  1451.065743482353
0.05122000  1450.8537900835295
0.05124000  1450.6418366847058
0.05126000  1450.4298832858824
0.05128000  1450.217929887059
0.05130000  1450.0059764882353
0.05132000  1449.794023089412
0.05134000  1449.5820696905882
0.05136000  1449.3701162917648
0.05138000  1449.1581628929412
0.05140000  1448.9462094941177
0.05142000  1448.734256095294
0.05144000  1448.5223026964707
0.05146000  1448.310349297647
0.05148000  1448.0983958988236
0.05150000  1447.8864425000002
0.05152000  1447.6744891011765
0.05154000  1447.462535702353
0.05156000  1447.2505823035294
0.05158000  1447.038628904706
0.05160000  1446.8266755058823
0.05162000  1446.614722107059
0.05164000  1446.4027687082353
0.05166000  1446.1908153094118
0.05168000  1445.9788619105882
0.05170000  1445.7669085117648
0.05172000  1445.5549551129411
0.05174000  1445.3430017141177
0.05176000  1445.1310483152943
0.05178000  1444.9190949164706
0.05180000  1444.7071415176472
0.05182000  1444.4951881188235
0.05184000  1444.28323472
0.05186000  1444.0712813211765
0.05188000  1443.859327922353
0.05190000  1443.6473745235294
0.05192000  1443.435421124706
0.05194000  1443.2234677258823
0.05196000  1443.0115143270589
0.05198000  1442.7995609282352
0.05200000  1442.5876075294118
0.05202000  1442.3756541305884
0.05204000  1442.1637007317647
0.05206000  1441.9517473329413
0.05208000  1441.7397939341176
0.05210000  1441.5278405352942
0.05212000  1441.3158871364706
0.05214000  1441.1039337376471
0.05216000  1440.8919803388235
0.05218000  1440.68002694
0.05220000  1440.4680735411766
0.05222000  1440.256120142353
0.05224000  1440.0441667435296
0.05226000  1439.832213344706
0.05228000  1439.6202599458825
0.05230000  1439.4083065470588
0.05232000  1439.1963531482354
0.05234000  1438.9843997494118
0.05236000  1438.7724463505883
0.05238000  1438.5604929517647
0.05240000  1438.3485395529412
0.05242000  1438.1365861541176
0.05244000  1437.9246327552942
0.05246000  1437.7126793564707
0.05248000  1437.500725957647
0.05250000  1437.2887725588237
0.05252000  1437.07681916
0.05254000  1436.8648657611766
0.05256000  1436.652912362353
0.05258000  1436.4409589635295
0.05260000  1436.2290055647059
0.05262000  1436.0170521658824
0.05264000  1435.8050987670588
0.05266000  1435.5931453682354
0.05268000  1435.3811919694117
0.05270000  1435.1692385705883
0.05272000  1434.9572851717649
0.05274000  1434.7453317729412
0.05276000  1434.5333783741178
0.05278000  1434.3214249752941
0.05280000  1434.1094715764707
0.05282000  1433.897518177647
0.05284000  1433.6855647788236
0.05286000  1433.47361138
0.05288000  1433.2616579811765
0.05290000  1433.049704582353
0.05292000  1432.8377511835295
0.05294000  1432.625797784706
0.05296000  1432.4138443858824
0.05298000  1432.201890987059
0.05300000  1431.9899375882353
0.05302000  1431.7779841894119
0.05304000  1431.5660307905882
0.05306000  1431.3540773917648
0.05308000  1431.1421239929412
0.05310000  1430.9301705941177
0.05312000  1430.718217195294
0.05314000  1430.5062637964706
0.05316000  1430.2943103976472
0.05318000  1430.0823569988236
0.05320000  1429.8704036000001
0.05322000  1429.6584502011765
0.05324000  1429.446496802353
0.05326000  1429.2345434035294
0.05328000  1429.022590004706
0.05330000  1428.8106366058823
0.05332000  1428.598683207059
0.05334000  1428.3867298082353
0.05336000  1428.1747764094118
0.05338000  1427.9628230105882
0.05340000  1427.7508696117648
0.05342000  1427.5389162129413
0.05344000  1427.3269628141177
0.05346000  1427.1150094152943
0.05348000  1426.9030560164706
0.05350000  1426.6911026176472
0.05352000  1426.4791492188235
0.05354000  1426.26719582
0.05356000  1426.0552424211764
0.05358000  1425.843289022353
0.05360000  1425.6313356235294
0.05362000  1425.419382224706
0.05364000  1425.2074288258825
0.05366000  1424.9954754270589
0.05368000  1424.7835220282354
0.05370000  1424.5715686294118
0.05372000  1424.3596152305884
0.05374000  1424.1476618317647
0.05376000  1423.9357084329413
0.05378000  1423.7237550341176
0.05380000  1423.5118016352942
0.05382000  1423.2998482364706
0.05384000  1423.0878948376471
0.05386000  1422.8759414388237
0.05388000  1422.66398804
0.05390000  1422.4520346411766
0.05392000  1422.240081242353
0.05394000  1422.0281278435295
0.05396000  1421.816174444706
0.05398000  1421.6042210458825
0.05400000  1421.3922676470588
0.05402000  1421.1803142482354
0.05404000  1420.9683608494117
0.05406000  1420.7564074505883
0.05408000  1420.5444540517647
0.05410000  1420.3325006529412
0.05412000  1420.1205472541178
0.05414000  1419.9085938552942
0.05416000  1419.6966404564707
0.05418000  1419.484687057647
0.05420000  1419.2727336588237
0.05422000  1419.06078026
0.05424000  1418.8488268611766
0.05426000  1418.636873462353
0.05428000  1418.4249200635295
0.05430000  1418.2129666647058
0.05432000  1418.0010132658824
0.05434000  1417.7890598670588
0.05436000  1417.5771064682353
0.05438000  1417.365153069412
0.05440000  1417.1531996705883
0.05442000  1416.9412462717648
0.05444000  1416.7292928729412
0.05446000  1416.5173394741178
0.05448000  1416.305386075294
0.05450000  1416.0934326764707
0.05452000  1415.881479277647
0.05454000  1415.6695258788236
0.05456000  1415.4575724800002
0.05458000  1415.2456190811765
0.05460000  1415.033665682353
0.05462000  1414.8217122835295
0.05464000  1414.609758884706
0.05466000  1414.3978054858824
0.05468000  1414.185852087059
0.05470000  1413.9738986882353
0.05472000  1413.7619452894119
0.05474000  1413.5499918905882
0.05476000  1413.3380384917648
0.05478000  1413.1260850929411
0.05480000  1412.9141316941177
0.05482000  1412.7021782952943
0.05484000  1412.4902248964706
0.05486000  1412.2782714976472
0.05488000  1412.0663180988236
0.05490000  1411.8543647000001
0.05492000  1411.6424113011765
0.05494000  1411.430457902353
0.05496000  1411.2185045035294
0.05498000  1411.006551104706
0.05500000  1410.7945977058823
0.05502000  1410.582644307059
0.05504000  1410.3706909082352
0.05506000  1410.1587375094118
0.05508000  1409.9467841105884
0.05510000  1409.7348307117647
0.05512000  1409.5228773129413
0.05514000  1409.3109239141177
0.05516000  1409.0989705152942
0.05518000  1408.8870171164706
0.05520000  1408.6750637176472
0.05522000  1408.4631103188235
0.05524000  1408.25115692
0.05526000  1408.0392035211767
0.05528000  1407.827250122353
0.05530000  1407.6152967235294
0.05532000  1407.403343324706
0.05534000  1407.1913899258825
0.05536000  1406.9794365270589
0.05538000  1406.7674831282354
0.05540000  1406.5555297294118
0.05542000  1406.3435763305883
0.05544000  1406.1316229317647
0.05546000  1405.9196695329413
0.05548000  1405.7077161341176
0.05550000  1405.4957627352942
0.05552000  1405.2838093364708
0.05554000  1405.0718559376471
0.05556000  1404.8599025388237
0.05558000  1404.64794914
0.05560000  1404.4359957411766
0.05562000  1404.224042342353
0.05564000  1404.0120889435295
0.05566000  1403.8001355447059
0.05568000  1403.5881821458825
0.05570000  1403.3762287470588
0.05572000  1403.1642753482354
0.05574000  1402.9523219494117
0.05576000  1402.7403685505883
0.05578000  1402.5284151517649
0.05580000  1402.3164617529412
0.05582000  1402.1045083541178
0.05584000  1401.8925549552941
0.05586000  1401.6806015564707
0.05588000  1401.468648157647
0.05590000  1401.2566947588236
0.05592000  1401.04474136
0.05594000  1400.8327879611766
0.05596000  1400.6208345623531
0.05598000  1400.4088811635295
0.05600000  1400.1969277647058
0.05602000  1399.9849743658824
0.05604000  1399.773020967059
0.05606000  1399.5610675682353
0.05608000  1399.349114169412
0.05610000  1399.1371607705883
0.05612000  1398.9252073717648
0.05614000  1398.7132539729412
0.05616000  1398.5013005741177
0.05618000  1398.289347175294
0.05620000  1398.0773937764707
0.05622000  1397.8654403776472
0.05624000  1397.6534869788236
0.05626000  1397.4415335800002
0.05628000  1397.2295801811765
0.05630000  1397.017626782353
0.05632000  1396.8056733835294
0.05634000  1396.593719984706
0.05636000  1396.3817665858824
0.05638000  1396.169813187059
0.05640000  1395.9578597882353
0.05642000  1395.7459063894119
0.05644000  1395.5339529905882
0.05646000  1395.3219995917648
0.05648000  1395.1100461929414
0.05650000  1394.8980927941177
0.05652000  1394.6861393952943
0.05654000  1394.4741859964706
0.05656000  1394.2622325976472
0.05658000  1394.0502791988235
0.05660000  1393.8383258000001
0.05662000  1393.6263724011765
0.05664000  1393.414419002353
0.05666000  1393.2024656035294
0.05668000  1392.990512204706
0.05670000  1392.7785588058823
0.05672000  1392.566605407059
0.05674000  1392.3546520082355
0.05676000  1392.1426986094118
0.05678000  1391.9307452105884
0.05680000  1391.7187918117647
0.05682000  1391.5068384129413
0.05684000  1391.2948850141177
0.05686000  1391.0829316152942
0.05688000  1390.8709782164706
0.05690000  1390.6590248176472
0.05692000  1390.4470714188237
0.05694000  1390.23511802
0.05696000  1390.0231646211766
0.05698000  1389.811211222353
0.05700000  1389.5992578235296
0.05702000  1389.387304424706
0.05704000  1389.1753510258825
0.05706000  1388.9633976270588
0.05708000  1388.7514442282354
0.05710000  1388.5394908294118
0.05712000  1388.3275374305883
0.05714000  1388.1155840317647
0.05716000  1387.9036306329413
0.05718000  1387.6916772341178
0.05720000  1387.4797238352942
0.05722000  1387.2677704364708
0.05724000  1387.055817037647
0.05726000  1386.8438636388237
0.05728000  1386.63191024
0.05730000  1386.4199568411766
0.05732000  1386.208003442353
0.05734000  1385.9960500435295
0.05736000  1385.7840966447059
0.05738000  1385.5721432458824
0.05740000  1385.3601898470588
0.05742000  1385.1482364482354
0.05744000  1384.936283049412
0.05746000  1384.7243296505883
0.05748000  1384.5123762517649
0.05750000  1384.3004228529412
0.05752000  1384.0884694541178
0.05754000  1383.8765160552941
0.05756000  1383.6645626564707
0.05758000  1383.452609257647
0.05760000  1383.2406558588236
0.05762000  1383.0287024600002
0.05764000  1382.8167490611766
0.05766000  1382.604795662353
0.05768000  1382.3928422635295
0.05770000  1382.180888864706
0.05772000  1381.9689354658824
0.05774000  1381.756982067059
0.05776000  1381.5450286682353
0.05778000  1381.333075269412
0.05780000  1381.1211218705882
0.05782000  1380.9091684717648
0.05784000  1380.6972150729412
0.05786000  1380.4852616741177
0.05788000  1380.2733082752943
0.05790000  1380.0613548764707
0.05792000  1379.8494014776472
0.05794000  1379.6374480788236
0.05796000  1379.4254946800002
0.05798000  1379.2135412811765
0.05800000  1379.001587882353
0.05802000  1378.7896344835294
0.05804000  1378.577681084706
0.05806000  1378.3657276858823
0.05808000  1378.153774287059
0.05810000  1377.9418208882353
0.05812000  1377.7298674894118
0.05814000  1377.5179140905884
0.05816000  1377.3059606917648
0.05818000  1377.0940072929413
0.05820000  1376.8820538941177
0.05822000  1376.6701004952943
0.05824000  1376.4581470964706
0.05826000  1376.2461936976472
0.05828000  1376.0342402988235
0.05830000  1375.8222869
0.05832000  1375.6103335011767
0.05834000  1375.398380102353
0.05836000  1375.1864267035294
0.05838000  1374.974473304706
0.05840000  1374.7625199058825
0.05842000  1374.5505665070589
0.05844000  1374.3386131082354
0.05846000  1374.1266597094118
0.05848000  1373.9147063105884
0.05850000  1373.7027529117647
0.05852000  1373.4907995129413
0.05854000  1373.2788461141176
0.05856000  1373.0668927152942
0.05858000  1372.8549393164708
0.05860000  1372.6429859176471
0.05862000  1372.4310325188237
0.05864000  1372.21907912
0.05866000  1372.0071257211766
0.05868000  1371.795172322353
0.05870000  1371.5832189235296
0.05872000  1371.371265524706
0.05874000  1371.1593121258825
0.05876000  1370.9473587270588
0.05878000  1370.7354053282354
0.05880000  1370.5234519294117
0.05882000  1370.3114985305883
0.05884000  1370.099545131765
0.05886000  1369.8875917329412
0.05888000  1369.6756383341178
0.05890000  1369.4636849352942
0.05892000  1369.2517315364707
0.05894000  1369.039778137647
0.05896000  1368.8278247388237
0.05898000  1368.61587134
0.05900000  1368.4039179411766
0.05902000  1368.191964542353
0.05904000  1367.9800111435295
0.05906000  1367.7680577447059
0.05908000  1367.5561043458824
0.05910000  1367.344150947059
0.05912000  1367.1321975482354
0.05914000  1366.920244149412
0.05916000  1366.7082907505883
0.05918000  1366.4963373517649
0.05920000  1366.2843839529412
0.05922000  1366.0724305541178
0.05924000  1365.8604771552941
0.05926000  1365.6485237564707
0.05928000  1365.4365703576473
0.05930000  1365.2246169588236
0.05932000  1365.0126635600002
0.05934000  1364.8007101611765
0.05936000  1364.5887567623531
0.05938000  1364.3768033635295
0.05940000  1364.164849964706
0.05942000  1363.9528965658824
0.05944000  1363.740943167059
0.05946000  1363.5289897682353
0.05948000  1363.3170363694119
0.05950000  1363.1050829705882
0.05952000  1362.8931295717648
0.05954000  1362.6811761729414
0.05956000  1362.4692227741177
0.05958000  1362.2572693752943
0.05960000  1362.0453159764706
0.05962000  1361.8333625776472
0.05964000  1361.6214091788236
0.05966000  1361.4094557800001
0.05968000  1361.1975023811765
0.05970000  1360.985548982353
0.05972000  1360.7735955835294
0.05974000  1360.561642184706
0.05976000  1360.3496887858823
0.05978000  1360.137735387059
0.05980000  1359.9257819882355
0.05982000  1359.7138285894118
0.05984000  1359.5018751905884
0.05986000  1359.2899217917648
0.05988000  1359.0779683929413
0.05990000  1358.8660149941177
0.05992000  1358.6540615952943
0.05994000  1358.4421081964706
0.05996000  1358.2301547976472
0.05998000  1358.0182013988237
0.06000000  1357.806248
0.06002000  1356.302988
0.06004000  1354.915249
0.06006000  1353.637586
0.06008000  1352.451308
0.06010000  1351.278415
0.06012000  1349.878915
0.06014000  1347.998194
0.06016000  1345.467901
0.06018000  1342.088984
0.06020000  1337.641606
0.06022000  1331.595805
0.06024000  1322.359657
0.06026000  1307.987927
0.06028000  1286.044506
0.06030000  1253.121611
0.06032000  1204.610785
0.06034000  1135.051311
0.06036000  1039.90584
0.06038000  921.724451
0.06040000  795.604026
0.06042000  673.082201
0.06044000  553.155576
0.06046000  427.851474
0.06048000  295.186309
0.06050000  177.857182
0.06052000  104.322361
0.06054000  66.913366
0.06056000  50.933208
0.06058000  47.492408
0.06060000  56.205308
0.06062000  84.577746
0.06064000  150.042379
0.06066000  274.074241
0.06068000  454.466421
0.06070000  660.662894
0.06072000  859.779598
0.06074000  1031.872305
0.06076000  1170.347303
0.06078000  1276.430923
0.06080000  1354.30456
0.06082000  1409.660502
0.06084000  1448.365435
0.06086000  1475.346464
0.06088000  1494.242171
0.06090000  1507.573834
0.06092000  1517.050582
0.06094000  1523.829969
0.06096000  1528.701038
0.06098000  1532.211527
0.06100000  1534.743734
0.06102000  1536.569112
0.06104000  1537.878142
0.06106000  1538.810373
0.06108000  1539.466184
0.06110000  1539.919796
0.06112000  1540.226705
0.06114000  1540.425314
0.06116000  1540.545913
0.06118000  1540.608318
0.06120000  1540.627975
0.06122000  1540.615156
0.06124000  1540.58011
0.06126000  1540.528812
0.06128000  1540.465523
0.06130000  1540.39451
0.06132000  1540.318333
0.06134000  1540.241266
0.06136000  1540.165023
0.06138000  1540.091319
0.06140000  1540.02273
0.06142000  1539.959261
0.06144000  1539.899202
0.06146000  1539.842557
0.06148000  1539.789329
0.06150000  1539.73952
0.06152000  1539.693134
0.06154000  1539.648454
0.06156000  1539.606342
0.06158000  1539.5668
0.06160000  1539.528108
0.06162000  1539.491128
0.06164000  1539.455001
0.06166000  1539.419727
0.06168000  1539.386167
0.06170000  1539.352601
0.06172000  1539.31989
0.06174000  1539.288034
0.06176000  1539.256172
0.06178000  1539.225165
0.06180000  1539.194154
0.06182000  1539.163998
0.06184000  1539.1347
0.06186000  1539.105396
0.06188000  1539.076088
0.06190000  1539.047638
0.06192000  1539.020045
0.06194000  1538.991585
0.06196000  1538.964846
0.06198000  1538.937241
0.06200000  1538.910494
0.06202000  1538.884606
0.06204000  1538.858714
0.06206000  1538.832819
0.06208000  1538.806919
0.06210000  1538.782744
0.06212000  1538.757701
0.06214000  1538.733518
0.06216000  1538.709333
0.06218000  1538.686008
0.06220000  1538.66268
0.06222000  1538.639349
0.06224000  1538.616879
0.06226000  1538.594406
0.06228000  1538.572795
0.06230000  1538.551182
0.06232000  1538.529566
0.06234000  1538.508812
0.06236000  1538.488056
0.06238000  1538.467297
0.06240000  1538.447401
0.06242000  1538.427503
0.06244000  1538.407602
0.06246000  1538.388565
0.06248000  1538.369526
0.06250000  1538.350485
0.06252000  1538.332307
0.06254000  1538.314128
0.06256000  1538.295947
0.06258000  1538.27863
0.06260000  1538.261311
0.06262000  1538.24399
0.06264000  1538.227534
0.06266000  1538.211077
0.06268000  1538.194618
0.06270000  1538.179024
0.06272000  1538.163428
0.06274000  1538.147832
0.06276000  1538.132234
0.06278000  1538.117501
0.06280000  1538.102767
0.06282000  1538.088032
0.06284000  1538.073295
0.06286000  1538.059425
0.06288000  1538.045553
0.06290000  1538.03168
0.06292000  1538.018673
0.06294000  1538.005666
0.06296000  1537.992657
0.06298000  1537.979648
0.06300000  1537.966637
