0.00000000  2715.583385
0.00002000  2712.573525
0.00004000  2709.797949
0.00006000  2707.242533
0.00008000  2704.869893
0.00010000  2702.524026
0.00012000  2699.721639
0.00014000  2695.963356
0.00016000  2690.902595
0.00018000  2684.144528
0.00020000  2675.246095
0.00022000  2663.154044
0.00024000  2644.681073
0.00026000  2615.92945
0.00028000  2572.007478
0.00030000  2506.071686
0.00032000  2408.810254
0.00034000  2269.133737
0.00036000  2077.708517
0.00038000  1839.378155
0.00040000  1584.282475
0.00042000  1335.602738
0.00044000  1091.752673
0.00046000  838.182312
0.00048000  572.533511
0.00050000  340.398467
0.00052000  195.948497
0.00054000  122.444502
0.00056000  90.066931
0.00058000  80.710366
0.00060000  91.245874
0.00062000  130.678501
0.00064000  222.089359
0.00066000  397.558058
0.00068000  666.352126
0.00070000  1003.38328
0.00072000  1367.895264
0.00074000  1720.31353
0.00076000  2033.986153
0.00078000  2295.379573
0.00080000  2500.320818
0.00082000  2653.443385
0.00084000  2764.66722
0.00086000  2844.655899
0.00088000  2902.261881
0.00090000  2944.029549
0.00092000  2974.584349
0.00094000  2997.124514
0.00096000  3013.879643
0.00098000  3026.414897
0.00100000  3035.844103
0.00102000  3042.958576
0.00104000  3048.3396
0.00106000  3052.409883
0.00108000  3055.483239
0.00110000  3057.799272
0.00112000  3059.541715
0.00114000  3060.842917
0.00116000  3061.806454
0.00118000  3062.51042
0.00120000  3063.011941
0.00122000  3063.356688
0.00124000  3063.582758
0.00126000  3063.715466
0.00128000  3063.776425
0.00130000  3063.787181
0.00132000  3063.76029
0.00134000  3063.706501
0.00136000  3063.640151
0.00138000  3063.566615
0.00140000  3063.496652
0.00142000  3063.430266
0.00144000  3063.367457
0.00146000  3063.308227
0.00148000  3063.25617
0.00150000  3063.207696
0.00152000  3063.166398
0.00154000  3063.130483
0.00156000  3063.099953
0.00158000  3063.071217
0.00160000  3063.047867
0.00162000  3063.028108
0.00164000  3063.011941
0.00166000  3062.995773
0.00168000  3062.983198
0.00170000  3062.970622
0.00172000  3062.959842
0.00174000  3062.950859
0.00176000  3062.943673
0.00178000  3062.936486
0.00180000  3062.929299
0.00182000  3062.923908
0.00184000  3062.918518
0.00186000  3062.914924
0.00188000  3062.909534
0.00190000  3062.907737
0.00192000  3062.904143
0.00194000  3062.902346
0.00196000  3062.900549
0.00198000  3062.898752
0.00200000  3062.896955
0.00202000  3062.896955
0.00204000  3062.896955
0.00206000  3062.896955
0.00208000  3062.898752
0.00210000  3062.898752
0.00212000  3062.900549
0.00214000  3062.902346
0.00216000  3062.904143
0.00218000  3062.907737
0.00220000  3062.909534
0.00222000  3062.913127
0.00224000  3062.916721
0.00226000  3062.922111
0.00228000  3062.925705
0.00230000  3062.931095
0.00232000  3062.934689
0.00234000  3062.940079
0.00236000  3062.947266
0.00238000  3062.952656
0.00240000  3062.958046
0.00242000  3062.965232
0.00244000  3062.972419
0.00246000  3062.979605
0.00248000  3062.986791
0.00250000  3062.995773
0.00252000  3063.002959
0.00254000  3063.011941
0.00256000  3063.020923
0.00258000  3063.029904
0.00260000  3063.038886
0.00262000  3063.047867
0.00264000  3063.058644
0.00266000  3063.067625
0.00268000  3063.078401
0.00270000  3063.089177
0.00272000  3063.099953
0.00274000  3063.110729
0.00276000  3063.121504
0.00278000  3063.134075
0.00280000  3063.14485
0.00282000  3063.15742
0.00284000  3063.168194
0.00286000  3063.180763
0.00288000  3063.193332
0.00290000  3063.2059
0.00292000  3063.220263
0.00294000  3063.232831
0.00296000  3063.245398
0.00298000  3063.25976
0.00300000  3063.272326
0.00302000  3062.8632801870585
0.00304000  3062.4542343741173
0.00306000  3062.0451885611765
0.00308000  3061.636142748235
0.00310000  3061.227096935294
0.00312000  3060.8180511223527
0.00314000  3060.4090053094114
0.00316000  3059.99995949647
0.00318000  3059.5909136835294
0.00320000  3059.181867870588
0.00322000  3058.772822057647
0.00324000  3058.3637762447056
0.00326000  3057.9547304317643
0.00328000  3057.5456846188235
0.00330000  3057.1366388058823
0.00332000  3056.727592992941
0.00334000  3056.3185471799998
0.00336000  3055.9095013670585
0.00338000  3055.5004555541173
0.00340000  3055.0914097411764
0.00342000  3054.682363928235
0.00344000  3054.273318115294
0.00346000  3053.8642723023527
0.00348000  3053.4552264894114
0.00350000  3053.0461806764706
0.00352000  3052.6371348635294
0.00354000  3052.228089050588
0.00356000  3051.819043237647
0.00358000  3051.4099974247056
0.00360000  3051.0009516117643
0.00362000  3050.5919057988235
0.00364000  3050.1828599858823
0.00366000  3049.773814172941
0.00368000  3049.3647683599997
0.00370000  3048.9557225470585
0.00372000  3048.546676734117
0.00374000  3048.1376309211764
0.00376000  3047.728585108235
0.00378000  3047.319539295294
0.00380000  3046.9104934823526
0.00382000  3046.5014476694114
0.00384000  3046.0924018564706
0.00386000  3045.6833560435293
0.00388000  3045.274310230588
0.00390000  3044.865264417647
0.00392000  3044.4562186047056
0.00394000  3044.0471727917643
0.00396000  3043.6381269788235
0.00398000  3043.2290811658822
0.00400000  3042.820035352941
0.00402000  3042.4109895399997
0.00404000  3042.0019437270585
0.00406000  3041.5928979141177
0.00408000  3041.1838521011764
0.00410000  3040.774806288235
0.00412000  3040.365760475294
0.00414000  3039.9567146623526
0.00416000  3039.5476688494114
0.00418000  3039.1386230364706
0.00420000  3038.7295772235293
0.00422000  3038.320531410588
0.00424000  3037.911485597647
0.00426000  3037.5024397847055
0.00428000  3037.0933939717647
0.00430000  3036.6843481588235
0.00432000  3036.275302345882
0.00434000  3035.866256532941
0.00436000  3035.4572107199997
0.00438000  3035.0481649070584
0.00440000  3034.6391190941176
0.00442000  3034.2300732811764
0.00444000  3033.821027468235
0.00446000  3033.411981655294
0.00448000  3033.0029358423526
0.00450000  3032.593890029412
0.00452000  3032.1848442164705
0.00454000  3031.7757984035293
0.00456000  3031.366752590588
0.00458000  3030.9577067776468
0.00460000  3030.5486609647055
0.00462000  3030.1396151517647
0.00464000  3029.7305693388234
0.00466000  3029.321523525882
0.00468000  3028.912477712941
0.00470000  3028.5034318999997
0.00472000  3028.0943860870584
0.00474000  3027.6853402741176
0.00476000  3027.2762944611763
0.00478000  3026.867248648235
0.00480000  3026.458202835294
0.00482000  3026.0491570223526
0.00484000  3025.6401112094118
0.00486000  3025.2310653964705
0.00488000  3024.8220195835293
0.00490000  3024.412973770588
0.00492000  3024.0039279576467
0.00494000  3023.5948821447055
0.00496000  3023.1858363317647
0.00498000  3022.7767905188234
0.00500000  3022.367744705882
0.00502000  3021.958698892941
0.00504000  3021.5496530799996
0.00506000  3021.140607267059
0.00508000  3020.7315614541176
0.00510000  3020.3225156411763
0.00512000  3019.913469828235
0.00514000  3019.504424015294
0.00516000  3019.0953782023525
0.00518000  3018.6863323894117
0.00520000  3018.2772865764705
0.00522000  3017.8682407635292
0.00524000  3017.459194950588
0.00526000  3017.0501491376467
0.00528000  3016.641103324706
0.00530000  3016.2320575117647
0.00532000  3015.8230116988234
0.00534000  3015.413965885882
0.00536000  3015.004920072941
0.00538000  3014.5958742599996
0.00540000  3014.186828447059
0.00542000  3013.7777826341176
0.00544000  3013.3687368211763
0.00546000  3012.959691008235
0.00548000  3012.550645195294
0.00550000  3012.141599382353
0.00552000  3011.7325535694117
0.00554000  3011.3235077564705
0.00556000  3010.914461943529
0.00558000  3010.505416130588
0.00560000  3010.0963703176467
0.00562000  3009.687324504706
0.00564000  3009.2782786917646
0.00566000  3008.8692328788234
0.00568000  3008.460187065882
0.00570000  3008.051141252941
0.00572000  3007.6420954399996
0.00574000  3007.233049627059
0.00576000  3006.8240038141175
0.00578000  3006.4149580011763
0.00580000  3006.005912188235
0.00582000  3005.5968663752938
0.00584000  3005.187820562353
0.00586000  3004.7787747494117
0.00588000  3004.3697289364704
0.00590000  3003.960683123529
0.00592000  3003.551637310588
0.00594000  3003.1425914976467
0.00596000  3002.733545684706
0.00598000  3002.3244998717646
0.00600000  3001.9154540588233
0.00602000  3001.506408245882
0.00604000  3001.097362432941
0.00606000  3000.68831662
0.00608000  3000.2792708070588
0.00610000  2999.8702249941175
0.00612000  2999.4611791811762
0.00614000  2999.052133368235
0.00616000  2998.6430875552937
0.00618000  2998.234041742353
0.00620000  2997.8249959294117
0.00622000  2997.4159501164704
0.00624000  2997.006904303529
0.00626000  2996.597858490588
0.00628000  2996.188812677647
0.00630000  2995.779766864706
0.00632000  2995.3707210517646
0.00634000  2994.9616752388233
0.00636000  2994.552629425882
0.00638000  2994.143583612941
0.00640000  2993.7345378
0.00642000  2993.3254919870587
0.00644000  2992.9164461741175
0.00646000  2992.507400361176
0.00648000  2992.098354548235
0.00650000  2991.6893087352937
0.00652000  2991.280262922353
0.00654000  2990.8712171094116
0.00656000  2990.4621712964704
0.00658000  2990.053125483529
0.00660000  2989.644079670588
0.00662000  2989.235033857647
0.00664000  2988.825988044706
0.00666000  2988.4169422317646
0.00668000  2988.0078964188233
0.00670000  2987.598850605882
0.00672000  2987.189804792941
0.00674000  2986.78075898
0.00676000  2986.3717131670587
0.00678000  2985.9626673541175
0.00680000  2985.553621541176
0.00682000  2985.144575728235
0.00684000  2984.735529915294
0.00686000  2984.326484102353
0.00688000  2983.9174382894116
0.00690000  2983.5083924764704
0.00692000  2983.099346663529
0.00694000  2982.690300850588
0.00696000  2982.281255037647
0.00698000  2981.872209224706
0.00700000  2981.4631634117645
0.00702000  2981.0541175988233
0.00704000  2980.645071785882
0.00706000  2980.236025972941
0.00708000  2979.82698016
0.00710000  2979.4179343470587
0.00712000  2979.0088885341174
0.00714000  2978.599842721176
0.00716000  2978.190796908235
0.00718000  2977.781751095294
0.00720000  2977.372705282353
0.00722000  2976.9636594694116
0.00724000  2976.5546136564703
0.00726000  2976.145567843529
0.00728000  2975.7365220305883
0.00730000  2975.327476217647
0.00732000  2974.9184304047058
0.00734000  2974.5093845917645
0.00736000  2974.1003387788232
0.00738000  2973.691292965882
0.00740000  2973.282247152941
0.00742000  2972.87320134
0.00744000  2972.4641555270587
0.00746000  2972.0551097141174
0.00748000  2971.646063901176
0.00750000  2971.2370180882353
0.00752000  2970.827972275294
0.00754000  2970.418926462353
0.00756000  2970.0098806494116
0.00758000  2969.6008348364703
0.00760000  2969.191789023529
0.00762000  2968.7827432105883
0.00764000  2968.373697397647
0.00766000  2967.9646515847057
0.00768000  2967.5556057717645
0.00770000  2967.146559958823
0.00772000  2966.7375141458824
0.00774000  2966.328468332941
0.00776000  2965.91942252
0.00778000  2965.5103767070586
0.00780000  2965.1013308941174
0.00782000  2964.692285081176
0.00784000  2964.2832392682353
0.00786000  2963.874193455294
0.00788000  2963.465147642353
0.00790000  2963.0561018294115
0.00792000  2962.6470560164703
0.00794000  2962.238010203529
0.00796000  2961.828964390588
0.00798000  2961.419918577647
0.00800000  2961.0108727647057
0.00802000  2960.6018269517645
0.00804000  2960.192781138823
0.00806000  2959.7837353258824
0.00808000  2959.374689512941
0.00810000  2958.9656437
0.00812000  2958.5565978870586
0.00814000  2958.1475520741174
0.00816000  2957.738506261176
0.00818000  2957.3294604482353
0.00820000  2956.920414635294
0.00822000  2956.511368822353
0.00824000  2956.1023230094115
0.00826000  2955.6932771964703
0.00828000  2955.2842313835295
0.00830000  2954.875185570588
0.00832000  2954.466139757647
0.00834000  2954.0570939447057
0.00836000  2953.6480481317644
0.00838000  2953.239002318823
0.00840000  2952.8299565058824
0.00842000  2952.420910692941
0.00844000  2952.01186488
0.00846000  2951.6028190670586
0.00848000  2951.1937732541173
0.00850000  2950.784727441176
0.00852000  2950.3756816282353
0.00854000  2949.966635815294
0.00856000  2949.5575900023528
0.00858000  2949.1485441894115
0.00860000  2948.7394983764702
0.00862000  2948.3304525635294
0.00864000  2947.921406750588
0.00866000  2947.512360937647
0.00868000  2947.1033151247057
0.00870000  2946.6942693117644
0.00872000  2946.285223498823
0.00874000  2945.8761776858823
0.00876000  2945.467131872941
0.00878000  2945.05808606
0.00880000  2944.6490402470586
0.00882000  2944.2399944341173
0.00884000  2943.8309486211765
0.00886000  2943.4219028082352
0.00888000  2943.012856995294
0.00890000  2942.6038111823527
0.00892000  2942.1947653694115
0.00894000  2941.78571955647
0.00896000  2941.3766737435294
0.00898000  2940.967627930588
0.00900000  2940.558582117647
0.00902000  2940.1495363047056
0.00904000  2939.7404904917644
0.00906000  2939.3314446788236
0.00908000  2938.9223988658823
0.00910000  2938.513353052941
0.00912000  2938.10430724
0.00914000  2937.6952614270585
0.00916000  2937.2862156141173
0.00918000  2936.8771698011765
0.00920000  2936.468123988235
0.00922000  2936.059078175294
0.00924000  2935.6500323623527
0.00926000  2935.2409865494114
0.00928000  2934.8319407364706
0.00930000  2934.4228949235294
0.00932000  2934.013849110588
0.00934000  2933.604803297647
0.00936000  2933.1957574847056
0.00938000  2932.7867116717644
0.00940000  2932.3776658588235
0.00942000  2931.9686200458823
0.00944000  2931.559574232941
0.00946000  2931.15052842
0.00948000  2930.7414826070585
0.00950000  2930.3324367941177
0.00952000  2929.9233909811765
0.00954000  2929.514345168235
0.00956000  2929.105299355294
0.00958000  2928.6962535423527
0.00960000  2928.2872077294114
0.00962000  2927.8781619164706
0.00964000  2927.4691161035294
0.00966000  2927.060070290588
0.00968000  2926.651024477647
0.00970000  2926.2419786647056
0.00972000  2925.832932851765
0.00974000  2925.4238870388235
0.00976000  2925.0148412258823
0.00978000  2924.605795412941
0.00980000  2924.1967495999997
0.00982000  2923.7877037870585
0.00984000  2923.3786579741177
0.00986000  2922.9696121611764
0.00988000  2922.560566348235
0.00990000  2922.151520535294
0.00992000  2921.7424747223527
0.00994000  2921.333428909412
0.00996000  2920.9243830964706
0.00998000  2920.5153372835293
0.01000000  2920.106291470588
0.01002000  2919.697245657647
0.01004000  2919.2881998447056
0.01006000  2918.8791540317648
0.01008000  2918.4701082188235
0.01010000  2918.0610624058822
0.01012000  2917.652016592941
0.01014000  2917.2429707799997
0.01016000  2916.8339249670585
0.01018000  2916.4248791541177
0.01020000  2916.0158333411764
0.01022000  2915.606787528235
0.01024000  2915.197741715294
0.01026000  2914.7886959023526
0.01028000  2914.379650089412
0.01030000  2913.9706042764706
0.01032000  2913.5615584635293
0.01034000  2913.152512650588
0.01036000  2912.743466837647
0.01038000  2912.3344210247055
0.01040000  2911.9253752117647
0.01042000  2911.5163293988235
0.01044000  2911.107283585882
0.01046000  2910.698237772941
0.01048000  2910.2891919599997
0.01050000  2909.8801461470584
0.01052000  2909.4711003341176
0.01054000  2909.0620545211764
0.01056000  2908.653008708235
0.01058000  2908.243962895294
0.01060000  2907.8349170823526
0.01062000  2907.425871269412
0.01064000  2907.0168254564705
0.01066000  2906.6077796435293
0.01068000  2906.198733830588
0.01070000  2905.7896880176468
0.01072000  2905.3806422047055
0.01074000  2904.9715963917647
0.01076000  2904.5625505788234
0.01078000  2904.153504765882
0.01080000  2903.744458952941
0.01082000  2903.3354131399997
0.01084000  2902.926367327059
0.01086000  2902.5173215141176
0.01088000  2902.1082757011764
0.01090000  2901.699229888235
0.01092000  2901.290184075294
0.01094000  2900.8811382623526
0.01096000  2900.472092449412
0.01098000  2900.0630466364705
0.01100000  2899.6540008235293
0.01102000  2899.244955010588
0.01104000  2898.8359091976467
0.01106000  2898.426863384706
0.01108000  2898.0178175717647
0.01110000  2897.6087717588234
0.01112000  2897.199725945882
0.01114000  2896.790680132941
0.01116000  2896.3816343199996
0.01118000  2895.972588507059
0.01120000  2895.5635426941176
0.01122000  2895.1544968811763
0.01124000  2894.745451068235
0.01126000  2894.336405255294
0.01128000  2893.927359442353
0.01130000  2893.5183136294118
0.01132000  2893.1092678164705
0.01134000  2892.7002220035292
0.01136000  2892.291176190588
0.01138000  2891.8821303776467
0.01140000  2891.473084564706
0.01142000  2891.0640387517647
0.01144000  2890.6549929388234
0.01146000  2890.245947125882
0.01148000  2889.836901312941
0.01150000  2889.4278555
0.01152000  2889.018809687059
0.01154000  2888.6097638741176
0.01156000  2888.2007180611763
0.01158000  2887.791672248235
0.01160000  2887.382626435294
0.01162000  2886.973580622353
0.01164000  2886.5645348094117
0.01166000  2886.1554889964705
0.01168000  2885.746443183529
0.01170000  2885.337397370588
0.01172000  2884.928351557647
0.01174000  2884.519305744706
0.01176000  2884.1102599317646
0.01178000  2883.7012141188234
0.01180000  2883.292168305882
0.01182000  2882.883122492941
0.01184000  2882.47407668
0.01186000  2882.065030867059
0.01188000  2881.6559850541175
0.01190000  2881.2469392411763
0.01192000  2880.837893428235
0.01194000  2880.428847615294
0.01196000  2880.019801802353
0.01198000  2879.6107559894117
0.01200000  2879.2017101764704
0.01202000  2878.792664363529
0.01204000  2878.383618550588
0.01206000  2877.974572737647
0.01208000  2877.565526924706
0.01210000  2877.1564811117646
0.01212000  2876.7474352988233
0.01214000  2876.338389485882
0.01216000  2875.929343672941
0.01218000  2875.52029786
0.01220000  2875.1112520470588
0.01222000  2874.7022062341175
0.01224000  2874.2931604211763
0.01226000  2873.884114608235
0.01228000  2873.475068795294
0.01230000  2873.066022982353
0.01232000  2872.6569771694117
0.01234000  2872.2479313564704
0.01236000  2871.838885543529
0.01238000  2871.429839730588
0.01240000  2871.020793917647
0.01242000  2870.611748104706
0.01244000  2870.2027022917646
0.01246000  2869.7936564788233
0.01248000  2869.384610665882
0.01250000  2868.975564852941
0.01252000  2868.56651904
0.01254000  2868.1574732270587
0.01256000  2867.7484274141175
0.01258000  2867.3393816011762
0.01260000  2866.930335788235
0.01262000  2866.521289975294
0.01264000  2866.112244162353
0.01266000  2865.7031983494117
0.01268000  2865.2941525364704
0.01270000  2864.885106723529
0.01272000  2864.476060910588
0.01274000  2864.067015097647
0.01276000  2863.657969284706
0.01278000  2863.2489234717646
0.01280000  2862.8398776588233
0.01282000  2862.430831845882
0.01284000  2862.0217860329412
0.01286000  2861.61274022
0.01288000  2861.2036944070587
0.01290000  2860.7946485941175
0.01292000  2860.385602781176
0.01294000  2859.976556968235
0.01296000  2859.567511155294
0.01298000  2859.158465342353
0.01300000  2858.7494195294116
0.01302000  2858.3403737164704
0.01304000  2857.931327903529
0.01306000  2857.5222820905883
0.01308000  2857.113236277647
0.01310000  2856.704190464706
0.01312000  2856.2951446517645
0.01314000  2855.8860988388233
0.01316000  2855.477053025882
0.01318000  2855.068007212941
0.01320000  2854.6589614
0.01322000  2854.2499155870587
0.01324000  2853.8408697741174
0.01326000  2853.431823961176
0.01328000  2853.0227781482354
0.01330000  2852.613732335294
0.01332000  2852.204686522353
0.01334000  2851.7956407094116
0.01336000  2851.3865948964703
0.01338000  2850.977549083529
0.01340000  2850.5685032705883
0.01342000  2850.159457457647
0.01344000  2849.7504116447058
0.01346000  2849.3413658317645
0.01348000  2848.9323200188232
0.01350000  2848.5232742058824
0.01352000  2848.114228392941
0.01354000  2847.70518258
0.01356000  2847.2961367670587
0.01358000  2846.8870909541174
0.01360000  2846.478045141176
0.01362000  2846.0689993282353
0.01364000  2845.659953515294
0.01366000  2845.250907702353
0.01368000  2844.8418618894116
0.01370000  2844.4328160764703
0.01372000  2844.0237702635295
0.01374000  2843.6147244505883
0.01376000  2843.205678637647
0.01378000  2842.7966328247057
0.01380000  2842.3875870117645
0.01382000  2841.978541198823
0.01384000  2841.5694953858824
0.01386000  2841.160449572941
0.01388000  2840.75140376
0.01390000  2840.3423579470586
0.01392000  2839.9333121341174
0.01394000  2839.5242663211766
0.01396000  2839.1152205082353
0.01398000  2838.706174695294
0.01400000  2838.297128882353
0.01402000  2837.8880830694116
0.01404000  2837.4790372564703
0.01406000  2837.0699914435295
0.01408000  2836.6609456305882
0.01410000  2836.251899817647
0.01412000  2835.8428540047057
0.01414000  2835.4338081917645
0.01416000  2835.0247623788237
0.01418000  2834.6157165658824
0.01420000  2834.206670752941
0.01422000  2833.79762494
0.01424000  2833.3885791270586
0.01426000  2832.9795333141174
0.01428000  2832.5704875011766
0.01430000  2832.1614416882353
0.01432000  2831.752395875294
0.01434000  2831.343350062353
0.01436000  2830.9343042494115
0.01438000  2830.5252584364703
0.01440000  2830.1162126235295
0.01442000  2829.707166810588
0.01444000  2829.298120997647
0.01446000  2828.8890751847057
0.01448000  2828.4800293717644
0.01450000  2828.070983558823
0.01452000  2827.6619377458824
0.01454000  2827.252891932941
0.01456000  2826.84384612
0.01458000  2826.4348003070586
0.01460000  2826.0257544941173
0.01462000  2825.6167086811765
0.01464000  2825.2076628682353
0.01466000  2824.798617055294
0.01468000  2824.3895712423528
0.01470000  2823.9805254294115
0.01472000  2823.5714796164702
0.01474000  2823.1624338035294
0.01476000  2822.753387990588
0.01478000  2822.344342177647
0.01480000  2821.9352963647057
0.01482000  2821.5262505517644
0.01484000  2821.1172047388236
0.01486000  2820.7081589258823
0.01488000  2820.299113112941
0.01490000  2819.8900673
0.01492000  2819.4810214870586
0.01494000  2819.0719756741173
0.01496000  2818.6629298611765
0.01498000  2818.2538840482352
0.01500000  2817.844838235294
0.01502000  2817.4357924223527
0.01504000  2817.0267466094115
0.01506000  2816.6177007964707
0.01508000  2816.2086549835294
0.01510000  2815.799609170588
0.01512000  2815.390563357647
0.01514000  2814.9815175447056
0.01516000  2814.5724717317644
0.01518000  2814.1634259188236
0.01520000  2813.7543801058823
0.01522000  2813.345334292941
0.01524000  2812.93628848
0.01526000  2812.5272426670585
0.01528000  2812.1181968541177
0.01530000  2811.7091510411765
0.01532000  2811.300105228235
0.01534000  2810.891059415294
0.01536000  2810.4820136023527
0.01538000  2810.0729677894115
0.01540000  2809.6639219764706
0.01542000  2809.2548761635294
0.01544000  2808.845830350588
0.01546000  2808.436784537647
0.01548000  2808.0277387247056
0.01550000  2807.618692911765
0.01552000  2807.2096470988236
0.01554000  2806.8006012858823
0.01556000  2806.391555472941
0.01558000  2805.98250966
0.01560000  2805.5734638470585
0.01562000  2805.1644180341177
0.01564000  2804.7553722211765
0.01566000  2804.346326408235
0.01568000  2803.937280595294
0.01570000  2803.5282347823527
0.01572000  2803.119188969412
0.01574000  2802.7101431564706
0.01576000  2802.3010973435294
0.01578000  2801.892051530588
0.01580000  2801.483005717647
0.01582000  2801.0739599047056
0.01584000  2800.664914091765
0.01586000  2800.2558682788235
0.01588000  2799.8468224658823
0.01590000  2799.437776652941
0.01592000  2799.0287308399998
0.01594000  2798.619685027059
0.01596000  2798.2106392141177
0.01598000  2797.8015934011764
0.01600000  2797.392547588235
0.01602000  2796.983501775294
0.01604000  2796.5744559623527
0.01606000  2796.165410149412
0.01608000  2795.7563643364706
0.01610000  2795.3473185235293
0.01612000  2794.938272710588
0.01614000  2794.529226897647
0.01616000  2794.120181084706
0.01618000  2793.7111352717648
0.01620000  2793.3020894588235
0.01622000  2792.8930436458822
0.01624000  2792.483997832941
0.01626000  2792.0749520199997
0.01628000  2791.6659062070585
0.01630000  2791.2568603941177
0.01632000  2790.8478145811764
0.01634000  2790.438768768235
0.01636000  2790.029722955294
0.01638000  2789.620677142353
0.01640000  2789.211631329412
0.01642000  2788.8025855164706
0.01644000  2788.3935397035293
0.01646000  2787.984493890588
0.01648000  2787.575448077647
0.01650000  2787.1664022647055
0.01652000  2786.7573564517647
0.01654000  2786.3483106388235
0.01656000  2785.939264825882
0.01658000  2785.530219012941
0.01660000  2785.1211731999997
0.01662000  2784.712127387059
0.01664000  2784.3030815741176
0.01666000  2783.8940357611764
0.01668000  2783.484989948235
0.01670000  2783.075944135294
0.01672000  2782.6668983223526
0.01674000  2782.257852509412
0.01676000  2781.8488066964705
0.01678000  2781.4397608835293
0.01680000  2781.030715070588
0.01682000  2780.6216692576468
0.01684000  2780.212623444706
0.01686000  2779.8035776317647
0.01688000  2779.3945318188235
0.01690000  2778.985486005882
0.01692000  2778.576440192941
0.01694000  2778.1673943799997
0.01696000  2777.758348567059
0.01698000  2777.3493027541176
0.01700000  2776.9402569411764
0.01702000  2776.531211128235
0.01704000  2776.122165315294
0.01706000  2775.713119502353
0.01708000  2775.304073689412
0.01710000  2774.8950278764705
0.01712000  2774.4859820635293
0.01714000  2774.076936250588
0.01716000  2773.6678904376467
0.01718000  2773.258844624706
0.01720000  2772.8497988117647
0.01722000  2772.4407529988234
0.01724000  2772.031707185882
0.01726000  2771.622661372941
0.01728000  2771.21361556
0.01730000  2770.804569747059
0.01732000  2770.3955239341176
0.01734000  2769.9864781211763
0.01736000  2769.577432308235
0.01738000  2769.168386495294
0.01740000  2768.759340682353
0.01742000  2768.3502948694118
0.01744000  2767.9412490564705
0.01746000  2767.5322032435292
0.01748000  2767.123157430588
0.01750000  2766.714111617647
0.01752000  2766.305065804706
0.01754000  2765.8960199917647
0.01756000  2765.4869741788234
0.01758000  2765.077928365882
0.01760000  2764.668882552941
0.01762000  2764.25983674
0.01764000  2763.850790927059
0.01766000  2763.4417451141176
0.01768000  2763.0326993011763
0.01770000  2762.623653488235
0.01772000  2762.2146076752942
0.01774000  2761.805561862353
0.01776000  2761.3965160494117
0.01778000  2760.9874702364705
0.01780000  2760.578424423529
0.01782000  2760.169378610588
0.01784000  2759.760332797647
0.01786000  2759.351286984706
0.01788000  2758.9422411717646
0.01790000  2758.5331953588234
0.01792000  2758.124149545882
0.01794000  2757.7151037329413
0.01796000  2757.30605792
0.01798000  2756.897012107059
0.01800000  2756.4879662941175
0.01802000  2756.0789204811763
0.01804000  2755.669874668235
0.01806000  2755.260828855294
0.01808000  2754.851783042353
0.01810000  2754.4427372294117
0.01812000  2754.0336914164704
0.01814000  2753.624645603529
0.01816000  2753.2155997905884
0.01818000  2752.806553977647
0.01820000  2752.397508164706
0.01822000  2751.9884623517646
0.01824000  2751.5794165388234
0.01826000  2751.170370725882
0.01828000  2750.761324912941
0.01830000  2750.3522791
0.01832000  2749.943233287059
0.01834000  2749.5341874741175
0.01836000  2749.1251416611763
0.01838000  2748.7160958482355
0.01840000  2748.307050035294
0.01842000  2747.898004222353
0.01844000  2747.4889584094117
0.01846000  2747.0799125964704
0.01848000  2746.670866783529
0.01850000  2746.261820970588
0.01852000  2745.852775157647
0.01854000  2745.443729344706
0.01856000  2745.0346835317646
0.01858000  2744.6256377188233
0.01860000  2744.2165919058825
0.01862000  2743.8075460929413
0.01864000  2743.39850028
0.01866000  2742.9894544670587
0.01868000  2742.5804086541175
0.01870000  2742.1713628411762
0.01872000  2741.762317028235
0.01874000  2741.353271215294
0.01876000  2740.944225402353
0.01878000  2740.5351795894117
0.01880000  2740.1261337764704
0.01882000  2739.717087963529
0.01884000  2739.3080421505883
0.01886000  2738.898996337647
0.01888000  2738.489950524706
0.01890000  2738.0809047117646
0.01892000  2737.6718588988233
0.01894000  2737.262813085882
0.01896000  2736.8537672729412
0.01898000  2736.44472146
0.01900000  2736.0356756470587
0.01902000  2735.6266298341175
0.01904000  2735.217584021176
0.01906000  2734.8085382082354
0.01908000  2734.399492395294
0.01910000  2733.990446582353
0.01912000  2733.5814007694116
0.01914000  2733.1723549564704
0.01916000  2732.763309143529
0.01918000  2732.3542633305883
0.01920000  2731.945217517647
0.01922000  2731.536171704706
0.01924000  2731.1271258917645
0.01926000  2730.7180800788233
0.01928000  2730.3090342658825
0.01930000  2729.899988452941
0.01932000  2729.49094264
0.01934000  2729.0818968270587
0.01936000  2728.6728510141174
0.01938000  2728.263805201176
0.01940000  2727.8547593882354
0.01942000  2727.445713575294
0.01944000  2727.036667762353
0.01946000  2726.6276219494116
0.01948000  2726.2185761364703
0.01950000  2725.8095303235295
0.01952000  2725.4004845105883
0.01954000  2724.991438697647
0.01956000  2724.5823928847058
0.01958000  2724.1733470717645
0.01960000  2723.7643012588233
0.01962000  2723.3552554458824
0.01964000  2722.946209632941
0.01966000  2722.53716382
0.01968000  2722.1281180070587
0.01970000  2721.7190721941174
0.01972000  2721.3100263811766
0.01974000  2720.9009805682354
0.01976000  2720.491934755294
0.01978000  2720.082888942353
0.01980000  2719.6738431294116
0.01982000  2719.2647973164703
0.01984000  2718.8557515035295
0.01986000  2718.4467056905883
0.01988000  2718.037659877647
0.01990000  2717.6286140647057
0.01992000  2717.2195682517645
0.01994000  2716.8105224388237
0.01996000  2716.4014766258824
0.01998000  2715.992430812941
0.02000000  2715.583385
0.02002000  2712.573525
0.02004000  2709.797949
0.02006000  2707.242533
0.02008000  2704.869893
0.02010000  2702.524026
0.02012000  2699.721639
0.02014000  2695.963356
0.02016000  2690.902595
0.02018000  2684.144528
0.02020000  2675.246095
0.02022000  2663.154044
0.02024000  2644.681073
0.02026000  2615.92945
0.02028000  2572.007478
0.02030000  2506.071686
0.02032000  2408.810254
0.02034000  2269.133737
0.02036000  2077.708517
0.02038000  1839.378155
0.02040000  1584.282475
0.02042000  1335.602738
0.02044000  1091.752673
0.02046000  838.182312
0.02048000  572.533511
0.02050000  340.398467
0.02052000  195.948497
0.02054000  122.444502
0.02056000  90.066931
0.02058000  80.710366
0.02060000  91.245874
0.02062000  130.678501
0.02064000  222.089359
0.02066000  397.558058
0.02068000  666.352126
0.02070000  1003.38328
0.02072000  1367.895264
0.02074000  1720.31353
0.02076000  2033.986153
0.02078000  2295.379573
0.02080000  2500.320818
0.02082000  2653.443385
0.02084000  2764.66722
0.02086000  2844.655899
0.02088000  2902.261881
0.02090000  2944.029549
0.02092000  2974.584349
0.02094000  2997.124514
0.02096000  3013.879643
0.02098000  3026.414897
0.02100000  3035.844103
0.02102000  3042.958576
0.02104000  3048.3396
0.02106000  3052.409883
0.02108000  3055.483239
0.02110000  3057.799272
0.02112000  3059.541715
0.02114000  3060.842917
0.02116000  3061.806454
0.02118000  3062.51042
0.02120000  3063.011941
0.02122000  3063.356688
0.02124000  3063.582758
0.02126000  3063.715466
0.02128000  3063.776425
0.02130000  3063.787181
0.02132000  3063.76029
0.02134000  3063.706501
0.02136000  3063.640151
0.02138000  3063.566615
0.02140000  3063.496652
0.02142000  3063.430266
0.02144000  3063.367457
0.02146000  3063.308227
0.02148000  3063.25617
0.02150000  3063.207696
0.02152000  3063.166398
0.02154000  3063.130483
0.02156000  3063.099953
0.02158000  3063.071217
0.02160000  3063.047867
0.02162000  3063.028108
0.02164000  3063.011941
0.02166000  3062.995773
0.02168000  3062.983198
0.02170000  3062.970622
0.02172000  3062.959842
0.02174000  3062.950859
0.02176000  3062.943673
0.02178000  3062.936486
0.02180000  3062.929299
0.02182000  3062.923908
0.02184000  3062.918518
0.02186000  3062.914924
0.02188000  3062.909534
0.02190000  3062.907737
0.02192000  3062.904143
0.02194000  3062.902346
0.02196000  3062.900549
0.02198000  3062.898752
0.02200000  3062.896955
0.02202000  3062.896955
0.02204000  3062.896955
0.02206000  3062.896955
0.02208000  3062.898752
0.02210000  3062.898752
0.02212000  3062.900549
0.02214000  3062.902346
0.02216000  3062.904143
0.02218000  3062.907737
0.02220000  3062.909534
0.02222000  3062.913127
0.02224000  3062.916721
0.02226000  3062.922111
0.02228000  3062.925705
0.02230000  3062.931095
0.02232000  3062.934689
0.02234000  3062.940079
0.02236000  3062.947266
0.02238000  3062.952656
0.02240000  3062.958046
0.02242000  3062.965232
0.02244000  3062.972419
0.02246000  3062.979605
0.02248000  3062.986791
0.02250000  3062.995773
0.02252000  3063.002959
0.02254000  3063.011941
0.02256000  3063.020923
0.02258000  3063.029904
0.02260000  3063.038886
0.02262000  3063.047867
0.02264000  3063.058644
0.02266000  3063.067625
0.02268000  3063.078401
0.02270000  3063.089177
0.02272000  3063.099953
0.02274000  3063.110729
0.02276000  3063.121504
0.02278000  3063.134075
0.02280000  3063.14485
0.02282000  3063.15742
0.02284000  3063.168194
0.02286000  3063.180763
0.02288000  3063.193332
0.02290000  3063.2059
0.02292000  3063.220263
0.02294000  3063.232831
0.02296000  3063.245398
0.02298000  3063.25976
0.02300000  3063.272326
0.02302000  3062.8632801870585
0.02304000  3062.4542343741173
0.02306000  3062.0451885611765
0.02308000  3061.636142748235
0.02310000  3061.227096935294
0.02312000  3060.8180511223527
0.02314000  3060.4090053094114
0.02316000  3059.99995949647
0.02318000  3059.5909136835294
0.02320000  3059.181867870588
0.02322000  3058.772822057647
0.02324000  3058.3637762447056
0.02326000  3057.9547304317643
0.02328000  3057.5456846188235
0.02330000  3057.1366388058823
0.02332000  3056.727592992941
0.02334000  3056.3185471799998
0.02336000  3055.9095013670585
0.02338000  3055.5004555541173
0.02340000  3055.0914097411764
0.02342000  3054.682363928235
0.02344000  3054.273318115294
0.02346000  3053.8642723023527
0.02348000  3053.4552264894114
0.02350000  3053.0461806764706
0.02352000  3052.6371348635294
0.02354000  3052.228089050588
0.02356000  3051.819043237647
0.02358000  3051.4099974247056
0.02360000  3051.0009516117643
0.02362000  3050.5919057988235
0.02364000  3050.1828599858823
0.02366000  3049.773814172941
0.02368000  3049.3647683599997
0.02370000  3048.9557225470585
0.02372000  3048.546676734117
0.02374000  3048.1376309211764
0.02376000  3047.728585108235
0.02378000  3047.319539295294
0.02380000  3046.9104934823526
0.02382000  3046.5014476694114
0.02384000  3046.0924018564706
0.02386000  3045.6833560435293
0.02388000  3045.274310230588
0.02390000  3044.865264417647
0.02392000  3044.4562186047056
0.02394000  3044.0471727917643
0.02396000  3043.6381269788235
0.02398000  3043.2290811658822
0.02400000  3042.820035352941
0.02402000  3042.4109895399997
0.02404000  3042.0019437270585
0.02406000  3041.5928979141177
0.02408000  3041.1838521011764
0.02410000  3040.774806288235
0.02412000  3040.365760475294
0.02414000  3039.9567146623526
0.02416000  3039.5476688494114
0.02418000  3039.1386230364706
0.02420000  3038.7295772235293
0.02422000  3038.320531410588
0.02424000  3037.911485597647
0.02426000  3037.5024397847055
0.02428000  3037.0933939717647
0.02430000  3036.6843481588235
0.02432000  3036.275302345882
0.02434000  3035.866256532941
0.02436000  3035.4572107199997
0.02438000  3035.0481649070584
0.02440000  3034.6391190941176
0.02442000  3034.2300732811764
0.02444000  3033.821027468235
0.02446000  3033.411981655294
0.02448000  3033.0029358423526
0.02450000  3032.593890029412
0.02452000  3032.1848442164705
0.02454000  3031.7757984035293
0.02456000  3031.366752590588
0.02458000  3030.9577067776468
0.02460000  3030.5486609647055
0.02462000  3030.1396151517647
0.02464000  3029.7305693388234
0.02466000  3029.321523525882
0.02468000  3028.912477712941
0.02470000  3028.5034318999997
0.02472000  3028.0943860870584
0.02474000  3027.6853402741176
0.02476000  3027.2762944611763
0.02478000  3026.867248648235
0.02480000  3026.458202835294
0.02482000  3026.0491570223526
0.02484000  3025.6401112094118
0.02486000  3025.2310653964705
0.02488000  3024.8220195835293
0.02490000  3024.412973770588
0.02492000  3024.0039279576467
0.02494000  3023.5948821447055
0.02496000  3023.1858363317647
0.02498000  3022.7767905188234
0.02500000  3022.367744705882
0.02502000  3021.958698892941
0.02504000  3021.5496530799996
0.02506000  3021.140607267059
0.02508000  3020.7315614541176
0.02510000  3020.3225156411763
0.02512000  3019.913469828235
0.02514000  3019.504424015294
0.02516000  3019.0953782023525
0.02518000  3018.6863323894117
0.02520000  3018.2772865764705
0.02522000  3017.8682407635292
0.02524000  3017.459194950588
0.02526000  3017.0501491376467
0.02528000  3016.641103324706
0.02530000  3016.2320575117647
0.02532000  3015.8230116988234
0.02534000  3015.413965885882
0.02536000  3015.004920072941
0.02538000  3014.5958742599996
0.02540000  3014.186828447059
0.02542000  3013.7777826341176
0.02544000  3013.3687368211763
0.02546000  3012.959691008235
0.02548000  3012.550645195294
0.02550000  3012.141599382353
0.02552000  3011.7325535694117
0.02554000  3011.3235077564705
0.02556000  3010.914461943529
0.02558000  3010.505416130588
0.02560000  3010.0963703176467
0.02562000  3009.687324504706
0.02564000  3009.2782786917646
0.02566000  3008.8692328788234
0.02568000  3008.460187065882
0.02570000  3008.051141252941
0.02572000  3007.6420954399996
0.02574000  3007.233049627059
0.02576000  3006.8240038141175
0.02578000  3006.4149580011763
0.02580000  3006.005912188235
0.02582000  3005.5968663752938
0.02584000  3005.187820562353
0.02586000  3004.7787747494117
0.02588000  3004.3697289364704
0.02590000  3003.960683123529
0.02592000  3003.551637310588
0.02594000  3003.1425914976467
0.02596000  3002.733545684706
0.02598000  3002.3244998717646
0.02600000  3001.9154540588233
0.02602000  3001.506408245882
0.02604000  3001.097362432941
0.02606000  3000.68831662
0.02608000  3000.2792708070588
0.02610000  2999.8702249941175
0.02612000  2999.4611791811762
0.02614000  2999.052133368235
0.02616000  2998.6430875552937
0.02618000  2998.234041742353
0.02620000  2997.8249959294117
0.02622000  2997.4159501164704
0.02624000  2997.006904303529
0.02626000  2996.597858490588
0.02628000  2996.188812677647
0.02630000  2995.779766864706
0.02632000  2995.3707210517646
0.02634000  2994.9616752388233
0.02636000  2994.552629425882
0.02638000  2994.143583612941
0.02640000  2993.7345378
0.02642000  2993.3254919870587
0.02644000  2992.9164461741175
0.02646000  2992.507400361176
0.02648000  2992.098354548235
0.02650000  2991.6893087352937
0.02652000  2991.280262922353
0.02654000  2990.8712171094116
0.02656000  2990.4621712964704
0.02658000  2990.053125483529
0.02660000  2989.644079670588
0.02662000  2989.235033857647
0.02664000  2988.825988044706
0.02666000  2988.4169422317646
0.02668000  2988.0078964188233
0.02670000  2987.598850605882
0.02672000  2987.189804792941
0.02674000  2986.78075898
0.02676000  2986.3717131670587
0.02678000  2985.9626673541175
0.02680000  2985.553621541176
0.02682000  2985.144575728235
0.02684000  2984.735529915294
0.02686000  2984.326484102353
0.02688000  2983.9174382894116
0.02690000  2983.5083924764704
0.02692000  2983.099346663529
0.02694000  2982.690300850588
0.02696000  2982.281255037647
0.02698000  2981.872209224706
0.02700000  2981.4631634117645
0.02702000  2981.0541175988233
0.02704000  2980.645071785882
0.02706000  2980.236025972941
0.02708000  2979.82698016
0.02710000  2979.4179343470587
0.02712000  2979.0088885341174
0.02714000  2978.599842721176
0.02716000  2978.190796908235
0.02718000  2977.781751095294
0.02720000  2977.372705282353
0.02722000  2976.9636594694116
0.02724000  2976.5546136564703
0.02726000  2976.145567843529
0.02728000  2975.7365220305883
0.02730000  2975.327476217647
0.02732000  2974.9184304047058
0.02734000  2974.5093845917645
0.02736000  2974.1003387788232
0.02738000  2973.691292965882
0.02740000  2973.282247152941
0.02742000  2972.87320134
0.02744000  2972.4641555270587
0.02746000  2972.0551097141174
0.02748000  2971.646063901176
0.02750000  2971.2370180882353
0.02752000  2970.827972275294
0.02754000  2970.418926462353
0.02756000  2970.0098806494116
0.02758000  2969.6008348364703
0.02760000  2969.191789023529
0.02762000  2968.7827432105883
0.02764000  2968.373697397647
0.02766000  2967.9646515847057
0.02768000  2967.5556057717645
0.02770000  2967.146559958823
0.02772000  2966.7375141458824
0.02774000  2966.328468332941
0.02776000  2965.91942252
0.02778000  2965.5103767070586
0.02780000  2965.1013308941174
0.02782000  2964.692285081176
0.02784000  2964.2832392682353
0.02786000  2963.874193455294
0.02788000  2963.465147642353
0.02790000  2963.0561018294115
0.02792000  2962.6470560164703
0.02794000  2962.238010203529
0.02796000  2961.828964390588
0.02798000  2961.419918577647
0.02800000  2961.0108727647057
0.02802000  2960.6018269517645
0.02804000  2960.192781138823
0.02806000  2959.7837353258824
0.02808000  2959.374689512941
0.02810000  2958.9656437
0.02812000  2958.5565978870586
0.02814000  2958.1475520741174
0.02816000  2957.738506261176
0.02818000  2957.3294604482353
0.02820000  2956.920414635294
0.02822000  2956.511368822353
0.02824000  2956.1023230094115
0.02826000  2955.6932771964703
0.02828000  2955.2842313835295
0.02830000  2954.875185570588
0.02832000  2954.466139757647
0.02834000  2954.0570939447057
0.02836000  2953.6480481317644
0.02838000  2953.239002318823
0.02840000  2952.8299565058824
0.02842000  2952.420910692941
0.02844000  2952.01186488
0.02846000  2951.6028190670586
0.02848000  2951.1937732541173
0.02850000  2950.784727441176
0.02852000  2950.3756816282353
0.02854000  2949.966635815294
0.02856000  2949.5575900023528
0.02858000  2949.1485441894115
0.02860000  2948.7394983764702
0.02862000  2948.3304525635294
0.02864000  2947.921406750588
0.02866000  2947.512360937647
0.02868000  2947.1033151247057
0.02870000  2946.6942693117644
0.02872000  2946.285223498823
0.02874000  2945.8761776858823
0.02876000  2945.467131872941
0.02878000  2945.05808606
0.02880000  2944.6490402470586
0.02882000  2944.2399944341173
0.02884000  2943.8309486211765
0.02886000  2943.4219028082352
0.02888000  2943.012856995294
0.02890000  2942.6038111823527
0.02892000  2942.1947653694115
0.02894000  2941.78571955647
0.02896000  2941.3766737435294
0.02898000  2940.967627930588
0.02900000  2940.558582117647
0.02902000  2940.1495363047056
0.02904000  2939.7404904917644
0.02906000  2939.3314446788236
0.02908000  2938.9223988658823
0.02910000  2938.513353052941
0.02912000  2938.10430724
0.02914000  2937.6952614270585
0.02916000  2937.2862156141173
0.02918000  2936.8771698011765
0.02920000  2936.468123988235
0.02922000  2936.059078175294
0.02924000  2935.6500323623527
0.02926000  2935.2409865494114
0.02928000  2934.8319407364706
0.02930000  2934.4228949235294
0.02932000  2934.013849110588
0.02934000  2933.604803297647
0.02936000  2933.1957574847056
0.02938000  2932.7867116717644
0.02940000  2932.3776658588235
0.02942000  2931.9686200458823
0.02944000  2931.559574232941
0.02946000  2931.15052842
0.02948000  2930.7414826070585
0.02950000  2930.3324367941177
0.02952000  2929.9233909811765
0.02954000  2929.514345168235
0.02956000  2929.105299355294
0.02958000  2928.6962535423527
0.02960000  2928.2872077294114
0.02962000  2927.8781619164706
0.02964000  2927.4691161035294
0.02966000  2927.060070290588
0.02968000  2926.651024477647
0.02970000  2926.2419786647056
0.02972000  2925.832932851765
0.02974000  2925.4238870388235
0.02976000  2925.0148412258823
0.02978000  2924.605795412941
0.02980000  2924.1967495999997
0.02982000  2923.7877037870585
0.02984000  2923.3786579741177
0.02986000  2922.9696121611764
0.02988000  2922.560566348235
0.02990000  2922.151520535294
0.02992000  2921.7424747223527
0.02994000  2921.333428909412
0.02996000  2920.9243830964706
0.02998000  2920.5153372835293
0.03000000  2920.106291470588
0.03002000  2919.697245657647
0.03004000  2919.2881998447056
0.03006000  2918.8791540317648
0.03008000  2918.4701082188235
0.03010000  2918.0610624058822
0.03012000  2917.652016592941
0.03014000  2917.2429707799997
0.03016000  2916.8339249670585
0.03018000  2916.4248791541177
0.03020000  2916.0158333411764
0.03022000  2915.606787528235
0.03024000  2915.197741715294
0.03026000  2914.7886959023526
0.03028000  2914.379650089412
0.03030000  2913.9706042764706
0.03032000  2913.5615584635293
0.03034000  2913.152512650588
0.03036000  2912.743466837647
0.03038000  2912.3344210247055
0.03040000  2911.9253752117647
0.03042000  2911.5163293988235
0.03044000  2911.107283585882
0.03046000  2910.698237772941
0.03048000  2910.2891919599997
0.03050000  2909.8801461470584
0.03052000  2909.4711003341176
0.03054000  2909.0620545211764
0.03056000  2908.653008708235
0.03058000  2908.243962895294
0.03060000  2907.8349170823526
0.03062000  2907.425871269412
0.03064000  2907.0168254564705
0.03066000  2906.6077796435293
0.03068000  2906.198733830588
0.03070000  2905.7896880176468
0.03072000  2905.3806422047055
0.03074000  2904.9715963917647
0.03076000  2904.5625505788234
0.03078000  2904.153504765882
0.03080000  2903.744458952941
0.03082000  2903.3354131399997
0.03084000  2902.926367327059
0.03086000  2902.5173215141176
0.03088000  2902.1082757011764
0.03090000  2901.699229888235
0.03092000  2901.290184075294
0.03094000  2900.8811382623526
0.03096000  2900.472092449412
0.03098000  2900.0630466364705
0.03100000  2899.6540008235293
0.03102000  2899.244955010588
0.03104000  2898.8359091976467
0.03106000  2898.426863384706
0.03108000  2898.0178175717647
0.03110000  2897.6087717588234
0.03112000  2897.199725945882
0.03114000  2896.790680132941
0.03116000  2896.3816343199996
0.03118000  2895.972588507059
0.03120000  2895.5635426941176
0.03122000  2895.1544968811763
0.03124000  2894.745451068235
0.03126000  2894.336405255294
0.03128000  2893.927359442353
0.03130000  2893.5183136294118
0.03132000  2893.1092678164705
0.03134000  2892.7002220035292
0.03136000  2892.291176190588
0.03138000  2891.8821303776467
0.03140000  2891.473084564706
0.03142000  2891.0640387517647
0.03144000  2890.6549929388234
0.03146000  2890.245947125882
0.03148000  2889.836901312941
0.03150000  2889.4278555
0.03152000  2889.018809687059
0.03154000  2888.6097638741176
0.03156000  2888.2007180611763
0.03158000  2887.791672248235
0.03160000  2887.382626435294
0.03162000  2886.973580622353
0.03164000  2886.5645348094117
0.03166000  2886.1554889964705
0.03168000  2885.746443183529
0.03170000  2885.337397370588
0.03172000  2884.928351557647
0.03174000  2884.519305744706
0.03176000  2884.1102599317646
0.03178000  2883.7012141188234
0.03180000  2883.292168305882
0.03182000  2882.883122492941
0.03184000  2882.47407668
0.03186000  2882.065030867059
0.03188000  2881.6559850541175
0.03190000  2881.2469392411763
0.03192000  2880.837893428235
0.03194000  2880.428847615294
0.03196000  2880.019801802353
0.03198000  2879.6107559894117
0.03200000  2879.2017101764704
0.03202000  2878.792664363529
0.03204000  2878.383618550588
0.03206000  2877.974572737647
0.03208000  2877.565526924706
0.03210000  2877.1564811117646
0.03212000  2876.7474352988233
0.03214000  2876.338389485882
0.03216000  2875.929343672941
0.03218000  2875.52029786
0.03220000  2875.1112520470588
0.03222000  2874.7022062341175
0.03224000  2874.2931604211763
0.03226000  2873.884114608235
0.03228000  2873.475068795294
0.03230000  2873.066022982353
0.03232000  2872.6569771694117
0.03234000  2872.2479313564704
0.03236000  2871.838885543529
0.03238000  2871.429839730588
0.03240000  2871.020793917647
0.03242000  2870.611748104706
0.03244000  2870.2027022917646
0.03246000  2869.7936564788233
0.03248000  2869.384610665882
0.03250000  2868.975564852941
0.03252000  2868.56651904
0.03254000  2868.1574732270587
0.03256000  2867.7484274141175
0.03258000  2867.3393816011762
0.03260000  2866.930335788235
0.03262000  2866.521289975294
0.03264000  2866.112244162353
0.03266000  2865.7031983494117
0.03268000  2865.2941525364704
0.03270000  2864.885106723529
0.03272000  2864.476060910588
0.03274000  2864.067015097647
0.03276000  2863.657969284706
0.03278000  2863.2489234717646
0.03280000  2862.8398776588233
0.03282000  2862.430831845882
0.03284000  2862.0217860329412
0.03286000  2861.61274022
0.03288000  2861.2036944070587
0.03290000  2860.7946485941175
0.03292000  2860.385602781176
0.03294000  2859.976556968235
0.03296000  2859.567511155294
0.03298000  2859.158465342353
0.03300000  2858.7494195294116
0.03302000  2858.3403737164704
0.03304000  2857.931327903529
0.03306000  2857.5222820905883
0.03308000  2857.113236277647
0.03310000  2856.704190464706
0.03312000  2856.2951446517645
0.03314000  2855.8860988388233
0.03316000  2855.477053025882
0.03318000  2855.068007212941
0.03320000  2854.6589614
0.03322000  2854.2499155870587
0.03324000  2853.8408697741174
0.03326000  2853.431823961176
0.03328000  2853.0227781482354
0.03330000  2852.613732335294
0.03332000  2852.204686522353
0.03334000  2851.7956407094116
0.03336000  2851.3865948964703
0.03338000  2850.977549083529
0.03340000  2850.5685032705883
0.03342000  2850.159457457647
0.03344000  2849.7504116447058
0.03346000  2849.3413658317645
0.03348000  2848.9323200188232
0.03350000  2848.5232742058824
0.03352000  2848.114228392941
0.03354000  2847.70518258
0.03356000  2847.2961367670587
0.03358000  2846.8870909541174
0.03360000  2846.478045141176
0.03362000  2846.0689993282353
0.03364000  2845.659953515294
0.03366000  2845.250907702353
0.03368000  2844.8418618894116
0.03370000  2844.4328160764703
0.03372000  2844.0237702635295
0.03374000  2843.6147244505883
0.03376000  2843.205678637647
0.03378000  2842.7966328247057
0.03380000  2842.3875870117645
0.03382000  2841.978541198823
0.03384000  2841.5694953858824
0.03386000  2841.160449572941
0.03388000  2840.75140376
0.03390000  2840.3423579470586
0.03392000  2839.9333121341174
0.03394000  2839.5242663211766
0.03396000  2839.1152205082353
0.03398000  2838.706174695294
0.03400000  2838.297128882353
0.03402000  2837.8880830694116
0.03404000  2837.4790372564703
0.03406000  2837.0699914435295
0.03408000  2836.6609456305882
0.03410000  2836.251899817647
0.03412000  2835.8428540047057
0.03414000  2835.4338081917645
0.03416000  2835.0247623788237
0.03418000  2834.6157165658824
0.03420000  2834.206670752941
0.03422000  2833.79762494
0.03424000  2833.3885791270586
0.03426000  2832.9795333141174
0.03428000  2832.5704875011766
0.03430000  2832.1614416882353
0.03432000  2831.752395875294
0.03434000  2831.343350062353
0.03436000  2830.9343042494115
0.03438000  2830.5252584364703
0.03440000  2830.1162126235295
0.03442000  2829.707166810588
0.03444000  2829.298120997647
0.03446000  2828.8890751847057
0.03448000  2828.4800293717644
0.03450000  2828.070983558823
0.03452000  2827.6619377458824
0.03454000  2827.252891932941
0.03456000  2826.84384612
0.03458000  2826.4348003070586
0.03460000  2826.0257544941173
0.03462000  2825.6167086811765
0.03464000  2825.2076628682353
0.03466000  2824.798617055294
0.03468000  2824.3895712423528
0.03470000  2823.9805254294115
0.03472000  2823.5714796164702
0.03474000  2823.1624338035294
0.03476000  2822.753387990588
0.03478000  2822.344342177647
0.03480000  2821.9352963647057
0.03482000  2821.5262505517644
0.03484000  2821.1172047388236
0.03486000  2820.7081589258823
0.03488000  2820.299113112941
0.03490000  2819.8900673
0.03492000  2819.4810214870586
0.03494000  2819.0719756741173
0.03496000  2818.6629298611765
0.03498000  2818.2538840482352
0.03500000  2817.844838235294
0.03502000  2817.4357924223527
0.03504000  2817.0267466094115
0.03506000  2816.6177007964707
0.03508000  2816.2086549835294
0.03510000  2815.799609170588
0.03512000  2815.390563357647
0.03514000  2814.9815175447056
0.03516000  2814.5724717317644
0.03518000  2814.1634259188236
0.03520000  2813.7543801058823
0.03522000  2813.345334292941
0.03524000  2812.93628848
0.03526000  2812.5272426670585
0.03528000  2812.1181968541177
0.03530000  2811.7091510411765
0.03532000  2811.300105228235
0.03534000  2810.891059415294
0.03536000  2810.4820136023527
0.03538000  2810.0729677894115
0.03540000  2809.6639219764706
0.03542000  2809.2548761635294
0.03544000  2808.845830350588
0.03546000  2808.436784537647
0.03548000  2808.0277387247056
0.03550000  2807.618692911765
0.03552000  2807.2096470988236
0.03554000  2806.8006012858823
0.03556000  2806.391555472941
0.03558000  2805.98250966
0.03560000  2805.5734638470585
0.03562000  2805.1644180341177
0.03564000  2804.7553722211765
0.03566000  2804.346326408235
0.03568000  2803.937280595294
0.03570000  2803.5282347823527
0.03572000  2803.119188969412
0.03574000  2802.7101431564706
0.03576000  2802.3010973435294
0.03578000  2801.892051530588
0.03580000  2801.483005717647
0.03582000  2801.0739599047056
0.03584000  2800.664914091765
0.03586000  2800.2558682788235
0.03588000  2799.8468224658823
0.03590000  2799.437776652941
0.03592000  2799.0287308399998
0.03594000  2798.619685027059
0.03596000  2798.2106392141177
0.03598000  2797.8015934011764
0.03600000  2797.392547588235
0.03602000  2796.983501775294
0.03604000  2796.5744559623527
0.03606000  2796.165410149412
0.03608000  2795.7563643364706
0.03610000  2795.3473185235293
0.03612000  2794.938272710588
0.03614000  2794.529226897647
0.03616000  2794.120181084706
0.03618000  2793.7111352717648
0.03620000  2793.3020894588235
0.03622000  2792.8930436458822
0.03624000  2792.483997832941
0.03626000  2792.0749520199997
0.03628000  2791.6659062070585
0.03630000  2791.2568603941177
0.03632000  2790.8478145811764
0.03634000  2790.438768768235
0.03636000  2790.029722955294
0.03638000  2789.620677142353
0.03640000  2789.211631329412
0.03642000  2788.8025855164706
0.03644000  2788.3935397035293
0.03646000  2787.984493890588
0.03648000  2787.575448077647
0.03650000  2787.1664022647055
0.03652000  2786.7573564517647
0.03654000  2786.3483106388235
0.03656000  2785.939264825882
0.03658000  2785.530219012941
0.03660000  2785.1211731999997
0.03662000  2784.712127387059
0.03664000  2784.3030815741176
0.03666000  2783.8940357611764
0.03668000  2783.484989948235
0.03670000  2783.075944135294
0.03672000  2782.6668983223526
0.03674000  2782.257852509412
0.03676000  2781.8488066964705
0.03678000  2781.4397608835293
0.03680000  2781.030715070588
0.03682000  2780.6216692576468
0.03684000  2780.212623444706
0.03686000  2779.8035776317647
0.03688000  2779.3945318188235
0.03690000  2778.985486005882
0.03692000  2778.576440192941
0.03694000  2778.1673943799997
0.03696000  2777.758348567059
0.03698000  2777.3493027541176
0.03700000  2776.9402569411764
0.03702000  2776.531211128235
0.03704000  2776.122165315294
0.03706000  2775.713119502353
0.03708000  2775.304073689412
0.03710000  2774.8950278764705
0.03712000  2774.4859820635293
0.03714000  2774.076936250588
0.03716000  2773.6678904376467
0.03718000  2773.258844624706
0.03720000  2772.8497988117647
0.03722000  2772.4407529988234
0.03724000  2772.031707185882
0.03726000  2771.622661372941
0.03728000  2771.21361556
0.03730000  2770.804569747059
0.03732000  2770.3955239341176
0.03734000  2769.9864781211763
0.03736000  2769.577432308235
0.03738000  2769.168386495294
0.03740000  2768.759340682353
0.03742000  2768.3502948694118
0.03744000  2767.9412490564705
0.03746000  2767.5322032435292
0.03748000  2767.123157430588
0.03750000  2766.714111617647
0.03752000  2766.305065804706
0.03754000  2765.8960199917647
0.03756000  2765.4869741788234
0.03758000  2765.077928365882
0.03760000  2764.668882552941
0.03762000  2764.25983674
0.03764000  2763.850790927059
0.03766000  2763.4417451141176
0.03768000  2763.0326993011763
0.03770000  2762.623653488235
0.03772000  2762.2146076752942
0.03774000  2761.805561862353
0.03776000  2761.3965160494117
0.03778000  2760.9874702364705
0.03780000  2760.578424423529
0.03782000  2760.169378610588
0.03784000  2759.760332797647
0.03786000  2759.351286984706
0.03788000  2758.9422411717646
0.03790000  2758.5331953588234
0.03792000  2758.124149545882
0.03794000  2757.7151037329413
0.03796000  2757.30605792
0.03798000  2756.897012107059
0.03800000  2756.4879662941175
0.03802000  2756.0789204811763
0.03804000  2755.669874668235
0.03806000  2755.260828855294
0.03808000  2754.851783042353
0.03810000  2754.4427372294117
0.03812000  2754.0336914164704
0.03814000  2753.624645603529
0.03816000  2753.2155997905884
0.03818000  2752.806553977647
0.03820000  2752.397508164706
0.03822000  2751.9884623517646
0.03824000  2751.5794165388234
0.03826000  2751.170370725882
0.03828000  2750.761324912941
0.03830000  2750.3522791
0.03832000  2749.943233287059
0.03834000  2749.5341874741175
0.03836000  2749.1251416611763
0.03838000  2748.7160958482355
0.03840000  2748.307050035294
0.03842000  2747.898004222353
0.03844000  2747.4889584094117
0.03846000  2747.0799125964704
0.03848000  2746.670866783529
0.03850000  2746.261820970588
0.03852000  2745.852775157647
0.03854000  2745.443729344706
0.03856000  2745.0346835317646
0.03858000  2744.6256377188233
0.03860000  2744.2165919058825
0.03862000  2743.8075460929413
0.03864000  2743.39850028
0.03866000  2742.9894544670587
0.03868000  2742.5804086541175
0.03870000  2742.1713628411762
0.03872000  2741.762317028235
0.03874000  2741.353271215294
0.03876000  2740.944225402353
0.03878000  2740.5351795894117
0.03880000  2740.1261337764704
0.03882000  2739.717087963529
0.03884000  2739.3080421505883
0.03886000  2738.898996337647
0.03888000  2738.489950524706
0.03890000  2738.0809047117646
0.03892000  2737.6718588988233
0.03894000  2737.262813085882
0.03896000  2736.8537672729412
0.03898000  2736.44472146
0.03900000  2736.0356756470587
0.03902000  2735.6266298341175
0.03904000  2735.217584021176
0.03906000  2734.8085382082354
0.03908000  2734.399492395294
0.03910000  2733.990446582353
0.03912000  2733.5814007694116
0.03914000  2733.1723549564704
0.03916000  2732.763309143529
0.03918000  2732.3542633305883
0.03920000  2731.945217517647
0.03922000  2731.536171704706
0.03924000  2731.1271258917645
0.03926000  2730.7180800788233
0.03928000  2730.3090342658825
0.03930000  2729.899988452941
0.03932000  2729.49094264
0.03934000  2729.0818968270587
0.03936000  2728.6728510141174
0.03938000  2728.263805201176
0.03940000  2727.8547593882354
0.03942000  2727.445713575294
0.03944000  2727.036667762353
0.03946000  2726.6276219494116
0.03948000  2726.2185761364703
0.03950000  2725.8095303235295
0.03952000  2725.4004845105883
0.03954000  2724.991438697647
0.03956000  2724.5823928847058
0.03958000  2724.1733470717645
0.03960000  2723.7643012588233
0.03962000  2723.3552554458824
0.03964000  2722.946209632941
0.03966000  2722.53716382
0.03968000  2722.1281180070587
0.03970000  2721.7190721941174
0.03972000  2721.3100263811766
0.03974000  2720.9009805682354
0.03976000  2720.491934755294
0.03978000  2720.082888942353
0.03980000  2719.6738431294116
0.03982000  2719.2647973164703
0.03984000  2718.8557515035295
0.03986000  2718.4467056905883
0.03988000  2718.037659877647
0.03990000  2717.6286140647057
0.03992000  2717.2195682517645
0.03994000  2716.8105224388237
0.03996000  2716.4014766258824
0.03998000  2715.992430812941
0.04000000  2715.583385
0.04002000  2712.573525
0.04004000  2709.797949
0.04006000  2707.242533
0.04008000  2704.869893
0.04010000  2702.524026
0.04012000  2699.721639
0.04014000  2695.963356
0.04016000  2690.902595
0.04018000  2684.144528
0.04020000  2675.246095
0.04022000  2663.154044
0.04024000  2644.681073
0.04026000  2615.92945
0.04028000  2572.007478
0.04030000  2506.071686
0.04032000  2408.810254
0.04034000  2269.133737
0.04036000  2077.708517
0.04038000  1839.378155
0.04040000  1584.282475
0.04042000  1335.602738
0.04044000  1091.752673
0.04046000  838.182312
0.04048000  572.533511
0.04050000  340.398467
0.04052000  195.948497
0.04054000  122.444502
0.04056000  90.066931
0.04058000  80.710366
0.04060000  91.245874
0.04062000  130.678501
0.04064000  222.089359
0.04066000  397.558058
0.04068000  666.352126
0.04070000  1003.38328
0.04072000  1367.895264
0.04074000  1720.31353
0.04076000  2033.986153
0.04078000  2295.379573
0.04080000  2500.320818
0.04082000  2653.443385
0.04084000  2764.66722
0.04086000  2844.655899
0.04088000  2902.261881
0.04090000  2944.029549
0.04092000  2974.584349
0.04094000  2997.124514
0.04096000  3013.879643
0.04098000  3026.414897
0.04100000  3035.844103
0.04102000  3042.958576
0.04104000  3048.3396
0.04106000  3052.409883
0.04108000  3055.483239
0.04110000  3057.799272
0.04112000  3059.541715
0.04114000  3060.842917
0.04116000  3061.806454
0.04118000  3062.51042
0.04120000  3063.011941
0.04122000  3063.356688
0.04124000  3063.582758
0.04126000  3063.715466
0.04128000  3063.776425
0.04130000  3063.787181
0.04132000  3063.76029
0.04134000  3063.706501
0.04136000  3063.640151
0.04138000  3063.566615
0.04140000  3063.496652
0.04142000  3063.430266
0.04144000  3063.367457
0.04146000  3063.308227
0.04148000  3063.25617
0.04150000  3063.207696
0.04152000  3063.166398
0.04154000  3063.130483
0.04156000  3063.099953
0.04158000  3063.071217
0.04160000  3063.047867
0.04162000  3063.028108
0.04164000  3063.011941
0.04166000  3062.995773
0.04168000  3062.983198
0.04170000  3062.970622
0.04172000  3062.959842
0.04174000  3062.950859
0.04176000  3062.943673
0.04178000  3062.936486
0.04180000  3062.929299
0.04182000  3062.923908
0.04184000  3062.918518
0.04186000  3062.914924
0.04188000  3062.909534
0.04190000  3062.907737
0.04192000  3062.904143
0.04194000  3062.902346
0.04196000  3062.900549
0.04198000  3062.898752
0.04200000  3062.896955
0.04202000  3062.896955
0.04204000  3062.896955
0.04206000  3062.896955
0.04208000  3062.898752
0.04210000  3062.898752
0.04212000  3062.900549
0.04214000  3062.902346
0.04216000  3062.904143
0.04218000  3062.907737
0.04220000  3062.909534
0.04222000  3062.913127
0.04224000  3062.916721
0.04226000  3062.922111
0.04228000  3062.925705
0.04230000  3062.931095
0.04232000  3062.934689
0.04234000  3062.940079
0.04236000  3062.947266
0.04238000  3062.952656
0.04240000  3062.958046
0.04242000  3062.965232
0.04244000  3062.972419
0.04246000  3062.979605
0.04248000  3062.986791
0.04250000  3062.995773
0.04252000  3063.002959
0.04254000  3063.011941
0.04256000  3063.020923
0.04258000  3063.029904
0.04260000  3063.038886
0.04262000  3063.047867
0.04264000  3063.058644
0.04266000  3063.067625
0.04268000  3063.078401
0.04270000  3063.089177
0.04272000  3063.099953
0.04274000  3063.110729
0.04276000  3063.121504
0.04278000  3063.134075
0.04280000  3063.14485
0.04282000  3063.15742
0.04284000  3063.168194
0.04286000  3063.180763
0.04288000  3063.193332
0.04290000  3063.2059
0.04292000  3063.220263
0.04294000  3063.232831
0.04296000  3063.245398
0.04298000  3063.25976
0.04300000  3063.272326
0.04302000  3062.8632801870585
0.04304000  3062.4542343741173
0.04306000  3062.0451885611765
0.04308000  3061.636142748235
0.04310000  3061.227096935294
0.04312000  3060.8180511223527
0.04314000  3060.4090053094114
0.04316000  3059.99995949647
0.04318000  3059.5909136835294
0.04320000  3059.181867870588
0.04322000  3058.772822057647
0.04324000  3058.3637762447056
0.04326000  3057.9547304317643
0.04328000  3057.5456846188235
0.04330000  3057.1366388058823
0.04332000  3056.727592992941
0.04334000  3056.3185471799998
0.04336000  3055.9095013670585
0.04338000  3055.5004555541173
0.04340000  3055.0914097411764
0.04342000  3054.682363928235
0.04344000  3054.273318115294
0.04346000  3053.8642723023527
0.04348000  3053.4552264894114
0.04350000  3053.0461806764706
0.04352000  3052.6371348635294
0.04354000  3052.228089050588
0.04356000  3051.819043237647
0.04358000  3051.4099974247056
0.04360000  3051.0009516117643
0.04362000  3050.5919057988235
0.04364000  3050.1828599858823
0.04366000  3049.773814172941
0.04368000  3049.3647683599997
0.04370000  3048.9557225470585
0.04372000  3048.546676734117
0.04374000  3048.1376309211764
0.04376000  3047.728585108235
0.04378000  3047.319539295294
0.04380000  3046.9104934823526
0.04382000  3046.5014476694114
0.04384000  3046.0924018564706
0.04386000  3045.6833560435293
0.04388000  3045.274310230588
0.04390000  3044.865264417647
0.04392000  3044.4562186047056
0.04394000  3044.0471727917643
0.04396000  3043.6381269788235
0.04398000  3043.2290811658822
0.04400000  3042.820035352941
0.04402000  3042.4109895399997
0.04404000  3042.0019437270585
0.04406000  3041.5928979141177
0.04408000  3041.1838521011764
0.04410000  3040.774806288235
0.04412000  3040.365760475294
0.04414000  3039.9567146623526
0.04416000  3039.5476688494114
0.04418000  3039.1386230364706
0.04420000  3038.7295772235293
0.04422000  3038.320531410588
0.04424000  3037.911485597647
0.04426000  3037.5024397847055
0.04428000  3037.0933939717647
0.04430000  3036.6843481588235
0.04432000  3036.275302345882
0.04434000  3035.866256532941
0.04436000  3035.4572107199997
0.04438000  3035.0481649070584
0.04440000  3034.6391190941176
0.04442000  3034.2300732811764
0.04444000  3033.821027468235
0.04446000  3033.411981655294
0.04448000  3033.0029358423526
0.04450000  3032.593890029412
0.04452000  3032.1848442164705
0.04454000  3031.7757984035293
0.04456000  3031.366752590588
0.04458000  3030.9577067776468
0.04460000  3030.5486609647055
0.04462000  3030.1396151517647
0.04464000  3029.7305693388234
0.04466000  3029.321523525882
0.04468000  3028.912477712941
0.04470000  3028.5034318999997
0.04472000  3028.0943860870584
0.04474000  3027.6853402741176
0.04476000  3027.2762944611763
0.04478000  3026.867248648235
0.04480000  3026.458202835294
0.04482000  3026.0491570223526
0.04484000  3025.6401112094118
0.04486000  3025.2310653964705
0.04488000  3024.8220195835293
0.04490000  3024.412973770588
0.04492000  3024.0039279576467
0.04494000  3023.5948821447055
0.04496000  3023.1858363317647
0.04498000  3022.7767905188234
0.04500000  3022.367744705882
0.04502000  3021.958698892941
0.04504000  3021.5496530799996
0.04506000  3021.140607267059
0.04508000  3020.7315614541176
0.04510000  3020.3225156411763
0.04512000  3019.913469828235
0.04514000  3019.504424015294
0.04516000  3019.0953782023525
0.04518000  3018.6863323894117
0.04520000  3018.2772865764705
0.04522000  3017.8682407635292
0.04524000  3017.459194950588
0.04526000  3017.0501491376467
0.04528000  3016.641103324706
0.04530000  3016.2320575117647
0.04532000  3015.8230116988234
0.04534000  3015.413965885882
0.04536000  3015.004920072941
0.04538000  3014.5958742599996
0.04540000  3014.186828447059
0.04542000  3013.7777826341176
0.04544000  3013.3687368211763
0.04546000  3012.959691008235
0.04548000  3012.550645195294
0.04550000  3012.141599382353
0.04552000  3011.7325535694117
0.04554000  3011.3235077564705
0.04556000  3010.914461943529
0.04558000  3010.505416130588
0.04560000  3010.0963703176467
0.04562000  3009.687324504706
0.04564000  3009.2782786917646
0.04566000  3008.8692328788234
0.04568000  3008.460187065882
0.04570000  3008.051141252941
0.04572000  3007.6420954399996
0.04574000  3007.233049627059
0.04576000  3006.8240038141175
0.04578000  3006.4149580011763
0.04580000  3006.005912188235
0.04582000  3005.5968663752938
0.04584000  3005.187820562353
0.04586000  3004.7787747494117
0.04588000  3004.3697289364704
0.04590000  3003.960683123529
0.04592000  3003.551637310588
0.04594000  3003.1425914976467
0.04596000  3002.733545684706
0.04598000  3002.3244998717646
0.04600000  3001.9154540588233
0.04602000  3001.506408245882
0.04604000  3001.097362432941
0.04606000  3000.68831662
0.04608000  3000.2792708070588
0.04610000  2999.8702249941175
0.04612000  2999.4611791811762
0.04614000  2999.052133368235
0.04616000  2998.6430875552937
0.04618000  2998.234041742353
0.04620000  2997.8249959294117
0.04622000  2997.4159501164704
0.04624000  2997.006904303529
0.04626000  2996.597858490588
0.04628000  2996.188812677647
0.04630000  2995.779766864706
0.04632000  2995.3707210517646
0.04634000  2994.9616752388233
0.04636000  2994.552629425882
0.04638000  2994.143583612941
0.04640000  2993.7345378
0.04642000  2993.3254919870587
0.04644000  2992.9164461741175
0.04646000  2992.507400361176
0.04648000  2992.098354548235
0.04650000  2991.6893087352937
0.04652000  2991.280262922353
0.04654000  2990.8712171094116
0.04656000  2990.4621712964704
0.04658000  2990.053125483529
0.04660000  2989.644079670588
0.04662000  2989.235033857647
0.04664000  2988.825988044706
0.04666000  2988.4169422317646
0.04668000  2988.0078964188233
0.04670000  2987.598850605882
0.04672000  2987.189804792941
0.04674000  2986.78075898
0.04676000  2986.3717131670587
0.04678000  2985.9626673541175
0.04680000  2985.553621541176
0.04682000  2985.144575728235
0.04684000  2984.735529915294
0.04686000  2984.326484102353
0.04688000  2983.9174382894116
0.04690000  2983.5083924764704
0.04692000  2983.099346663529
0.04694000  2982.690300850588
0.04696000  2982.281255037647
0.04698000  2981.872209224706
0.04700000  2981.4631634117645
0.04702000  2981.0541175988233
0.04704000  2980.645071785882
0.04706000  2980.236025972941
0.04708000  2979.82698016
0.04710000  2979.4179343470587
0.04712000  2979.0088885341174
0.04714000  2978.599842721176
0.04716000  2978.190796908235
0.04718000  2977.781751095294
0.04720000  2977.372705282353
0.04722000  2976.9636594694116
0.04724000  2976.5546136564703
0.04726000  2976.145567843529
0.04728000  2975.7365220305883
0.04730000  2975.327476217647
0.04732000  2974.9184304047058
0.04734000  2974.5093845917645
0.04736000  2974.1003387788232
0.04738000  2973.691292965882
0.04740000  2973.282247152941
0.04742000  2972.87320134
0.04744000  2972.4641555270587
0.04746000  2972.0551097141174
0.04748000  2971.646063901176
0.04750000  2971.2370180882353
0.04752000  2970.827972275294
0.04754000  2970.418926462353
0.04756000  2970.0098806494116
0.04758000  2969.6008348364703
0.04760000  2969.191789023529
0.04762000  2968.7827432105883
0.04764000  2968.373697397647
0.04766000  2967.9646515847057
0.04768000  2967.5556057717645
0.04770000  2967.146559958823
0.04772000  2966.7375141458824
0.04774000  2966.328468332941
0.04776000  2965.91942252
0.04778000  2965.5103767070586
0.04780000  2965.1013308941174
0.04782000  2964.692285081176
0.04784000  2964.2832392682353
0.04786000  2963.874193455294
0.04788000  2963.465147642353
0.04790000  2963.0561018294115
0.04792000  2962.6470560164703
0.04794000  2962.238010203529
0.04796000  2961.828964390588
0.04798000  2961.419918577647
0.04800000  2961.0108727647057
0.04802000  2960.6018269517645
0.04804000  2960.192781138823
0.04806000  2959.7837353258824
0.04808000  2959.374689512941
0.04810000  2958.9656437
0.04812000  2958.5565978870586
0.04814000  2958.1475520741174
0.04816000  2957.738506261176
0.04818000  2957.3294604482353
0.04820000  2956.920414635294
0.04822000  2956.511368822353
0.04824000  2956.1023230094115
0.04826000  2955.6932771964703
0.04828000  2955.2842313835295
0.04830000  2954.875185570588
0.04832000  2954.466139757647
0.04834000  2954.0570939447057
0.04836000  2953.6480481317644
0.04838000  2953.239002318823
0.04840000  2952.8299565058824
0.04842000  2952.420910692941
0.04844000  2952.01186488
0.04846000  2951.6028190670586
0.04848000  2951.1937732541173
0.04850000  2950.784727441176
0.04852000  2950.3756816282353
0.04854000  2949.966635815294
0.04856000  2949.5575900023528
0.04858000  2949.1485441894115
0.04860000  2948.7394983764702
0.04862000  2948.3304525635294
0.04864000  2947.921406750588
0.04866000  2947.512360937647
0.04868000  2947.1033151247057
0.04870000  2946.6942693117644
0.04872000  2946.285223498823
0.04874000  2945.8761776858823
0.04876000  2945.467131872941
0.04878000  2945.05808606
0.04880000  2944.6490402470586
0.04882000  2944.2399944341173
0.04884000  2943.8309486211765
0.04886000  2943.4219028082352
0.04888000  2943.012856995294
0.04890000  2942.6038111823527
0.04892000  2942.1947653694115
0.04894000  2941.78571955647
0.04896000  2941.3766737435294
0.04898000  2940.967627930588
0.04900000  2940.558582117647
0.04902000  2940.1495363047056
0.04904000  2939.7404904917644
0.04906000  2939.3314446788236
0.04908000  2938.9223988658823
0.04910000  2938.513353052941
0.04912000  2938.10430724
0.04914000  2937.6952614270585
0.04916000  2937.2862156141173
0.04918000  2936.8771698011765
0.04920000  2936.468123988235
0.04922000  2936.059078175294
0.04924000  2935.6500323623527
0.04926000  2935.2409865494114
0.04928000  2934.8319407364706
0.04930000  2934.4228949235294
0.04932000  2934.013849110588
0.04934000  2933.604803297647
0.04936000  2933.1957574847056
0.04938000  2932.7867116717644
0.04940000  2932.3776658588235
0.04942000  2931.9686200458823
0.04944000  2931.559574232941
0.04946000  2931.15052842
0.04948000  2930.7414826070585
0.04950000  2930.3324367941177
0.04952000  2929.9233909811765
0.04954000  2929.514345168235
0.04956000  2929.105299355294
0.04958000  2928.6962535423527
0.04960000  2928.2872077294114
0.04962000  2927.8781619164706
0.04964000  2927.4691161035294
0.04966000  2927.060070290588
0.04968000  2926.651024477647
0.04970000  2926.2419786647056
0.04972000  2925.832932851765
0.04974000  2925.4238870388235
0.04976000  2925.0148412258823
0.04978000  2924.605795412941
0.04980000  2924.1967495999997
0.04982000  2923.7877037870585
0.04984000  2923.3786579741177
0.04986000  2922.9696121611764
0.04988000  2922.560566348235
0.04990000  2922.151520535294
0.04992000  2921.7424747223527
0.04994000  2921.333428909412
0.04996000  2920.9243830964706
0.04998000  2920.5153372835293
0.05000000  2920.106291470588
0.05002000  2919.697245657647
0.05004000  2919.2881998447056
0.05006000  2918.8791540317648
0.05008000  2918.4701082188235
0.05010000  2918.0610624058822
0.05012000  2917.652016592941
0.05014000  2917.2429707799997
0.05016000  2916.8339249670585
0.05018000  2916.4248791541177
0.05020000  2916.0158333411764
0.05022000  2915.606787528235
0.05024000  2915.197741715294
0.05026000  2914.7886959023526
0.05028000  2914.379650089412
0.05030000  2913.9706042764706
0.05032000  2913.5615584635293
0.05034000  2913.152512650588
0.05036000  2912.743466837647
0.05038000  2912.3344210247055
0.05040000  2911.9253752117647
0.05042000  2911.5163293988235
0.05044000  2911.107283585882
0.05046000  2910.698237772941
0.05048000  2910.2891919599997
0.05050000  2909.8801461470584
0.05052000  2909.4711003341176
0.05054000  2909.0620545211764
0.05056000  2908.653008708235
0.05058000  2908.243962895294
0.05060000  2907.8349170823526
0.05062000  2907.425871269412
0.05064000  2907.0168254564705
0.05066000  2906.6077796435293
0.05068000  2906.198733830588
0.05070000  2905.7896880176468
0.05072000  2905.3806422047055
0.05074000  2904.9715963917647
0.05076000  2904.5625505788234
0.05078000  2904.153504765882
0.05080000  2903.744458952941
0.05082000  2903.3354131399997
0.05084000  2902.926367327059
0.05086000  2902.5173215141176
0.05088000  2902.1082757011764
0.05090000  2901.699229888235
0.05092000  2901.290184075294
0.05094000  2900.8811382623526
0.05096000  2900.472092449412
0.05098000  2900.0630466364705
0.05100000  2899.6540008235293
0.05102000  2899.244955010588
0.05104000  2898.8359091976467
0.05106000  2898.426863384706
0.05108000  2898.0178175717647
0.05110000  2897.6087717588234
0.05112000  2897.199725945882
0.05114000  2896.790680132941
0.05116000  2896.3816343199996
0.05118000  2895.972588507059
0.05120000  2895.5635426941176
0.05122000  2895.1544968811763
0.05124000  2894.745451068235
0.05126000  2894.336405255294
0.05128000  2893.927359442353
0.05130000  2893.5183136294118
0.05132000  2893.1092678164705
0.05134000  2892.7002220035292
0.05136000  2892.291176190588
0.05138000  2891.8821303776467
0.05140000  2891.473084564706
0.05142000  2891.0640387517647
0.05144000  2890.6549929388234
0.05146000  2890.245947125882
0.05148000  2889.836901312941
0.05150000  2889.4278555
0.05152000  2889.018809687059
0.05154000  2888.6097638741176
0.05156000  2888.2007180611763
0.05158000  2887.791672248235
0.05160000  2887.382626435294
0.05162000  2886.973580622353
0.05164000  2886.5645348094117
0.05166000  2886.1554889964705
0.05168000  2885.746443183529
0.05170000  2885.337397370588
0.05172000  2884.928351557647
0.05174000  2884.519305744706
0.05176000  2884.1102599317646
0.05178000  2883.7012141188234
0.05180000  2883.292168305882
0.05182000  2882.883122492941
0.05184000  2882.47407668
0.05186000  2882.065030867059
0.05188000  2881.6559850541175
0.05190000  2881.2469392411763
0.05192000  2880.837893428235
0.05194000  2880.428847615294
0.05196000  2880.019801802353
0.05198000  2879.6107559894117
0.05200000  2879.2017101764704
0.05202000  2878.792664363529
0.05204000  2878.383618550588
0.05206000  2877.974572737647
0.05208000  2877.565526924706
0.05210000  2877.1564811117646
0.05212000  2876.7474352988233
0.05214000  2876.338389485882
0.05216000  2875.929343672941
0.05218000  2875.52029786
0.05220000  2875.1112520470588
0.05222000  2874.7022062341175
0.05224000  2874.2931604211763
0.05226000  2873.884114608235
0.05228000  2873.475068795294
0.05230000  2873.066022982353
0.05232000  2872.6569771694117
0.05234000  2872.2479313564704
0.05236000  2871.838885543529
0.05238000  2871.429839730588
0.05240000  2871.020793917647
0.05242000  2870.611748104706
0.05244000  2870.2027022917646
0.05246000  2869.7936564788233
0.05248000  2869.384610665882
0.05250000  2868.975564852941
0.05252000  2868.56651904
0.05254000  2868.1574732270587
0.05256000  2867.7484274141175
0.05258000  2867.3393816011762
0.05260000  2866.930335788235
0.05262000  2866.521289975294
0.05264000  2866.112244162353
0.05266000  2865.7031983494117
0.05268000  2865.2941525364704
0.05270000  2864.885106723529
0.05272000  2864.476060910588
0.05274000  2864.067015097647
0.05276000  2863.657969284706
0.05278000  2863.2489234717646
0.05280000  2862.8398776588233
0.05282000  2862.430831845882
0.05284000  2862.0217860329412
0.05286000  2861.61274022
0.05288000  2861.2036944070587
0.05290000  2860.7946485941175
0.05292000  2860.385602781176
0.05294000  2859.976556968235
0.05296000  2859.567511155294
0.05298000  2859.158465342353
0.05300000  2858.7494195294116
0.05302000  2858.3403737164704
0.05304000  2857.931327903529
0.05306000  2857.5222820905883
0.05308000  2857.113236277647
0.05310000  2856.704190464706
0.05312000  2856.2951446517645
0.05314000  2855.8860988388233
0.05316000  2855.477053025882
0.05318000  2855.068007212941
0.05320000  2854.6589614
0.05322000  2854.2499155870587
0.05324000  2853.8408697741174
0.05326000  2853.431823961176
0.05328000  2853.0227781482354
0.05330000  2852.613732335294
0.05332000  2852.204686522353
0.05334000  2851.7956407094116
0.05336000  2851.3865948964703
0.05338000  2850.977549083529
0.05340000  2850.5685032705883
0.05342000  2850.159457457647
0.05344000  2849.7504116447058
0.05346000  2849.3413658317645
0.05348000  2848.9323200188232
0.05350000  2848.5232742058824
0.05352000  2848.114228392941
0.05354000  2847.70518258
0.05356000  2847.2961367670587
0.05358000  2846.8870909541174
0.05360000  2846.478045141176
0.05362000  2846.0689993282353
0.05364000  2845.659953515294
0.05366000  2845.250907702353
0.05368000  2844.8418618894116
0.05370000  2844.4328160764703
0.05372000  2844.0237702635295
0.05374000  2843.6147244505883
0.05376000  2843.205678637647
0.05378000  2842.7966328247057
0.05380000  2842.3875870117645
0.05382000  2841.978541198823
0.05384000  2841.5694953858824
0.05386000  2841.160449572941
0.05388000  2840.75140376
0.05390000  2840.3423579470586
0.05392000  2839.9333121341174
0.05394000  2839.5242663211766
0.05396000  2839.1152205082353
0.05398000  2838.706174695294
0.05400000  2838.297128882353
0.05402000  2837.8880830694116
0.05404000  2837.4790372564703
0.05406000  2837.0699914435295
0.05408000  2836.6609456305882
0.05410000  2836.251899817647
0.05412000  2835.8428540047057
0.05414000  2835.4338081917645
0.05416000  2835.0247623788237
0.05418000  2834.6157165658824
0.05420000  2834.206670752941
0.05422000  2833.79762494
0.05424000  2833.3885791270586
0.05426000  2832.9795333141174
0.05428000  2832.5704875011766
0.05430000  2832.1614416882353
0.05432000  2831.752395875294
0.05434000  2831.343350062353
0.05436000  2830.9343042494115
0.05438000  2830.5252584364703
0.05440000  2830.1162126235295
0.05442000  2829.707166810588
0.05444000  2829.298120997647
0.05446000  2828.8890751847057
0.05448000  2828.4800293717644
0.05450000  2828.070983558823
0.05452000  2827.6619377458824
0.05454000  2827.252891932941
0.05456000  2826.84384612
0.05458000  2826.4348003070586
0.05460000  2826.0257544941173
0.05462000  2825.6167086811765
0.05464000  2825.2076628682353
0.05466000  2824.798617055294
0.05468000  2824.3895712423528
0.05470000  2823.9805254294115
0.05472000  2823.5714796164702
0.05474000  2823.1624338035294
0.05476000  2822.753387990588
0.05478000  2822.344342177647
0.05480000  2821.9352963647057
0.05482000  2821.5262505517644
0.05484000  2821.1172047388236
0.05486000  2820.7081589258823
0.05488000  2820.299113112941
0.05490000  2819.8900673
0.05492000  2819.4810214870586
0.05494000  2819.0719756741173
0.05496000  2818.6629298611765
0.05498000  2818.2538840482352
0.05500000  2817.844838235294
0.05502000  2817.4357924223527
0.05504000  2817.0267466094115
0.05506000  2816.6177007964707
0.05508000  2816.2086549835294
0.05510000  2815.799609170588
0.05512000  2815.390563357647
0.05514000  2814.9815175447056
0.05516000  2814.5724717317644
0.05518000  2814.1634259188236
0.05520000  2813.7543801058823
0.05522000  2813.345334292941
0.05524000  2812.93628848
0.05526000  2812.5272426670585
0.05528000  2812.1181968541177
0.05530000  2811.7091510411765
0.05532000  2811.300105228235
0.05534000  2810.891059415294
0.05536000  2810.4820136023527
0.05538000  2810.0729677894115
0.05540000  2809.6639219764706
0.05542000  2809.2548761635294
0.05544000  2808.845830350588
0.05546000  2808.436784537647
0.05548000  2808.0277387247056
0.05550000  2807.618692911765
0.05552000  2807.2096470988236
0.05554000  2806.8006012858823
0.05556000  2806.391555472941
0.05558000  2805.98250966
0.05560000  2805.5734638470585
0.05562000  2805.1644180341177
0.05564000  2804.7553722211765
0.05566000  2804.346326408235
0.05568000  2803.937280595294
0.05570000  2803.5282347823527
0.05572000  2803.119188969412
0.05574000  2802.7101431564706
0.05576000  2802.3010973435294
0.05578000  2801.892051530588
0.05580000  2801.483005717647
0.05582000  2801.0739599047056
0.05584000  2800.664914091765
0.05586000  2800.2558682788235
0.05588000  2799.8468224658823
0.05590000  2799.437776652941
0.05592000  2799.0287308399998
0.05594000  2798.619685027059
0.05596000  2798.2106392141177
0.05598000  2797.8015934011764
0.05600000  2797.392547588235
0.05602000  2796.983501775294
0.05604000  2796.5744559623527
0.05606000  2796.165410149412
0.05608000  2795.7563643364706
0.05610000  2795.3473185235293
0.05612000  2794.938272710588
0.05614000  2794.529226897647
0.05616000  2794.120181084706
0.05618000  2793.7111352717648
0.05620000  2793.3020894588235
0.05622000  2792.8930436458822
0.05624000  2792.483997832941
0.05626000  2792.0749520199997
0.05628000  2791.6659062070585
0.05630000  2791.2568603941177
0.05632000  2790.8478145811764
0.05634000  2790.438768768235
0.05636000  2790.029722955294
0.05638000  2789.620677142353
0.05640000  2789.211631329412
0.05642000  2788.8025855164706
0.05644000  2788.3935397035293
0.05646000  2787.984493890588
0.05648000  2787.575448077647
0.05650000  2787.1664022647055
0.05652000  2786.7573564517647
0.05654000  2786.3483106388235
0.05656000  2785.939264825882
0.05658000  2785.530219012941
0.05660000  2785.1211731999997
0.05662000  2784.712127387059
0.05664000  2784.3030815741176
0.05666000  2783.8940357611764
0.05668000  2783.484989948235
0.05670000  2783.075944135294
0.05672000  2782.6668983223526
0.05674000  2782.257852509412
0.05676000  2781.8488066964705
0.05678000  2781.4397608835293
0.05680000  2781.030715070588
0.05682000  2780.6216692576468
0.05684000  2780.212623444706
0.05686000  2779.8035776317647
0.05688000  2779.3945318188235
0.05690000  2778.985486005882
0.05692000  2778.576440192941
0.05694000  2778.1673943799997
0.05696000  2777.758348567059
0.05698000  2777.3493027541176
0.05700000  2776.9402569411764
0.05702000  2776.531211128235
0.05704000  2776.122165315294
0.05706000  2775.713119502353
0.05708000  2775.304073689412
0.05710000  2774.8950278764705
0.05712000  2774.4859820635293
0.05714000  2774.076936250588
0.05716000  2773.6678904376467
0.05718000  2773.258844624706
0.05720000  2772.8497988117647
0.05722000  2772.4407529988234
0.05724000  2772.031707185882
0.05726000  2771.622661372941
0.05728000  2771.21361556
0.05730000  2770.804569747059
0.05732000  2770.3955239341176
0.05734000  2769.9864781211763
0.05736000  2769.577432308235
0.05738000  2769.168386495294
0.05740000  2768.759340682353
0.05742000  2768.3502948694118
0.05744000  2767.9412490564705
0.05746000  2767.5322032435292
0.05748000  2767.123157430588
0.05750000  2766.714111617647
0.05752000  2766.305065804706
0.05754000  2765.8960199917647
0.05756000  2765.4869741788234
0.05758000  2765.077928365882
0.05760000  2764.668882552941
0.05762000  2764.25983674
0.05764000  2763.850790927059
0.05766000  2763.4417451141176
0.05768000  2763.0326993011763
0.05770000  2762.623653488235
0.05772000  2762.2146076752942
0.05774000  2761.805561862353
0.05776000  2761.3965160494117
0.05778000  2760.9874702364705
0.05780000  2760.578424423529
0.05782000  2760.169378610588
0.05784000  2759.760332797647
0.05786000  2759.351286984706
0.05788000  2758.9422411717646
0.05790000  2758.5331953588234
0.05792000  2758.124149545882
0.05794000  2757.7151037329413
0.05796000  2757.30605792
0.05798000  2756.897012107059
0.05800000  2756.4879662941175
0.05802000  2756.0789204811763
0.05804000  2755.669874668235
0.05806000  2755.260828855294
0.05808000  2754.851783042353
0.05810000  2754.4427372294117
0.05812000  2754.0336914164704
0.05814000  2753.624645603529
0.05816000  2753.2155997905884
0.05818000  2752.806553977647
0.05820000  2752.397508164706
0.05822000  2751.9884623517646
0.05824000  2751.5794165388234
0.05826000  2751.170370725882
0.05828000  2750.761324912941
0.05830000  2750.3522791
0.05832000  2749.943233287059
0.05834000  2749.5341874741175
0.05836000  2749.1251416611763
0.05838000  2748.7160958482355
0.05840000  2748.307050035294
0.05842000  2747.898004222353
0.05844000  2747.4889584094117
0.05846000  2747.0799125964704
0.05848000  2746.670866783529
0.05850000  2746.261820970588
0.05852000  2745.852775157647
0.05854000  2745.443729344706
0.05856000  2745.0346835317646
0.05858000  2744.6256377188233
0.05860000  2744.2165919058825
0.05862000  2743.8075460929413
0.05864000  2743.39850028
0.05866000  2742.9894544670587
0.05868000  2742.5804086541175
0.05870000  2742.1713628411762
0.05872000  2741.762317028235
0.05874000  2741.353271215294
0.05876000  2740.944225402353
0.05878000  2740.5351795894117
0.05880000  2740.1261337764704
0.05882000  2739.717087963529
0.05884000  2739.3080421505883
0.05886000  2738.898996337647
0.05888000  2738.489950524706
0.05890000  2738.0809047117646
0.05892000  2737.6718588988233
0.05894000  2737.262813085882
0.05896000  2736.8537672729412
0.05898000  2736.44472146
0.05900000  2736.0356756470587
0.05902000  2735.6266298341175
0.05904000  2735.217584021176
0.05906000  2734.8085382082354
0.05908000  2734.399492395294
0.05910000  2733.990446582353
0.05912000  2733.5814007694116
0.05914000  2733.1723549564704
0.05916000  2732.763309143529
0.05918000  2732.3542633305883
0.05920000  2731.945217517647
0.05922000  2731.536171704706
0.05924000  2731.1271258917645
0.05926000  2730.7180800788233
0.05928000  2730.3090342658825
0.05930000  2729.899988452941
0.05932000  2729.49094264
0.05934000  2729.0818968270587
0.05936000  2728.6728510141174
0.05938000  2728.263805201176
0.05940000  2727.8547593882354
0.05942000  2727.445713575294
0.05944000  2727.036667762353
0.05946000  2726.6276219494116
0.05948000  2726.2185761364703
0.05950000  2725.8095303235295
0.05952000  2725.4004845105883
0.05954000  2724.991438697647
0.05956000  2724.5823928847058
0.05958000  2724.1733470717645
0.05960000  2723.7643012588233
0.05962000  2723.3552554458824
0.05964000  2722.946209632941
0.05966000  2722.53716382
0.05968000  2722.1281180070587
0.05970000  2721.7190721941174
0.05972000  2721.3100263811766
0.05974000  2720.9009805682354
0.05976000  2720.491934755294
0.05978000  2720.082888942353
0.05980000  2719.6738431294116
0.05982000  2719.2647973164703
0.05984000  2718.8557515035295
0.05986000  2718.4467056905883
0.05988000  2718.037659877647
0.05990000  2717.6286140647057
0.05992000  2717.2195682517645
0.05994000  2716.8105224388237
0.05996000  2716.4014766258824
0.05998000  2715.992430812941
0.06000000  2715.583385
0.06002000  2712.573525
0.06004000  2709.797949
0.06006000  2707.242533
0.06008000  2704.869893
0.06010000  2702.524026
0.06012000  2699.721639
0.06014000  2695.963356
0.06016000  2690.902595
0.06018000  2684.144528
0.06020000  2675.246095
0.06022000  2663.154044
0.06024000  2644.681073
0.06026000  2615.92945
0.06028000  2572.007478
0.06030000  2506.071686
0.06032000  2408.810254
0.06034000  2269.133737
0.06036000  2077.708517
0.06038000  1839.378155
0.06040000  1584.282475
0.06042000  1335.602738
0.06044000  1091.752673
0.06046000  838.182312
0.06048000  572.533511
0.06050000  340.398467
0.06052000  195.948497
0.06054000  122.444502
0.06056000  90.066931
0.06058000  80.710366
0.06060000  91.245874
0.06062000  130.678501
0.06064000  222.089359
0.06066000  397.558058
0.06068000  666.352126
0.06070000  1003.38328
0.06072000  1367.895264
0.06074000  1720.31353
0.06076000  2033.986153
0.06078000  2295.379573
0.06080000  2500.320818
0.06082000  2653.443385
0.06084000  2764.66722
0.06086000  2844.655899
0.06088000  2902.261881
0.06090000  2944.029549
0.06092000  2974.584349
0.06094000  2997.124514
0.06096000  3013.879643
0.06098000  3026.414897
0.06100000  3035.844103
0.06102000  3042.958576
0.06104000  3048.3396
0.06106000  3052.409883
0.06108000  3055.483239
0.06110000  3057.799272
0.06112000  3059.541715
0.06114000  3060.842917
0.06116000  3061.806454
0.06118000  3062.51042
0.06120000  3063.011941
0.06122000  3063.356688
0.06124000  3063.582758
0.06126000  3063.715466
0.06128000  3063.776425
0.06130000  3063.787181
0.06132000  3063.76029
0.06134000  3063.706501
0.06136000  3063.640151
0.06138000  3063.566615
0.06140000  3063.496652
0.06142000  3063.430266
0.06144000  3063.367457
0.06146000  3063.308227
0.06148000  3063.25617
0.06150000  3063.207696
0.06152000  3063.166398
0.06154000  3063.130483
0.06156000  3063.099953
0.06158000  3063.071217
0.06160000  3063.047867
0.06162000  3063.028108
0.06164000  3063.011941
0.06166000  3062.995773
0.06168000  3062.983198
0.06170000  3062.970622
0.06172000  3062.959842
0.06174000  3062.950859
0.06176000  3062.943673
0.06178000  3062.936486
0.06180000  3062.929299
0.06182000  3062.923908
0.06184000  3062.918518
0.06186000  3062.914924
0.06188000  3062.909534
0.06190000  3062.907737
0.06192000  3062.904143
0.06194000  3062.902346
0.06196000  3062.900549
0.06198000  3062.898752
0.06200000  3062.896955
0.06202000  3062.896955
0.06204000  3062.896955
0.06206000  3062.896955
0.06208000  3062.898752
0.06210000  3062.898752
0.06212000  3062.900549
0.06214000  3062.902346
0.06216000  3062.904143
0.06218000  3062.907737
0.06220000  3062.909534
0.06222000  3062.913127
0.06224000  3062.916721
0.06226000  3062.922111
0.06228000  3062.925705
0.06230000  3062.931095
0.06232000  3062.934689
0.06234000  3062.940079
0.06236000  3062.947266
0.06238000  3062.952656
0.06240000  3062.958046
0.06242000  3062.965232
0.06244000  3062.972419
0.06246000  3062.979605
0.06248000  3062.986791
0.06250000  3062.995773
0.06252000  3063.002959
0.06254000  3063.011941
0.06256000  3063.020923
0.06258000  3063.029904
0.06260000  3063.038886
0.06262000  3063.047867
0.06264000  3063.058644
0.06266000  3063.067625
0.06268000  3063.078401
0.06270000  3063.089177
0.06272000  3063.099953
0.06274000  3063.110729
0.06276000  3063.121504
0.06278000  3063.134075
0.06280000  3063.14485
0.06282000  3063.15742
0.06284000  3063.168194
0.06286000  3063.180763
0.06288000  3063.193332
0.06290000  3063.2059
0.06292000  3063.220263
0.06294000  3063.232831
0.06296000  3063.245398
0.06298000  3063.25976
0.06300000  3063.272326
