0.00000000  2715.615731
0.00002000  2712.609221
0.00004000  2709.833753
0.00006000  2707.275171
0.00008000  2704.905887
0.00010000  2702.56011
0.00012000  2699.757831
0.00014000  2695.999691
0.00016000  2690.939123
0.00018000  2684.181312
0.00020000  2675.286586
0.00022000  2663.195024
0.00024000  2644.72279
0.00026000  2615.979423
0.00028000  2572.092718
0.00030000  2506.254917
0.00032000  2409.250649
0.00034000  2270.16958
0.00036000  2079.96459
0.00038000  1843.733542
0.00040000  1591.688924
0.00042000  1346.891035
0.00044000  1107.287349
0.00046000  856.874282
0.00048000  591.574472
0.00050000  356.76168
0.00052000  209.527166
0.00054000  134.625468
0.00056000  102.699978
0.00058000  96.00796
0.00060000  113.952097
0.00062000  171.994087
0.00064000  305.845651
0.00066000  559.079501
0.00068000  925.837447
0.00070000  1342.254458
0.00072000  1741.294834
0.00074000  2083.723171
0.00076000  2357.625617
0.00078000  2566.495045
0.00080000  2719.298816
0.00082000  2827.646774
0.00084000  2903.251596
0.00086000  2955.865802
0.00088000  2992.652412
0.00090000  3018.559414
0.00092000  3036.93932
0.00094000  3050.061549
0.00096000  3059.465569
0.00098000  3066.226299
0.00100000  3071.08891
0.00102000  3074.579354
0.00104000  3077.074696
0.00106000  3078.842896
0.00108000  3080.079759
0.00110000  3080.927624
0.00112000  3081.495165
0.00114000  3081.858802
0.00116000  3082.072032
0.00118000  3082.176041
0.00120000  3082.198203
0.00122000  3082.160697
0.00124000  3082.082263
0.00126000  3081.971403
0.00128000  3081.838326
0.00130000  3081.691541
0.00132000  3081.537864
0.00134000  3081.380704
0.00136000  3081.225183
0.00138000  3081.078145
0.00140000  3080.937889
0.00142000  3080.809558
0.00144000  3080.688029
0.00146000  3080.573308
0.00148000  3080.465402
0.00150000  3080.364318
0.00152000  3080.268348
0.00154000  3080.179209
0.00156000  3080.093478
0.00158000  3080.011156
0.00160000  3079.932247
0.00162000  3079.855037
0.00164000  3079.781242
0.00166000  3079.710866
0.00168000  3079.640475
0.00170000  3079.570071
0.00172000  3079.503088
0.00174000  3079.437811
0.00176000  3079.372522
0.00178000  3079.307221
0.00180000  3079.243627
0.00182000  3079.18174
0.00184000  3079.119844
0.00186000  3079.059656
0.00188000  3078.999458
0.00190000  3078.93925
0.00192000  3078.880752
0.00194000  3078.823966
0.00196000  3078.767171
0.00198000  3078.710367
0.00200000  3078.655276
0.00202000  3078.600176
0.00204000  3078.545068
0.00206000  3078.491674
0.00208000  3078.439994
0.00210000  3078.388307
0.00212000  3078.336613
0.00214000  3078.284912
0.00216000  3078.234926
0.00218000  3078.186658
0.00220000  3078.138383
0.00222000  3078.090102
0.00224000  3078.041814
0.00226000  3077.995245
0.00228000  3077.950394
0.00230000  3077.903813
0.00232000  3077.858951
0.00234000  3077.81581
0.00236000  3077.772663
0.00238000  3077.729511
0.00240000  3077.686354
0.00242000  3077.644919
0.00244000  3077.603478
0.00246000  3077.56376
0.00248000  3077.524038
0.00250000  3077.484311
0.00252000  3077.446307
0.00254000  3077.408299
0.00256000  3077.370287
0.00258000  3077.332272
0.00260000  3077.29598
0.00262000  3077.259685
0.00264000  3077.225115
0.00266000  3077.190541
0.00268000  3077.155964
0.00270000  3077.121384
0.00272000  3077.08853
0.00274000  3077.055673
0.00276000  3077.022812
0.00278000  3076.991679
0.00280000  3076.960543
0.00282000  3076.929404
0.00284000  3076.899992
0.00286000  3076.868848
0.00288000  3076.839432
0.00290000  3076.810013
0.00292000  3076.782323
0.00294000  3076.75463
0.00296000  3076.726935
0.00298000  3076.699239
0.00300000  3076.67154
0.00302000  3076.2467684599997
0.00304000  3075.82199692
0.00306000  3075.39722538
0.00308000  3074.9724538399996
0.00310000  3074.5476823
0.00312000  3074.1229107599997
0.00314000  3073.69813922
0.00316000  3073.27336768
0.00318000  3072.8485961399997
0.00320000  3072.4238246
0.00322000  3071.99905306
0.00324000  3071.5742815199997
0.00326000  3071.14950998
0.00328000  3070.72473844
0.00330000  3070.2999668999996
0.00332000  3069.87519536
0.00334000  3069.4504238199997
0.00336000  3069.02565228
0.00338000  3068.60088074
0.00340000  3068.1761091999997
0.00342000  3067.75133766
0.00344000  3067.32656612
0.00346000  3066.9017945799997
0.00348000  3066.47702304
0.00350000  3066.0522515
0.00352000  3065.6274799599996
0.00354000  3065.20270842
0.00356000  3064.7779368799997
0.00358000  3064.35316534
0.00360000  3063.9283938
0.00362000  3063.5036222599997
0.00364000  3063.07885072
0.00366000  3062.65407918
0.00368000  3062.2293076399997
0.00370000  3061.8045361
0.00372000  3061.37976456
0.00374000  3060.9549930199996
0.00376000  3060.53022148
0.00378000  3060.1054499399997
0.00380000  3059.6806784
0.00382000  3059.25590686
0.00384000  3058.8311353199997
0.00386000  3058.40636378
0.00388000  3057.98159224
0.00390000  3057.5568206999997
0.00392000  3057.13204916
0.00394000  3056.70727762
0.00396000  3056.2825060799996
0.00398000  3055.85773454
0.00400000  3055.4329629999997
0.00402000  3055.00819146
0.00404000  3054.58341992
0.00406000  3054.1586483799997
0.00408000  3053.73387684
0.00410000  3053.3091053
0.00412000  3052.8843337599997
0.00414000  3052.45956222
0.00416000  3052.03479068
0.00418000  3051.6100191399996
0.00420000  3051.1852476
0.00422000  3050.7604760599997
0.00424000  3050.33570452
0.00426000  3049.91093298
0.00428000  3049.4861614399997
0.00430000  3049.0613899
0.00432000  3048.63661836
0.00434000  3048.2118468199997
0.00436000  3047.78707528
0.00438000  3047.36230374
0.00440000  3046.9375321999996
0.00442000  3046.51276066
0.00444000  3046.0879891199997
0.00446000  3045.66321758
0.00448000  3045.23844604
0.00450000  3044.8136744999997
0.00452000  3044.38890296
0.00454000  3043.96413142
0.00456000  3043.5393598799997
0.00458000  3043.11458834
0.00460000  3042.6898168
0.00462000  3042.2650452599996
0.00464000  3041.84027372
0.00466000  3041.4155021799997
0.00468000  3040.99073064
0.00470000  3040.5659591
0.00472000  3040.1411875599997
0.00474000  3039.71641602
0.00476000  3039.29164448
0.00478000  3038.8668729399997
0.00480000  3038.4421014
0.00482000  3038.01732986
0.00484000  3037.5925583199996
0.00486000  3037.16778678
0.00488000  3036.7430152399997
0.00490000  3036.3182437
0.00492000  3035.89347216
0.00494000  3035.4687006199997
0.00496000  3035.04392908
0.00498000  3034.61915754
0.00500000  3034.1943859999997
0.00502000  3033.76961446
0.00504000  3033.34484292
0.00506000  3032.9200713799996
0.00508000  3032.49529984
0.00510000  3032.0705282999998
0.00512000  3031.64575676
0.00514000  3031.22098522
0.00516000  3030.7962136799997
0.00518000  3030.37144214
0.00520000  3029.9466706
0.00522000  3029.5218990599997
0.00524000  3029.09712752
0.00526000  3028.67235598
0.00528000  3028.2475844399996
0.00530000  3027.8228129
0.00532000  3027.3980413599998
0.00534000  3026.97326982
0.00536000  3026.54849828
0.00538000  3026.1237267399997
0.00540000  3025.6989552
0.00542000  3025.27418366
0.00544000  3024.8494121199997
0.00546000  3024.42464058
0.00548000  3023.99986904
0.00550000  3023.5750974999996
0.00552000  3023.15032596
0.00554000  3022.7255544199998
0.00556000  3022.30078288
0.00558000  3021.87601134
0.00560000  3021.4512397999997
0.00562000  3021.02646826
0.00564000  3020.60169672
0.00566000  3020.1769251799997
0.00568000  3019.75215364
0.00570000  3019.3273821
0.00572000  3018.9026105599996
0.00574000  3018.47783902
0.00576000  3018.0530674799998
0.00578000  3017.62829594
0.00580000  3017.2035244
0.00582000  3016.7787528599997
0.00584000  3016.35398132
0.00586000  3015.92920978
0.00588000  3015.5044382399997
0.00590000  3015.0796667
0.00592000  3014.65489516
0.00594000  3014.2301236199996
0.00596000  3013.80535208
0.00598000  3013.3805805399998
0.00600000  3012.955809
0.00602000  3012.53103746
0.00604000  3012.1062659199997
0.00606000  3011.68149438
0.00608000  3011.25672284
0.00610000  3010.8319512999997
0.00612000  3010.40717976
0.00614000  3009.98240822
0.00616000  3009.5576366799996
0.00618000  3009.13286514
0.00620000  3008.7080935999998
0.00622000  3008.28332206
0.00624000  3007.85855052
0.00626000  3007.4337789799997
0.00628000  3007.00900744
0.00630000  3006.5842359
0.00632000  3006.1594643599997
0.00634000  3005.73469282
0.00636000  3005.30992128
0.00638000  3004.8851497399996
0.00640000  3004.4603782
0.00642000  3004.0356066599998
0.00644000  3003.61083512
0.00646000  3003.18606358
0.00648000  3002.7612920399997
0.00650000  3002.3365205
0.00652000  3001.91174896
0.00654000  3001.4869774199997
0.00656000  3001.06220588
0.00658000  3000.63743434
0.00660000  3000.2126627999996
0.00662000  2999.78789126
0.00664000  2999.3631197199998
0.00666000  2998.93834818
0.00668000  2998.51357664
0.00670000  2998.0888050999997
0.00672000  2997.66403356
0.00674000  2997.23926202
0.00676000  2996.8144904799997
0.00678000  2996.38971894
0.00680000  2995.9649474
0.00682000  2995.5401758599996
0.00684000  2995.11540432
0.00686000  2994.6906327799998
0.00688000  2994.26586124
0.00690000  2993.8410897
0.00692000  2993.4163181599997
0.00694000  2992.99154662
0.00696000  2992.56677508
0.00698000  2992.1420035399997
0.00700000  2991.717232
0.00702000  2991.29246046
0.00704000  2990.8676889199996
0.00706000  2990.44291738
0.00708000  2990.0181458399998
0.00710000  2989.5933743
0.00712000  2989.16860276
0.00714000  2988.7438312199997
0.00716000  2988.31905968
0.00718000  2987.89428814
0.00720000  2987.4695165999997
0.00722000  2987.04474506
0.00724000  2986.61997352
0.00726000  2986.1952019799996
0.00728000  2985.77043044
0.00730000  2985.3456588999998
0.00732000  2984.92088736
0.00734000  2984.49611582
0.00736000  2984.0713442799997
0.00738000  2983.64657274
0.00740000  2983.2218012
0.00742000  2982.7970296599997
0.00744000  2982.37225812
0.00746000  2981.94748658
0.00748000  2981.5227150399996
0.00750000  2981.0979435
0.00752000  2980.6731719599998
0.00754000  2980.24840042
0.00756000  2979.82362888
0.00758000  2979.3988573399997
0.00760000  2978.9740858
0.00762000  2978.54931426
0.00764000  2978.1245427199997
0.00766000  2977.69977118
0.00768000  2977.27499964
0.00770000  2976.8502280999996
0.00772000  2976.42545656
0.00774000  2976.0006850199998
0.00776000  2975.57591348
0.00778000  2975.15114194
0.00780000  2974.7263703999997
0.00782000  2974.30159886
0.00784000  2973.87682732
0.00786000  2973.4520557799997
0.00788000  2973.02728424
0.00790000  2972.6025127
0.00792000  2972.1777411599996
0.00794000  2971.75296962
0.00796000  2971.3281980799998
0.00798000  2970.90342654
0.00800000  2970.478655
0.00802000  2970.0538834599997
0.00804000  2969.62911192
0.00806000  2969.20434038
0.00808000  2968.7795688399997
0.00810000  2968.3547973
0.00812000  2967.93002576
0.00814000  2967.5052542199996
0.00816000  2967.08048268
0.00818000  2966.6557111399998
0.00820000  2966.2309396
0.00822000  2965.80616806
0.00824000  2965.3813965199997
0.00826000  2964.95662498
0.00828000  2964.53185344
0.00830000  2964.1070818999997
0.00832000  2963.68231036
0.00834000  2963.25753882
0.00836000  2962.8327672799996
0.00838000  2962.40799574
0.00840000  2961.9832241999998
0.00842000  2961.5584526599996
0.00844000  2961.13368112
0.00846000  2960.7089095799997
0.00848000  2960.28413804
0.00850000  2959.8593665
0.00852000  2959.4345949599997
0.00854000  2959.00982342
0.00856000  2958.58505188
0.00858000  2958.1602803399996
0.00860000  2957.7355088
0.00862000  2957.3107372599998
0.00864000  2956.88596572
0.00866000  2956.46119418
0.00868000  2956.0364226399997
0.00870000  2955.6116511
0.00872000  2955.18687956
0.00874000  2954.7621080199997
0.00876000  2954.33733648
0.00878000  2953.91256494
0.00880000  2953.4877933999996
0.00882000  2953.06302186
0.00884000  2952.6382503199998
0.00886000  2952.2134787799996
0.00888000  2951.78870724
0.00890000  2951.3639356999997
0.00892000  2950.93916416
0.00894000  2950.51439262
0.00896000  2950.0896210799997
0.00898000  2949.66484954
0.00900000  2949.240078
0.00902000  2948.8153064599996
0.00904000  2948.39053492
0.00906000  2947.9657633799998
0.00908000  2947.54099184
0.00910000  2947.1162203
0.00912000  2946.6914487599997
0.00914000  2946.26667722
0.00916000  2945.84190568
0.00918000  2945.4171341399997
0.00920000  2944.9923626
0.00922000  2944.56759106
0.00924000  2944.1428195199996
0.00926000  2943.71804798
0.00928000  2943.2932764399998
0.00930000  2942.8685048999996
0.00932000  2942.44373336
0.00934000  2942.0189618199997
0.00936000  2941.59419028
0.00938000  2941.16941874
0.00940000  2940.7446471999997
0.00942000  2940.31987566
0.00944000  2939.89510412
0.00946000  2939.4703325799996
0.00948000  2939.04556104
0.00950000  2938.6207895
0.00952000  2938.19601796
0.00954000  2937.77124642
0.00956000  2937.3464748799997
0.00958000  2936.92170334
0.00960000  2936.4969318
0.00962000  2936.0721602599997
0.00964000  2935.64738872
0.00966000  2935.22261718
0.00968000  2934.7978456399997
0.00970000  2934.3730741
0.00972000  2933.94830256
0.00974000  2933.5235310199996
0.00976000  2933.09875948
0.00978000  2932.6739879399997
0.00980000  2932.2492164
0.00982000  2931.82444486
0.00984000  2931.3996733199997
0.00986000  2930.97490178
0.00988000  2930.55013024
0.00990000  2930.1253586999997
0.00992000  2929.70058716
0.00994000  2929.27581562
0.00996000  2928.85104408
0.00998000  2928.42627254
0.01000000  2928.0015009999997
0.01002000  2927.57672946
0.01004000  2927.15195792
0.01006000  2926.7271863799997
0.01008000  2926.30241484
0.01010000  2925.8776433
0.01012000  2925.4528717599997
0.01014000  2925.02810022
0.01016000  2924.60332868
0.01018000  2924.1785571399996
0.01020000  2923.7537856
0.01022000  2923.3290140599997
0.01024000  2922.90424252
0.01026000  2922.47947098
0.01028000  2922.0546994399997
0.01030000  2921.6299279
0.01032000  2921.20515636
0.01034000  2920.7803848199997
0.01036000  2920.35561328
0.01038000  2919.93084174
0.01040000  2919.5060702
0.01042000  2919.08129866
0.01044000  2918.6565271199997
0.01046000  2918.23175558
0.01048000  2917.80698404
0.01050000  2917.3822124999997
0.01052000  2916.95744096
0.01054000  2916.53266942
0.01056000  2916.1078978799997
0.01058000  2915.68312634
0.01060000  2915.2583548
0.01062000  2914.8335832599996
0.01064000  2914.40881172
0.01066000  2913.9840401799997
0.01068000  2913.55926864
0.01070000  2913.1344971
0.01072000  2912.7097255599997
0.01074000  2912.28495402
0.01076000  2911.86018248
0.01078000  2911.4354109399997
0.01080000  2911.0106394
0.01082000  2910.58586786
0.01084000  2910.16109632
0.01086000  2909.73632478
0.01088000  2909.3115532399997
0.01090000  2908.8867817
0.01092000  2908.46201016
0.01094000  2908.0372386199997
0.01096000  2907.61246708
0.01098000  2907.18769554
0.01100000  2906.7629239999997
0.01102000  2906.33815246
0.01104000  2905.91338092
0.01106000  2905.4886093799996
0.01108000  2905.06383784
0.01110000  2904.6390662999997
0.01112000  2904.21429476
0.01114000  2903.78952322
0.01116000  2903.3647516799997
0.01118000  2902.93998014
0.01120000  2902.5152086
0.01122000  2902.0904370599997
0.01124000  2901.66566552
0.01126000  2901.24089398
0.01128000  2900.81612244
0.01130000  2900.3913509
0.01132000  2899.9665793599997
0.01134000  2899.54180782
0.01136000  2899.11703628
0.01138000  2898.6922647399997
0.01140000  2898.2674932
0.01142000  2897.84272166
0.01144000  2897.4179501199997
0.01146000  2896.99317858
0.01148000  2896.56840704
0.01150000  2896.1436354999996
0.01152000  2895.71886396
0.01154000  2895.2940924199997
0.01156000  2894.86932088
0.01158000  2894.44454934
0.01160000  2894.0197777999997
0.01162000  2893.59500626
0.01164000  2893.17023472
0.01166000  2892.7454631799997
0.01168000  2892.32069164
0.01170000  2891.8959201
0.01172000  2891.47114856
0.01174000  2891.04637702
0.01176000  2890.6216054799997
0.01178000  2890.19683394
0.01180000  2889.7720624
0.01182000  2889.3472908599997
0.01184000  2888.92251932
0.01186000  2888.49774778
0.01188000  2888.0729762399997
0.01190000  2887.6482047
0.01192000  2887.22343316
0.01194000  2886.7986616199996
0.01196000  2886.37389008
0.01198000  2885.9491185399997
0.01200000  2885.524347
0.01202000  2885.09957546
0.01204000  2884.6748039199997
0.01206000  2884.25003238
0.01208000  2883.82526084
0.01210000  2883.4004892999997
0.01212000  2882.97571776
0.01214000  2882.55094622
0.01216000  2882.12617468
0.01218000  2881.70140314
0.01220000  2881.2766315999997
0.01222000  2880.85186006
0.01224000  2880.42708852
0.01226000  2880.0023169799997
0.01228000  2879.57754544
0.01230000  2879.1527739
0.01232000  2878.7280023599997
0.01234000  2878.30323082
0.01236000  2877.87845928
0.01238000  2877.4536877399996
0.01240000  2877.0289162
0.01242000  2876.6041446599997
0.01244000  2876.17937312
0.01246000  2875.75460158
0.01248000  2875.3298300399997
0.01250000  2874.9050585
0.01252000  2874.48028696
0.01254000  2874.0555154199997
0.01256000  2873.63074388
0.01258000  2873.20597234
0.01260000  2872.7812008
0.01262000  2872.35642926
0.01264000  2871.9316577199997
0.01266000  2871.50688618
0.01268000  2871.08211464
0.01270000  2870.6573430999997
0.01272000  2870.23257156
0.01274000  2869.80780002
0.01276000  2869.3830284799997
0.01278000  2868.95825694
0.01280000  2868.5334854
0.01282000  2868.1087138599996
0.01284000  2867.68394232
0.01286000  2867.2591707799997
0.01288000  2866.83439924
0.01290000  2866.4096277
0.01292000  2865.9848561599997
0.01294000  2865.56008462
0.01296000  2865.13531308
0.01298000  2864.7105415399997
0.01300000  2864.28577
0.01302000  2863.86099846
0.01304000  2863.43622692
0.01306000  2863.01145538
0.01308000  2862.5866838399998
0.01310000  2862.1619123
0.01312000  2861.73714076
0.01314000  2861.3123692199997
0.01316000  2860.88759768
0.01318000  2860.46282614
0.01320000  2860.0380545999997
0.01322000  2859.61328306
0.01324000  2859.18851152
0.01326000  2858.7637399799996
0.01328000  2858.33896844
0.01330000  2857.9141968999998
0.01332000  2857.48942536
0.01334000  2857.06465382
0.01336000  2856.6398822799997
0.01338000  2856.21511074
0.01340000  2855.7903392
0.01342000  2855.3655676599997
0.01344000  2854.94079612
0.01346000  2854.51602458
0.01348000  2854.09125304
0.01350000  2853.6664815
0.01352000  2853.2417099599998
0.01354000  2852.81693842
0.01356000  2852.39216688
0.01358000  2851.9673953399997
0.01360000  2851.5426238
0.01362000  2851.11785226
0.01364000  2850.6930807199997
0.01366000  2850.26830918
0.01368000  2849.84353764
0.01370000  2849.4187660999996
0.01372000  2848.99399456
0.01374000  2848.5692230199998
0.01376000  2848.14445148
0.01378000  2847.71967994
0.01380000  2847.2949083999997
0.01382000  2846.87013686
0.01384000  2846.44536532
0.01386000  2846.0205937799997
0.01388000  2845.59582224
0.01390000  2845.1710507
0.01392000  2844.74627916
0.01394000  2844.32150762
0.01396000  2843.8967360799998
0.01398000  2843.47196454
0.01400000  2843.047193
0.01402000  2842.6224214599997
0.01404000  2842.19764992
0.01406000  2841.77287838
0.01408000  2841.3481068399997
0.01410000  2840.9233353
0.01412000  2840.49856376
0.01414000  2840.0737922199996
0.01416000  2839.64902068
0.01418000  2839.2242491399998
0.01420000  2838.7994776
0.01422000  2838.37470606
0.01424000  2837.9499345199997
0.01426000  2837.52516298
0.01428000  2837.10039144
0.01430000  2836.6756198999997
0.01432000  2836.25084836
0.01434000  2835.82607682
0.01436000  2835.40130528
0.01438000  2834.97653374
0.01440000  2834.5517621999998
0.01442000  2834.12699066
0.01444000  2833.70221912
0.01446000  2833.2774475799997
0.01448000  2832.85267604
0.01450000  2832.4279045
0.01452000  2832.0031329599997
0.01454000  2831.57836142
0.01456000  2831.15358988
0.01458000  2830.7288183399996
0.01460000  2830.3040468
0.01462000  2829.8792752599998
0.01464000  2829.45450372
0.01466000  2829.02973218
0.01468000  2828.6049606399997
0.01470000  2828.1801891
0.01472000  2827.75541756
0.01474000  2827.3306460199997
0.01476000  2826.90587448
0.01478000  2826.48110294
0.01480000  2826.0563314
0.01482000  2825.63155986
0.01484000  2825.2067883199998
0.01486000  2824.78201678
0.01488000  2824.35724524
0.01490000  2823.9324736999997
0.01492000  2823.50770216
0.01494000  2823.08293062
0.01496000  2822.6581590799997
0.01498000  2822.23338754
0.01500000  2821.808616
0.01502000  2821.3838444599996
0.01504000  2820.95907292
0.01506000  2820.5343013799998
0.01508000  2820.10952984
0.01510000  2819.6847583
0.01512000  2819.2599867599997
0.01514000  2818.83521522
0.01516000  2818.41044368
0.01518000  2817.9856721399997
0.01520000  2817.5609006
0.01522000  2817.13612906
0.01524000  2816.71135752
0.01526000  2816.28658598
0.01528000  2815.8618144399998
0.01530000  2815.4370429
0.01532000  2815.01227136
0.01534000  2814.5874998199997
0.01536000  2814.16272828
0.01538000  2813.73795674
0.01540000  2813.3131851999997
0.01542000  2812.88841366
0.01544000  2812.46364212
0.01546000  2812.0388705799996
0.01548000  2811.61409904
0.01550000  2811.1893274999998
0.01552000  2810.76455596
0.01554000  2810.33978442
0.01556000  2809.9150128799997
0.01558000  2809.49024134
0.01560000  2809.0654698
0.01562000  2808.6406982599997
0.01564000  2808.21592672
0.01566000  2807.79115518
0.01568000  2807.36638364
0.01570000  2806.9416121
0.01572000  2806.5168405599998
0.01574000  2806.09206902
0.01576000  2805.66729748
0.01578000  2805.2425259399997
0.01580000  2804.8177544
0.01582000  2804.39298286
0.01584000  2803.9682113199997
0.01586000  2803.54343978
0.01588000  2803.11866824
0.01590000  2802.6938966999996
0.01592000  2802.26912516
0.01594000  2801.8443536199998
0.01596000  2801.41958208
0.01598000  2800.99481054
0.01600000  2800.5700389999997
0.01602000  2800.14526746
0.01604000  2799.72049592
0.01606000  2799.2957243799997
0.01608000  2798.87095284
0.01610000  2798.4461813
0.01612000  2798.02140976
0.01614000  2797.59663822
0.01616000  2797.1718666799998
0.01618000  2796.74709514
0.01620000  2796.3223236
0.01622000  2795.8975520599997
0.01624000  2795.47278052
0.01626000  2795.04800898
0.01628000  2794.6232374399997
0.01630000  2794.1984659
0.01632000  2793.77369436
0.01634000  2793.3489228199996
0.01636000  2792.92415128
0.01638000  2792.4993797399998
0.01640000  2792.0746081999996
0.01642000  2791.64983666
0.01644000  2791.2250651199997
0.01646000  2790.80029358
0.01648000  2790.37552204
0.01650000  2789.9507504999997
0.01652000  2789.52597896
0.01654000  2789.10120742
0.01656000  2788.67643588
0.01658000  2788.25166434
0.01660000  2787.8268927999998
0.01662000  2787.40212126
0.01664000  2786.97734972
0.01666000  2786.5525781799997
0.01668000  2786.12780664
0.01670000  2785.7030351
0.01672000  2785.2782635599997
0.01674000  2784.85349202
0.01676000  2784.42872048
0.01678000  2784.0039489399996
0.01680000  2783.5791774
0.01682000  2783.1544058599998
0.01684000  2782.7296343199996
0.01686000  2782.30486278
0.01688000  2781.8800912399997
0.01690000  2781.4553197
0.01692000  2781.03054816
0.01694000  2780.6057766199997
0.01696000  2780.18100508
0.01698000  2779.75623354
0.01700000  2779.331462
0.01702000  2778.90669046
0.01704000  2778.4819189199998
0.01706000  2778.05714738
0.01708000  2777.63237584
0.01710000  2777.2076042999997
0.01712000  2776.78283276
0.01714000  2776.35806122
0.01716000  2775.9332896799997
0.01718000  2775.50851814
0.01720000  2775.0837466
0.01722000  2774.6589750599996
0.01724000  2774.23420352
0.01726000  2773.8094319799998
0.01728000  2773.3846604399996
0.01730000  2772.9598889
0.01732000  2772.5351173599997
0.01734000  2772.11034582
0.01736000  2771.68557428
0.01738000  2771.2608027399997
0.01740000  2770.8360312
0.01742000  2770.41125966
0.01744000  2769.98648812
0.01746000  2769.56171658
0.01748000  2769.13694504
0.01750000  2768.7121735
0.01752000  2768.28740196
0.01754000  2767.8626304199997
0.01756000  2767.43785888
0.01758000  2767.01308734
0.01760000  2766.5883157999997
0.01762000  2766.16354426
0.01764000  2765.73877272
0.01766000  2765.3140011799997
0.01768000  2764.88922964
0.01770000  2764.4644581
0.01772000  2764.0396865599996
0.01774000  2763.61491502
0.01776000  2763.1901434799997
0.01778000  2762.76537194
0.01780000  2762.3406004
0.01782000  2761.9158288599997
0.01784000  2761.49105732
0.01786000  2761.06628578
0.01788000  2760.64151424
0.01790000  2760.2167427
0.01792000  2759.79197116
0.01794000  2759.36719962
0.01796000  2758.94242808
0.01798000  2758.5176565399997
0.01800000  2758.092885
0.01802000  2757.66811346
0.01804000  2757.2433419199997
0.01806000  2756.81857038
0.01808000  2756.39379884
0.01810000  2755.9690272999997
0.01812000  2755.54425576
0.01814000  2755.11948422
0.01816000  2754.6947126799996
0.01818000  2754.26994114
0.01820000  2753.8451695999997
0.01822000  2753.42039806
0.01824000  2752.99562652
0.01826000  2752.5708549799997
0.01828000  2752.14608344
0.01830000  2751.7213119
0.01832000  2751.29654036
0.01834000  2750.87176882
0.01836000  2750.44699728
0.01838000  2750.02222574
0.01840000  2749.5974542
0.01842000  2749.1726826599997
0.01844000  2748.74791112
0.01846000  2748.32313958
0.01848000  2747.8983680399997
0.01850000  2747.4735965
0.01852000  2747.04882496
0.01854000  2746.6240534199997
0.01856000  2746.19928188
0.01858000  2745.77451034
0.01860000  2745.3497387999996
0.01862000  2744.92496726
0.01864000  2744.5001957199997
0.01866000  2744.07542418
0.01868000  2743.65065264
0.01870000  2743.2258810999997
0.01872000  2742.80110956
0.01874000  2742.37633802
0.01876000  2741.95156648
0.01878000  2741.52679494
0.01880000  2741.1020234
0.01882000  2740.67725186
0.01884000  2740.25248032
0.01886000  2739.8277087799997
0.01888000  2739.40293724
0.01890000  2738.9781657
0.01892000  2738.5533941599997
0.01894000  2738.12862262
0.01896000  2737.70385108
0.01898000  2737.2790795399997
0.01900000  2736.854308
0.01902000  2736.42953646
0.01904000  2736.0047649199996
0.01906000  2735.57999338
0.01908000  2735.1552218399997
0.01910000  2734.7304503
0.01912000  2734.30567876
0.01914000  2733.8809072199997
0.01916000  2733.45613568
0.01918000  2733.03136414
0.01920000  2732.6065926
0.01922000  2732.18182106
0.01924000  2731.75704952
0.01926000  2731.33227798
0.01928000  2730.90750644
0.01930000  2730.4827348999997
0.01932000  2730.05796336
0.01934000  2729.63319182
0.01936000  2729.2084202799997
0.01938000  2728.78364874
0.01940000  2728.3588772
0.01942000  2727.9341056599997
0.01944000  2727.50933412
0.01946000  2727.08456258
0.01948000  2726.6597910399996
0.01950000  2726.2350195
0.01952000  2725.8102479599997
0.01954000  2725.38547642
0.01956000  2724.96070488
0.01958000  2724.5359333399997
0.01960000  2724.1111618
0.01962000  2723.68639026
0.01964000  2723.26161872
0.01966000  2722.83684718
0.01968000  2722.41207564
0.01970000  2721.9873041
0.01972000  2721.56253256
0.01974000  2721.1377610199997
0.01976000  2720.71298948
0.01978000  2720.28821794
0.01980000  2719.8634463999997
0.01982000  2719.43867486
0.01984000  2719.01390332
0.01986000  2718.5891317799997
0.01988000  2718.16436024
0.01990000  2717.7395887
0.01992000  2717.3148171599996
0.01994000  2716.89004562
0.01996000  2716.4652740799997
0.01998000  2716.04050254
0.02000000  2715.615731
0.02002000  2712.609221
0.02004000  2709.833753
0.02006000  2707.275171
0.02008000  2704.905887
0.02010000  2702.56011
0.02012000  2699.757831
0.02014000  2695.999691
0.02016000  2690.939123
0.02018000  2684.181312
0.02020000  2675.286586
0.02022000  2663.195024
0.02024000  2644.72279
0.02026000  2615.979423
0.02028000  2572.092718
0.02030000  2506.254917
0.02032000  2409.250649
0.02034000  2270.16958
0.02036000  2079.96459
0.02038000  1843.733542
0.02040000  1591.688924
0.02042000  1346.891035
0.02044000  1107.287349
0.02046000  856.874282
0.02048000  591.574472
0.02050000  356.76168
0.02052000  209.527166
0.02054000  134.625468
0.02056000  102.699978
0.02058000  96.00796
0.02060000  113.952097
0.02062000  171.994087
0.02064000  305.845651
0.02066000  559.079501
0.02068000  925.837447
0.02070000  1342.254458
0.02072000  1741.294834
0.02074000  2083.723171
0.02076000  2357.625617
0.02078000  2566.495045
0.02080000  2719.298816
0.02082000  2827.646774
0.02084000  2903.251596
0.02086000  2955.865802
0.02088000  2992.652412
0.02090000  3018.559414
0.02092000  3036.93932
0.02094000  3050.061549
0.02096000  3059.465569
0.02098000  3066.226299
0.02100000  3071.08891
0.02102000  3074.579354
0.02104000  3077.074696
0.02106000  3078.842896
0.02108000  3080.079759
0.02110000  3080.927624
0.02112000  3081.495165
0.02114000  3081.858802
0.02116000  3082.072032
0.02118000  3082.176041
0.02120000  3082.198203
0.02122000  3082.160697
0.02124000  3082.082263
0.02126000  3081.971403
0.02128000  3081.838326
0.02130000  3081.691541
0.02132000  3081.537864
0.02134000  3081.380704
0.02136000  3081.225183
0.02138000  3081.078145
0.02140000  3080.937889
0.02142000  3080.809558
0.02144000  3080.688029
0.02146000  3080.573308
0.02148000  3080.465402
0.02150000  3080.364318
0.02152000  3080.268348
0.02154000  3080.179209
0.02156000  3080.093478
0.02158000  3080.011156
0.02160000  3079.932247
0.02162000  3079.855037
0.02164000  3079.781242
0.02166000  3079.710866
0.02168000  3079.640475
0.02170000  3079.570071
0.02172000  3079.503088
0.02174000  3079.437811
0.02176000  3079.372522
0.02178000  3079.307221
0.02180000  3079.243627
0.02182000  3079.18174
0.02184000  3079.119844
0.02186000  3079.059656
0.02188000  3078.999458
0.02190000  3078.93925
0.02192000  3078.880752
0.02194000  3078.823966
0.02196000  3078.767171
0.02198000  3078.710367
0.02200000  3078.655276
0.02202000  3078.600176
0.02204000  3078.545068
0.02206000  3078.491674
0.02208000  3078.439994
0.02210000  3078.388307
0.02212000  3078.336613
0.02214000  3078.284912
0.02216000  3078.234926
0.02218000  3078.186658
0.02220000  3078.138383
0.02222000  3078.090102
0.02224000  3078.041814
0.02226000  3077.995245
0.02228000  3077.950394
0.02230000  3077.903813
0.02232000  3077.858951
0.02234000  3077.81581
0.02236000  3077.772663
0.02238000  3077.729511
0.02240000  3077.686354
0.02242000  3077.644919
0.02244000  3077.603478
0.02246000  3077.56376
0.02248000  3077.524038
0.02250000  3077.484311
0.02252000  3077.446307
0.02254000  3077.408299
0.02256000  3077.370287
0.02258000  3077.332272
0.02260000  3077.29598
0.02262000  3077.259685
0.02264000  3077.225115
0.02266000  3077.190541
0.02268000  3077.155964
0.02270000  3077.121384
0.02272000  3077.08853
0.02274000  3077.055673
0.02276000  3077.022812
0.02278000  3076.991679
0.02280000  3076.960543
0.02282000  3076.929404
0.02284000  3076.899992
0.02286000  3076.868848
0.02288000  3076.839432
0.02290000  3076.810013
0.02292000  3076.782323
0.02294000  3076.75463
0.02296000  3076.726935
0.02298000  3076.699239
0.02300000  3076.67154
0.02302000  3076.2467684599997
0.02304000  3075.82199692
0.02306000  3075.39722538
0.02308000  3074.9724538399996
0.02310000  3074.5476823
0.02312000  3074.1229107599997
0.02314000  3073.69813922
0.02316000  3073.27336768
0.02318000  3072.8485961399997
0.02320000  3072.4238246
0.02322000  3071.99905306
0.02324000  3071.5742815199997
0.02326000  3071.14950998
0.02328000  3070.72473844
0.02330000  3070.2999668999996
0.02332000  3069.87519536
0.02334000  3069.4504238199997
0.02336000  3069.02565228
0.02338000  3068.60088074
0.02340000  3068.1761091999997
0.02342000  3067.75133766
0.02344000  3067.32656612
0.02346000  3066.9017945799997
0.02348000  3066.47702304
0.02350000  3066.0522515
0.02352000  3065.6274799599996
0.02354000  3065.20270842
0.02356000  3064.7779368799997
0.02358000  3064.35316534
0.02360000  3063.9283938
0.02362000  3063.5036222599997
0.02364000  3063.07885072
0.02366000  3062.65407918
0.02368000  3062.2293076399997
0.02370000  3061.8045361
0.02372000  3061.37976456
0.02374000  3060.9549930199996
0.02376000  3060.53022148
0.02378000  3060.1054499399997
0.02380000  3059.6806784
0.02382000  3059.25590686
0.02384000  3058.8311353199997
0.02386000  3058.40636378
0.02388000  3057.98159224
0.02390000  3057.5568206999997
0.02392000  3057.13204916
0.02394000  3056.70727762
0.02396000  3056.2825060799996
0.02398000  3055.85773454
0.02400000  3055.4329629999997
0.02402000  3055.00819146
0.02404000  3054.58341992
0.02406000  3054.1586483799997
0.02408000  3053.73387684
0.02410000  3053.3091053
0.02412000  3052.8843337599997
0.02414000  3052.45956222
0.02416000  3052.03479068
0.02418000  3051.6100191399996
0.02420000  3051.1852476
0.02422000  3050.7604760599997
0.02424000  3050.33570452
0.02426000  3049.91093298
0.02428000  3049.4861614399997
0.02430000  3049.0613899
0.02432000  3048.63661836
0.02434000  3048.2118468199997
0.02436000  3047.78707528
0.02438000  3047.36230374
0.02440000  3046.9375321999996
0.02442000  3046.51276066
0.02444000  3046.0879891199997
0.02446000  3045.66321758
0.02448000  3045.23844604
0.02450000  3044.8136744999997
0.02452000  3044.38890296
0.02454000  3043.96413142
0.02456000  3043.5393598799997
0.02458000  3043.11458834
0.02460000  3042.6898168
0.02462000  3042.2650452599996
0.02464000  3041.84027372
0.02466000  3041.4155021799997
0.02468000  3040.99073064
0.02470000  3040.5659591
0.02472000  3040.1411875599997
0.02474000  3039.71641602
0.02476000  3039.29164448
0.02478000  3038.8668729399997
0.02480000  3038.4421014
0.02482000  3038.01732986
0.02484000  3037.5925583199996
0.02486000  3037.16778678
0.02488000  3036.7430152399997
0.02490000  3036.3182437
0.02492000  3035.89347216
0.02494000  3035.4687006199997
0.02496000  3035.04392908
0.02498000  3034.61915754
0.02500000  3034.1943859999997
0.02502000  3033.76961446
0.02504000  3033.34484292
0.02506000  3032.9200713799996
0.02508000  3032.49529984
0.02510000  3032.0705282999998
0.02512000  3031.64575676
0.02514000  3031.22098522
0.02516000  3030.7962136799997
0.02518000  3030.37144214
0.02520000  3029.9466706
0.02522000  3029.5218990599997
0.02524000  3029.09712752
0.02526000  3028.67235598
0.02528000  3028.2475844399996
0.02530000  3027.8228129
0.02532000  3027.3980413599998
0.02534000  3026.97326982
0.02536000  3026.54849828
0.02538000  3026.1237267399997
0.02540000  3025.6989552
0.02542000  3025.27418366
0.02544000  3024.8494121199997
0.02546000  3024.42464058
0.02548000  3023.99986904
0.02550000  3023.5750974999996
0.02552000  3023.15032596
0.02554000  3022.7255544199998
0.02556000  3022.30078288
0.02558000  3021.87601134
0.02560000  3021.4512397999997
0.02562000  3021.02646826
0.02564000  3020.60169672
0.02566000  3020.1769251799997
0.02568000  3019.75215364
0.02570000  3019.3273821
0.02572000  3018.9026105599996
0.02574000  3018.47783902
0.02576000  3018.0530674799998
0.02578000  3017.62829594
0.02580000  3017.2035244
0.02582000  3016.7787528599997
0.02584000  3016.35398132
0.02586000  3015.92920978
0.02588000  3015.5044382399997
0.02590000  3015.0796667
0.02592000  3014.65489516
0.02594000  3014.2301236199996
0.02596000  3013.80535208
0.02598000  3013.3805805399998
0.02600000  3012.955809
0.02602000  3012.53103746
0.02604000  3012.1062659199997
0.02606000  3011.68149438
0.02608000  3011.25672284
0.02610000  3010.8319512999997
0.02612000  3010.40717976
0.02614000  3009.98240822
0.02616000  3009.5576366799996
0.02618000  3009.13286514
0.02620000  3008.7080935999998
0.02622000  3008.28332206
0.02624000  3007.85855052
0.02626000  3007.4337789799997
0.02628000  3007.00900744
0.02630000  3006.5842359
0.02632000  3006.1594643599997
0.02634000  3005.73469282
0.02636000  3005.30992128
0.02638000  3004.8851497399996
0.02640000  3004.4603782
0.02642000  3004.0356066599998
0.02644000  3003.61083512
0.02646000  3003.18606358
0.02648000  3002.7612920399997
0.02650000  3002.3365205
0.02652000  3001.91174896
0.02654000  3001.4869774199997
0.02656000  3001.06220588
0.02658000  3000.63743434
0.02660000  3000.2126627999996
0.02662000  2999.78789126
0.02664000  2999.3631197199998
0.02666000  2998.93834818
0.02668000  2998.51357664
0.02670000  2998.0888050999997
0.02672000  2997.66403356
0.02674000  2997.23926202
0.02676000  2996.8144904799997
0.02678000  2996.38971894
0.02680000  2995.9649474
0.02682000  2995.5401758599996
0.02684000  2995.11540432
0.02686000  2994.6906327799998
0.02688000  2994.26586124
0.02690000  2993.8410897
0.02692000  2993.4163181599997
0.02694000  2992.99154662
0.02696000  2992.56677508
0.02698000  2992.1420035399997
0.02700000  2991.717232
0.02702000  2991.29246046
0.02704000  2990.8676889199996
0.02706000  2990.44291738
0.02708000  2990.0181458399998
0.02710000  2989.5933743
0.02712000  2989.16860276
0.02714000  2988.7438312199997
0.02716000  2988.31905968
0.02718000  2987.89428814
0.02720000  2987.4695165999997
0.02722000  2987.04474506
0.02724000  2986.61997352
0.02726000  2986.1952019799996
0.02728000  2985.77043044
0.02730000  2985.3456588999998
0.02732000  2984.92088736
0.02734000  2984.49611582
0.02736000  2984.0713442799997
0.02738000  2983.64657274
0.02740000  2983.2218012
0.02742000  2982.7970296599997
0.02744000  2982.37225812
0.02746000  2981.94748658
0.02748000  2981.5227150399996
0.02750000  2981.0979435
0.02752000  2980.6731719599998
0.02754000  2980.24840042
0.02756000  2979.82362888
0.02758000  2979.3988573399997
0.02760000  2978.9740858
0.02762000  2978.54931426
0.02764000  2978.1245427199997
0.02766000  2977.69977118
0.02768000  2977.27499964
0.02770000  2976.8502280999996
0.02772000  2976.42545656
0.02774000  2976.0006850199998
0.02776000  2975.57591348
0.02778000  2975.15114194
0.02780000  2974.7263703999997
0.02782000  2974.30159886
0.02784000  2973.87682732
0.02786000  2973.4520557799997
0.02788000  2973.02728424
0.02790000  2972.6025127
0.02792000  2972.1777411599996
0.02794000  2971.75296962
0.02796000  2971.3281980799998
0.02798000  2970.90342654
0.02800000  2970.478655
0.02802000  2970.0538834599997
0.02804000  2969.62911192
0.02806000  2969.20434038
0.02808000  2968.7795688399997
0.02810000  2968.3547973
0.02812000  2967.93002576
0.02814000  2967.5052542199996
0.02816000  2967.08048268
0.02818000  2966.6557111399998
0.02820000  2966.2309396
0.02822000  2965.80616806
0.02824000  2965.3813965199997
0.02826000  2964.95662498
0.02828000  2964.53185344
0.02830000  2964.1070818999997
0.02832000  2963.68231036
0.02834000  2963.25753882
0.02836000  2962.8327672799996
0.02838000  2962.40799574
0.02840000  2961.9832241999998
0.02842000  2961.5584526599996
0.02844000  2961.13368112
0.02846000  2960.7089095799997
0.02848000  2960.28413804
0.02850000  2959.8593665
0.02852000  2959.4345949599997
0.02854000  2959.00982342
0.02856000  2958.58505188
0.02858000  2958.1602803399996
0.02860000  2957.7355088
0.02862000  2957.3107372599998
0.02864000  2956.88596572
0.02866000  2956.46119418
0.02868000  2956.0364226399997
0.02870000  2955.6116511
0.02872000  2955.18687956
0.02874000  2954.7621080199997
0.02876000  2954.33733648
0.02878000  2953.91256494
0.02880000  2953.4877933999996
0.02882000  2953.06302186
0.02884000  2952.6382503199998
0.02886000  2952.2134787799996
0.02888000  2951.78870724
0.02890000  2951.3639356999997
0.02892000  2950.93916416
0.02894000  2950.51439262
0.02896000  2950.0896210799997
0.02898000  2949.66484954
0.02900000  2949.240078
0.02902000  2948.8153064599996
0.02904000  2948.39053492
0.02906000  2947.9657633799998
0.02908000  2947.54099184
0.02910000  2947.1162203
0.02912000  2946.6914487599997
0.02914000  2946.26667722
0.02916000  2945.84190568
0.02918000  2945.4171341399997
0.02920000  2944.9923626
0.02922000  2944.56759106
0.02924000  2944.1428195199996
0.02926000  2943.71804798
0.02928000  2943.2932764399998
0.02930000  2942.8685048999996
0.02932000  2942.44373336
0.02934000  2942.0189618199997
0.02936000  2941.59419028
0.02938000  2941.16941874
0.02940000  2940.7446471999997
0.02942000  2940.31987566
0.02944000  2939.89510412
0.02946000  2939.4703325799996
0.02948000  2939.04556104
0.02950000  2938.6207895
0.02952000  2938.19601796
0.02954000  2937.77124642
0.02956000  2937.3464748799997
0.02958000  2936.92170334
0.02960000  2936.4969318
0.02962000  2936.0721602599997
0.02964000  2935.64738872
0.02966000  2935.22261718
0.02968000  2934.7978456399997
0.02970000  2934.3730741
0.02972000  2933.94830256
0.02974000  2933.5235310199996
0.02976000  2933.09875948
0.02978000  2932.6739879399997
0.02980000  2932.2492164
0.02982000  2931.82444486
0.02984000  2931.3996733199997
0.02986000  2930.97490178
0.02988000  2930.55013024
0.02990000  2930.1253586999997
0.02992000  2929.70058716
0.02994000  2929.27581562
0.02996000  2928.85104408
0.02998000  2928.42627254
0.03000000  2928.0015009999997
0.03002000  2927.57672946
0.03004000  2927.15195792
0.03006000  2926.7271863799997
0.03008000  2926.30241484
0.03010000  2925.8776433
0.03012000  2925.4528717599997
0.03014000  2925.02810022
0.03016000  2924.60332868
0.03018000  2924.1785571399996
0.03020000  2923.7537856
0.03022000  2923.3290140599997
0.03024000  2922.90424252
0.03026000  2922.47947098
0.03028000  2922.0546994399997
0.03030000  2921.6299279
0.03032000  2921.20515636
0.03034000  2920.7803848199997
0.03036000  2920.35561328
0.03038000  2919.93084174
0.03040000  2919.5060702
0.03042000  2919.08129866
0.03044000  2918.6565271199997
0.03046000  2918.23175558
0.03048000  2917.80698404
0.03050000  2917.3822124999997
0.03052000  2916.95744096
0.03054000  2916.53266942
0.03056000  2916.1078978799997
0.03058000  2915.68312634
0.03060000  2915.2583548
0.03062000  2914.8335832599996
0.03064000  2914.40881172
0.03066000  2913.9840401799997
0.03068000  2913.55926864
0.03070000  2913.1344971
0.03072000  2912.7097255599997
0.03074000  2912.28495402
0.03076000  2911.86018248
0.03078000  2911.4354109399997
0.03080000  2911.0106394
0.03082000  2910.58586786
0.03084000  2910.16109632
0.03086000  2909.73632478
0.03088000  2909.3115532399997
0.03090000  2908.8867817
0.03092000  2908.46201016
0.03094000  2908.0372386199997
0.03096000  2907.61246708
0.03098000  2907.18769554
0.03100000  2906.7629239999997
0.03102000  2906.33815246
0.03104000  2905.91338092
0.03106000  2905.4886093799996
0.03108000  2905.06383784
0.03110000  2904.6390662999997
0.03112000  2904.21429476
0.03114000  2903.78952322
0.03116000  2903.3647516799997
0.03118000  2902.93998014
0.03120000  2902.5152086
0.03122000  2902.0904370599997
0.03124000  2901.66566552
0.03126000  2901.24089398
0.03128000  2900.81612244
0.03130000  2900.3913509
0.03132000  2899.9665793599997
0.03134000  2899.54180782
0.03136000  2899.11703628
0.03138000  2898.6922647399997
0.03140000  2898.2674932
0.03142000  2897.84272166
0.03144000  2897.4179501199997
0.03146000  2896.99317858
0.03148000  2896.56840704
0.03150000  2896.1436354999996
0.03152000  2895.71886396
0.03154000  2895.2940924199997
0.03156000  2894.86932088
0.03158000  2894.44454934
0.03160000  2894.0197777999997
0.03162000  2893.59500626
0.03164000  2893.17023472
0.03166000  2892.7454631799997
0.03168000  2892.32069164
0.03170000  2891.8959201
0.03172000  2891.47114856
0.03174000  2891.04637702
0.03176000  2890.6216054799997
0.03178000  2890.19683394
0.03180000  2889.7720624
0.03182000  2889.3472908599997
0.03184000  2888.92251932
0.03186000  2888.49774778
0.03188000  2888.0729762399997
0.03190000  2887.6482047
0.03192000  2887.22343316
0.03194000  2886.7986616199996
0.03196000  2886.37389008
0.03198000  2885.9491185399997
0.03200000  2885.524347
0.03202000  2885.09957546
0.03204000  2884.6748039199997
0.03206000  2884.25003238
0.03208000  2883.82526084
0.03210000  2883.4004892999997
0.03212000  2882.97571776
0.03214000  2882.55094622
0.03216000  2882.12617468
0.03218000  2881.70140314
0.03220000  2881.2766315999997
0.03222000  2880.85186006
0.03224000  2880.42708852
0.03226000  2880.0023169799997
0.03228000  2879.57754544
0.03230000  2879.1527739
0.03232000  2878.7280023599997
0.03234000  2878.30323082
0.03236000  2877.87845928
0.03238000  2877.4536877399996
0.03240000  2877.0289162
0.03242000  2876.6041446599997
0.03244000  2876.17937312
0.03246000  2875.75460158
0.03248000  2875.3298300399997
0.03250000  2874.9050585
0.03252000  2874.48028696
0.03254000  2874.0555154199997
0.03256000  2873.63074388
0.03258000  2873.20597234
0.03260000  2872.7812008
0.03262000  2872.35642926
0.03264000  2871.9316577199997
0.03266000  2871.50688618
0.03268000  2871.08211464
0.03270000  2870.6573430999997
0.03272000  2870.23257156
0.03274000  2869.80780002
0.03276000  2869.3830284799997
0.03278000  2868.95825694
0.03280000  2868.5334854
0.03282000  2868.1087138599996
0.03284000  2867.68394232
0.03286000  2867.2591707799997
0.03288000  2866.83439924
0.03290000  2866.4096277
0.03292000  2865.9848561599997
0.03294000  2865.56008462
0.03296000  2865.13531308
0.03298000  2864.7105415399997
0.03300000  2864.28577
0.03302000  2863.86099846
0.03304000  2863.43622692
0.03306000  2863.01145538
0.03308000  2862.5866838399998
0.03310000  2862.1619123
0.03312000  2861.73714076
0.03314000  2861.3123692199997
0.03316000  2860.88759768
0.03318000  2860.46282614
0.03320000  2860.0380545999997
0.03322000  2859.61328306
0.03324000  2859.18851152
0.03326000  2858.7637399799996
0.03328000  2858.33896844
0.03330000  2857.9141968999998
0.03332000  2857.48942536
0.03334000  2857.06465382
0.03336000  2856.6398822799997
0.03338000  2856.21511074
0.03340000  2855.7903392
0.03342000  2855.3655676599997
0.03344000  2854.94079612
0.03346000  2854.51602458
0.03348000  2854.09125304
0.03350000  2853.6664815
0.03352000  2853.2417099599998
0.03354000  2852.81693842
0.03356000  2852.39216688
0.03358000  2851.9673953399997
0.03360000  2851.5426238
0.03362000  2851.11785226
0.03364000  2850.6930807199997
0.03366000  2850.26830918
0.03368000  2849.84353764
0.03370000  2849.4187660999996
0.03372000  2848.99399456
0.03374000  2848.5692230199998
0.03376000  2848.14445148
0.03378000  2847.71967994
0.03380000  2847.2949083999997
0.03382000  2846.87013686
0.03384000  2846.44536532
0.03386000  2846.0205937799997
0.03388000  2845.59582224
0.03390000  2845.1710507
0.03392000  2844.74627916
0.03394000  2844.32150762
0.03396000  2843.8967360799998
0.03398000  2843.47196454
0.03400000  2843.047193
0.03402000  2842.6224214599997
0.03404000  2842.19764992
0.03406000  2841.77287838
0.03408000  2841.3481068399997
0.03410000  2840.9233353
0.03412000  2840.49856376
0.03414000  2840.0737922199996
0.03416000  2839.64902068
0.03418000  2839.2242491399998
0.03420000  2838.7994776
0.03422000  2838.37470606
0.03424000  2837.9499345199997
0.03426000  2837.52516298
0.03428000  2837.10039144
0.03430000  2836.6756198999997
0.03432000  2836.25084836
0.03434000  2835.82607682
0.03436000  2835.40130528
0.03438000  2834.97653374
0.03440000  2834.5517621999998
0.03442000  2834.12699066
0.03444000  2833.70221912
0.03446000  2833.2774475799997
0.03448000  2832.85267604
0.03450000  2832.4279045
0.03452000  2832.0031329599997
0.03454000  2831.57836142
0.03456000  2831.15358988
0.03458000  2830.7288183399996
0.03460000  2830.3040468
0.03462000  2829.8792752599998
0.03464000  2829.45450372
0.03466000  2829.02973218
0.03468000  2828.6049606399997
0.03470000  2828.1801891
0.03472000  2827.75541756
0.03474000  2827.3306460199997
0.03476000  2826.90587448
0.03478000  2826.48110294
0.03480000  2826.0563314
0.03482000  2825.63155986
0.03484000  2825.2067883199998
0.03486000  2824.78201678
0.03488000  2824.35724524
0.03490000  2823.9324736999997
0.03492000  2823.50770216
0.03494000  2823.08293062
0.03496000  2822.6581590799997
0.03498000  2822.23338754
0.03500000  2821.808616
0.03502000  2821.3838444599996
0.03504000  2820.95907292
0.03506000  2820.5343013799998
0.03508000  2820.10952984
0.03510000  2819.6847583
0.03512000  2819.2599867599997
0.03514000  2818.83521522
0.03516000  2818.41044368
0.03518000  2817.9856721399997
0.03520000  2817.5609006
0.03522000  2817.13612906
0.03524000  2816.71135752
0.03526000  2816.28658598
0.03528000  2815.8618144399998
0.03530000  2815.4370429
0.03532000  2815.01227136
0.03534000  2814.5874998199997
0.03536000  2814.16272828
0.03538000  2813.73795674
0.03540000  2813.3131851999997
0.03542000  2812.88841366
0.03544000  2812.46364212
0.03546000  2812.0388705799996
0.03548000  2811.61409904
0.03550000  2811.1893274999998
0.03552000  2810.76455596
0.03554000  2810.33978442
0.03556000  2809.9150128799997
0.03558000  2809.49024134
0.03560000  2809.0654698
0.03562000  2808.6406982599997
0.03564000  2808.21592672
0.03566000  2807.79115518
0.03568000  2807.36638364
0.03570000  2806.9416121
0.03572000  2806.5168405599998
0.03574000  2806.09206902
0.03576000  2805.66729748
0.03578000  2805.2425259399997
0.03580000  2804.8177544
0.03582000  2804.39298286
0.03584000  2803.9682113199997
0.03586000  2803.54343978
0.03588000  2803.11866824
0.03590000  2802.6938966999996
0.03592000  2802.26912516
0.03594000  2801.8443536199998
0.03596000  2801.41958208
0.03598000  2800.99481054
0.03600000  2800.5700389999997
0.03602000  2800.14526746
0.03604000  2799.72049592
0.03606000  2799.2957243799997
0.03608000  2798.87095284
0.03610000  2798.4461813
0.03612000  2798.02140976
0.03614000  2797.59663822
0.03616000  2797.1718666799998
0.03618000  2796.74709514
0.03620000  2796.3223236
0.03622000  2795.8975520599997
0.03624000  2795.47278052
0.03626000  2795.04800898
0.03628000  2794.6232374399997
0.03630000  2794.1984659
0.03632000  2793.77369436
0.03634000  2793.3489228199996
0.03636000  2792.92415128
0.03638000  2792.4993797399998
0.03640000  2792.0746081999996
0.03642000  2791.64983666
0.03644000  2791.2250651199997
0.03646000  2790.80029358
0.03648000  2790.37552204
0.03650000  2789.9507504999997
0.03652000  2789.52597896
0.03654000  2789.10120742
0.03656000  2788.67643588
0.03658000  2788.25166434
0.03660000  2787.8268927999998
0.03662000  2787.40212126
0.03664000  2786.97734972
0.03666000  2786.5525781799997
0.03668000  2786.12780664
0.03670000  2785.7030351
0.03672000  2785.2782635599997
0.03674000  2784.85349202
0.03676000  2784.42872048
0.03678000  2784.0039489399996
0.03680000  2783.5791774
0.03682000  2783.1544058599998
0.03684000  2782.7296343199996
0.03686000  2782.30486278
0.03688000  2781.8800912399997
0.03690000  2781.4553197
0.03692000  2781.03054816
0.03694000  2780.6057766199997
0.03696000  2780.18100508
0.03698000  2779.75623354
0.03700000  2779.331462
0.03702000  2778.90669046
0.03704000  2778.4819189199998
0.03706000  2778.05714738
0.03708000  2777.63237584
0.03710000  2777.2076042999997
0.03712000  2776.78283276
0.03714000  2776.35806122
0.03716000  2775.9332896799997
0.03718000  2775.50851814
0.03720000  2775.0837466
0.03722000  2774.6589750599996
0.03724000  2774.23420352
0.03726000  2773.8094319799998
0.03728000  2773.3846604399996
0.03730000  2772.9598889
0.03732000  2772.5351173599997
0.03734000  2772.11034582
0.03736000  2771.68557428
0.03738000  2771.2608027399997
0.03740000  2770.8360312
0.03742000  2770.41125966
0.03744000  2769.98648812
0.03746000  2769.56171658
0.03748000  2769.13694504
0.03750000  2768.7121735
0.03752000  2768.28740196
0.03754000  2767.8626304199997
0.03756000  2767.43785888
0.03758000  2767.01308734
0.03760000  2766.5883157999997
0.03762000  2766.16354426
0.03764000  2765.73877272
0.03766000  2765.3140011799997
0.03768000  2764.88922964
0.03770000  2764.4644581
0.03772000  2764.0396865599996
0.03774000  2763.61491502
0.03776000  2763.1901434799997
0.03778000  2762.76537194
0.03780000  2762.3406004
0.03782000  2761.9158288599997
0.03784000  2761.49105732
0.03786000  2761.06628578
0.03788000  2760.64151424
0.03790000  2760.2167427
0.03792000  2759.79197116
0.03794000  2759.36719962
0.03796000  2758.94242808
0.03798000  2758.5176565399997
0.03800000  2758.092885
0.03802000  2757.66811346
0.03804000  2757.2433419199997
0.03806000  2756.81857038
0.03808000  2756.39379884
0.03810000  2755.9690272999997
0.03812000  2755.54425576
0.03814000  2755.11948422
0.03816000  2754.6947126799996
0.03818000  2754.26994114
0.03820000  2753.8451695999997
0.03822000  2753.42039806
0.03824000  2752.99562652
0.03826000  2752.5708549799997
0.03828000  2752.14608344
0.03830000  2751.7213119
0.03832000  2751.29654036
0.03834000  2750.87176882
0.03836000  2750.44699728
0.03838000  2750.02222574
0.03840000  2749.5974542
0.03842000  2749.1726826599997
0.03844000  2748.74791112
0.03846000  2748.32313958
0.03848000  2747.8983680399997
0.03850000  2747.4735965
0.03852000  2747.04882496
0.03854000  2746.6240534199997
0.03856000  2746.19928188
0.03858000  2745.77451034
0.03860000  2745.3497387999996
0.03862000  2744.92496726
0.03864000  2744.5001957199997
0.03866000  2744.07542418
0.03868000  2743.65065264
0.03870000  2743.2258810999997
0.03872000  2742.80110956
0.03874000  2742.37633802
0.03876000  2741.95156648
0.03878000  2741.52679494
0.03880000  2741.1020234
0.03882000  2740.67725186
0.03884000  2740.25248032
0.03886000  2739.8277087799997
0.03888000  2739.40293724
0.03890000  2738.9781657
0.03892000  2738.5533941599997
0.03894000  2738.12862262
0.03896000  2737.70385108
0.03898000  2737.2790795399997
0.03900000  2736.854308
0.03902000  2736.42953646
0.03904000  2736.0047649199996
0.03906000  2735.57999338
0.03908000  2735.1552218399997
0.03910000  2734.7304503
0.03912000  2734.30567876
0.03914000  2733.8809072199997
0.03916000  2733.45613568
0.03918000  2733.03136414
0.03920000  2732.6065926
0.03922000  2732.18182106
0.03924000  2731.75704952
0.03926000  2731.33227798
0.03928000  2730.90750644
0.03930000  2730.4827348999997
0.03932000  2730.05796336
0.03934000  2729.63319182
0.03936000  2729.2084202799997
0.03938000  2728.78364874
0.03940000  2728.3588772
0.03942000  2727.9341056599997
0.03944000  2727.50933412
0.03946000  2727.08456258
0.03948000  2726.6597910399996
0.03950000  2726.2350195
0.03952000  2725.8102479599997
0.03954000  2725.38547642
0.03956000  2724.96070488
0.03958000  2724.5359333399997
0.03960000  2724.1111618
0.03962000  2723.68639026
0.03964000  2723.26161872
0.03966000  2722.83684718
0.03968000  2722.41207564
0.03970000  2721.9873041
0.03972000  2721.56253256
0.03974000  2721.1377610199997
0.03976000  2720.71298948
0.03978000  2720.28821794
0.03980000  2719.8634463999997
0.03982000  2719.43867486
0.03984000  2719.01390332
0.03986000  2718.5891317799997
0.03988000  2718.16436024
0.03990000  2717.7395887
0.03992000  2717.3148171599996
0.03994000  2716.89004562
0.03996000  2716.4652740799997
0.03998000  2716.04050254
0.04000000  2715.615731
0.04002000  2712.609221
0.04004000  2709.833753
0.04006000  2707.275171
0.04008000  2704.905887
0.04010000  2702.56011
0.04012000  2699.757831
0.04014000  2695.999691
0.04016000  2690.939123
0.04018000  2684.181312
0.04020000  2675.286586
0.04022000  2663.195024
0.04024000  2644.72279
0.04026000  2615.979423
0.04028000  2572.092718
0.04030000  2506.254917
0.04032000  2409.250649
0.04034000  2270.16958
0.04036000  2079.96459
0.04038000  1843.733542
0.04040000  1591.688924
0.04042000  1346.891035
0.04044000  1107.287349
0.04046000  856.874282
0.04048000  591.574472
0.04050000  356.76168
0.04052000  209.527166
0.04054000  134.625468
0.04056000  102.699978
0.04058000  96.00796
0.04060000  113.952097
0.04062000  171.994087
0.04064000  305.845651
0.04066000  559.079501
0.04068000  925.837447
0.04070000  1342.254458
0.04072000  1741.294834
0.04074000  2083.723171
0.04076000  2357.625617
0.04078000  2566.495045
0.04080000  2719.298816
0.04082000  2827.646774
0.04084000  2903.251596
0.04086000  2955.865802
0.04088000  2992.652412
0.04090000  3018.559414
0.04092000  3036.93932
0.04094000  3050.061549
0.04096000  3059.465569
0.04098000  3066.226299
0.04100000  3071.08891
0.04102000  3074.579354
0.04104000  3077.074696
0.04106000  3078.842896
0.04108000  3080.079759
0.04110000  3080.927624
0.04112000  3081.495165
0.04114000  3081.858802
0.04116000  3082.072032
0.04118000  3082.176041
0.04120000  3082.198203
0.04122000  3082.160697
0.04124000  3082.082263
0.04126000  3081.971403
0.04128000  3081.838326
0.04130000  3081.691541
0.04132000  3081.537864
0.04134000  3081.380704
0.04136000  3081.225183
0.04138000  3081.078145
0.04140000  3080.937889
0.04142000  3080.809558
0.04144000  3080.688029
0.04146000  3080.573308
0.04148000  3080.465402
0.04150000  3080.364318
0.04152000  3080.268348
0.04154000  3080.179209
0.04156000  3080.093478
0.04158000  3080.011156
0.04160000  3079.932247
0.04162000  3079.855037
0.04164000  3079.781242
0.04166000  3079.710866
0.04168000  3079.640475
0.04170000  3079.570071
0.04172000  3079.503088
0.04174000  3079.437811
0.04176000  3079.372522
0.04178000  3079.307221
0.04180000  3079.243627
0.04182000  3079.18174
0.04184000  3079.119844
0.04186000  3079.059656
0.04188000  3078.999458
0.04190000  3078.93925
0.04192000  3078.880752
0.04194000  3078.823966
0.04196000  3078.767171
0.04198000  3078.710367
0.04200000  3078.655276
0.04202000  3078.600176
0.04204000  3078.545068
0.04206000  3078.491674
0.04208000  3078.439994
0.04210000  3078.388307
0.04212000  3078.336613
0.04214000  3078.284912
0.04216000  3078.234926
0.04218000  3078.186658
0.04220000  3078.138383
0.04222000  3078.090102
0.04224000  3078.041814
0.04226000  3077.995245
0.04228000  3077.950394
0.04230000  3077.903813
0.04232000  3077.858951
0.04234000  3077.81581
0.04236000  3077.772663
0.04238000  3077.729511
0.04240000  3077.686354
0.04242000  3077.644919
0.04244000  3077.603478
0.04246000  3077.56376
0.04248000  3077.524038
0.04250000  3077.484311
0.04252000  3077.446307
0.04254000  3077.408299
0.04256000  3077.370287
0.04258000  3077.332272
0.04260000  3077.29598
0.04262000  3077.259685
0.04264000  3077.225115
0.04266000  3077.190541
0.04268000  3077.155964
0.04270000  3077.121384
0.04272000  3077.08853
0.04274000  3077.055673
0.04276000  3077.022812
0.04278000  3076.991679
0.04280000  3076.960543
0.04282000  3076.929404
0.04284000  3076.899992
0.04286000  3076.868848
0.04288000  3076.839432
0.04290000  3076.810013
0.04292000  3076.782323
0.04294000  3076.75463
0.04296000  3076.726935
0.04298000  3076.699239
0.04300000  3076.67154
0.04302000  3076.2467684599997
0.04304000  3075.82199692
0.04306000  3075.39722538
0.04308000  3074.9724538399996
0.04310000  3074.5476823
0.04312000  3074.1229107599997
0.04314000  3073.69813922
0.04316000  3073.27336768
0.04318000  3072.8485961399997
0.04320000  3072.4238246
0.04322000  3071.99905306
0.04324000  3071.5742815199997
0.04326000  3071.14950998
0.04328000  3070.72473844
0.04330000  3070.2999668999996
0.04332000  3069.87519536
0.04334000  3069.4504238199997
0.04336000  3069.02565228
0.04338000  3068.60088074
0.04340000  3068.1761091999997
0.04342000  3067.75133766
0.04344000  3067.32656612
0.04346000  3066.9017945799997
0.04348000  3066.47702304
0.04350000  3066.0522515
0.04352000  3065.6274799599996
0.04354000  3065.20270842
0.04356000  3064.7779368799997
0.04358000  3064.35316534
0.04360000  3063.9283938
0.04362000  3063.5036222599997
0.04364000  3063.07885072
0.04366000  3062.65407918
0.04368000  3062.2293076399997
0.04370000  3061.8045361
0.04372000  3061.37976456
0.04374000  3060.9549930199996
0.04376000  3060.53022148
0.04378000  3060.1054499399997
0.04380000  3059.6806784
0.04382000  3059.25590686
0.04384000  3058.8311353199997
0.04386000  3058.40636378
0.04388000  3057.98159224
0.04390000  3057.5568206999997
0.04392000  3057.13204916
0.04394000  3056.70727762
0.04396000  3056.2825060799996
0.04398000  3055.85773454
0.04400000  3055.4329629999997
0.04402000  3055.00819146
0.04404000  3054.58341992
0.04406000  3054.1586483799997
0.04408000  3053.73387684
0.04410000  3053.3091053
0.04412000  3052.8843337599997
0.04414000  3052.45956222
0.04416000  3052.03479068
0.04418000  3051.6100191399996
0.04420000  3051.1852476
0.04422000  3050.7604760599997
0.04424000  3050.33570452
0.04426000  3049.91093298
0.04428000  3049.4861614399997
0.04430000  3049.0613899
0.04432000  3048.63661836
0.04434000  3048.2118468199997
0.04436000  3047.78707528
0.04438000  3047.36230374
0.04440000  3046.9375321999996
0.04442000  3046.51276066
0.04444000  3046.0879891199997
0.04446000  3045.66321758
0.04448000  3045.23844604
0.04450000  3044.8136744999997
0.04452000  3044.38890296
0.04454000  3043.96413142
0.04456000  3043.5393598799997
0.04458000  3043.11458834
0.04460000  3042.6898168
0.04462000  3042.2650452599996
0.04464000  3041.84027372
0.04466000  3041.4155021799997
0.04468000  3040.99073064
0.04470000  3040.5659591
0.04472000  3040.1411875599997
0.04474000  3039.71641602
0.04476000  3039.29164448
0.04478000  3038.8668729399997
0.04480000  3038.4421014
0.04482000  3038.01732986
0.04484000  3037.5925583199996
0.04486000  3037.16778678
0.04488000  3036.7430152399997
0.04490000  3036.3182437
0.04492000  3035.89347216
0.04494000  3035.4687006199997
0.04496000  3035.04392908
0.04498000  3034.61915754
0.04500000  3034.1943859999997
0.04502000  3033.76961446
0.04504000  3033.34484292
0.04506000  3032.9200713799996
0.04508000  3032.49529984
0.04510000  3032.0705282999998
0.04512000  3031.64575676
0.04514000  3031.22098522
0.04516000  3030.7962136799997
0.04518000  3030.37144214
0.04520000  3029.9466706
0.04522000  3029.5218990599997
0.04524000  3029.09712752
0.04526000  3028.67235598
0.04528000  3028.2475844399996
0.04530000  3027.8228129
0.04532000  3027.3980413599998
0.04534000  3026.97326982
0.04536000  3026.54849828
0.04538000  3026.1237267399997
0.04540000  3025.6989552
0.04542000  3025.27418366
0.04544000  3024.8494121199997
0.04546000  3024.42464058
0.04548000  3023.99986904
0.04550000  3023.5750974999996
0.04552000  3023.15032596
0.04554000  3022.7255544199998
0.04556000  3022.30078288
0.04558000  3021.87601134
0.04560000  3021.4512397999997
0.04562000  3021.02646826
0.04564000  3020.60169672
0.04566000  3020.1769251799997
0.04568000  3019.75215364
0.04570000  3019.3273821
0.04572000  3018.9026105599996
0.04574000  3018.47783902
0.04576000  3018.0530674799998
0.04578000  3017.62829594
0.04580000  3017.2035244
0.04582000  3016.7787528599997
0.04584000  3016.35398132
0.04586000  3015.92920978
0.04588000  3015.5044382399997
0.04590000  3015.0796667
0.04592000  3014.65489516
0.04594000  3014.2301236199996
0.04596000  3013.80535208
0.04598000  3013.3805805399998
0.04600000  3012.955809
0.04602000  3012.53103746
0.04604000  3012.1062659199997
0.04606000  3011.68149438
0.04608000  3011.25672284
0.04610000  3010.8319512999997
0.04612000  3010.40717976
0.04614000  3009.98240822
0.04616000  3009.5576366799996
0.04618000  3009.13286514
0.04620000  3008.7080935999998
0.04622000  3008.28332206
0.04624000  3007.85855052
0.04626000  3007.4337789799997
0.04628000  3007.00900744
0.04630000  3006.5842359
0.04632000  3006.1594643599997
0.04634000  3005.73469282
0.04636000  3005.30992128
0.04638000  3004.8851497399996
0.04640000  3004.4603782
0.04642000  3004.0356066599998
0.04644000  3003.61083512
0.04646000  3003.18606358
0.04648000  3002.7612920399997
0.04650000  3002.3365205
0.04652000  3001.91174896
0.04654000  3001.4869774199997
0.04656000  3001.06220588
0.04658000  3000.63743434
0.04660000  3000.2126627999996
0.04662000  2999.78789126
0.04664000  2999.3631197199998
0.04666000  2998.93834818
0.04668000  2998.51357664
0.04670000  2998.0888050999997
0.04672000  2997.66403356
0.04674000  2997.23926202
0.04676000  2996.8144904799997
0.04678000  2996.38971894
0.04680000  2995.9649474
0.04682000  2995.5401758599996
0.04684000  2995.11540432
0.04686000  2994.6906327799998
0.04688000  2994.26586124
0.04690000  2993.8410897
0.04692000  2993.4163181599997
0.04694000  2992.99154662
0.04696000  2992.56677508
0.04698000  2992.1420035399997
0.04700000  2991.717232
0.04702000  2991.29246046
0.04704000  2990.8676889199996
0.04706000  2990.44291738
0.04708000  2990.0181458399998
0.04710000  2989.5933743
0.04712000  2989.16860276
0.04714000  2988.7438312199997
0.04716000  2988.31905968
0.04718000  2987.89428814
0.04720000  2987.4695165999997
0.04722000  2987.04474506
0.04724000  2986.61997352
0.04726000  2986.1952019799996
0.04728000  2985.77043044
0.04730000  2985.3456588999998
0.04732000  2984.92088736
0.04734000  2984.49611582
0.04736000  2984.0713442799997
0.04738000  2983.64657274
0.04740000  2983.2218012
0.04742000  2982.7970296599997
0.04744000  2982.37225812
0.04746000  2981.94748658
0.04748000  2981.5227150399996
0.04750000  2981.0979435
0.04752000  2980.6731719599998
0.04754000  2980.24840042
0.04756000  2979.82362888
0.04758000  2979.3988573399997
0.04760000  2978.9740858
0.04762000  2978.54931426
0.04764000  2978.1245427199997
0.04766000  2977.69977118
0.04768000  2977.27499964
0.04770000  2976.8502280999996
0.04772000  2976.42545656
0.04774000  2976.0006850199998
0.04776000  2975.57591348
0.04778000  2975.15114194
0.04780000  2974.7263703999997
0.04782000  2974.30159886
0.04784000  2973.87682732
0.04786000  2973.4520557799997
0.04788000  2973.02728424
0.04790000  2972.6025127
0.04792000  2972.1777411599996
0.04794000  2971.75296962
0.04796000  2971.3281980799998
0.04798000  2970.90342654
0.04800000  2970.478655
0.04802000  2970.0538834599997
0.04804000  2969.62911192
0.04806000  2969.20434038
0.04808000  2968.7795688399997
0.04810000  2968.3547973
0.04812000  2967.93002576
0.04814000  2967.5052542199996
0.04816000  2967.08048268
0.04818000  2966.6557111399998
0.04820000  2966.2309396
0.04822000  2965.80616806
0.04824000  2965.3813965199997
0.04826000  2964.95662498
0.04828000  2964.53185344
0.04830000  2964.1070818999997
0.04832000  2963.68231036
0.04834000  2963.25753882
0.04836000  2962.8327672799996
0.04838000  2962.40799574
0.04840000  2961.9832241999998
0.04842000  2961.5584526599996
0.04844000  2961.13368112
0.04846000  2960.7089095799997
0.04848000  2960.28413804
0.04850000  2959.8593665
0.04852000  2959.4345949599997
0.04854000  2959.00982342
0.04856000  2958.58505188
0.04858000  2958.1602803399996
0.04860000  2957.7355088
0.04862000  2957.3107372599998
0.04864000  2956.88596572
0.04866000  2956.46119418
0.04868000  2956.0364226399997
0.04870000  2955.6116511
0.04872000  2955.18687956
0.04874000  2954.7621080199997
0.04876000  2954.33733648
0.04878000  2953.91256494
0.04880000  2953.4877933999996
0.04882000  2953.06302186
0.04884000  2952.6382503199998
0.04886000  2952.2134787799996
0.04888000  2951.78870724
0.04890000  2951.3639356999997
0.04892000  2950.93916416
0.04894000  2950.51439262
0.04896000  2950.0896210799997
0.04898000  2949.66484954
0.04900000  2949.240078
0.04902000  2948.8153064599996
0.04904000  2948.39053492
0.04906000  2947.9657633799998
0.04908000  2947.54099184
0.04910000  2947.1162203
0.04912000  2946.6914487599997
0.04914000  2946.26667722
0.04916000  2945.84190568
0.04918000  2945.4171341399997
0.04920000  2944.9923626
0.04922000  2944.56759106
0.04924000  2944.1428195199996
0.04926000  2943.71804798
0.04928000  2943.2932764399998
0.04930000  2942.8685048999996
0.04932000  2942.44373336
0.04934000  2942.0189618199997
0.04936000  2941.59419028
0.04938000  2941.16941874
0.04940000  2940.7446471999997
0.04942000  2940.31987566
0.04944000  2939.89510412
0.04946000  2939.4703325799996
0.04948000  2939.04556104
0.04950000  2938.6207895
0.04952000  2938.19601796
0.04954000  2937.77124642
0.04956000  2937.3464748799997
0.04958000  2936.92170334
0.04960000  2936.4969318
0.04962000  2936.0721602599997
0.04964000  2935.64738872
0.04966000  2935.22261718
0.04968000  2934.7978456399997
0.04970000  2934.3730741
0.04972000  2933.94830256
0.04974000  2933.5235310199996
0.04976000  2933.09875948
0.04978000  2932.6739879399997
0.04980000  2932.2492164
0.04982000  2931.82444486
0.04984000  2931.3996733199997
0.04986000  2930.97490178
0.04988000  2930.55013024
0.04990000  2930.1253586999997
0.04992000  2929.70058716
0.04994000  2929.27581562
0.04996000  2928.85104408
0.04998000  2928.42627254
0.05000000  2928.0015009999997
0.05002000  2927.57672946
0.05004000  2927.15195792
0.05006000  2926.7271863799997
0.05008000  2926.30241484
0.05010000  2925.8776433
0.05012000  2925.4528717599997
0.05014000  2925.02810022
0.05016000  2924.60332868
0.05018000  2924.1785571399996
0.05020000  2923.7537856
0.05022000  2923.3290140599997
0.05024000  2922.90424252
0.05026000  2922.47947098
0.05028000  2922.0546994399997
0.05030000  2921.6299279
0.05032000  2921.20515636
0.05034000  2920.7803848199997
0.05036000  2920.35561328
0.05038000  2919.93084174
0.05040000  2919.5060702
0.05042000  2919.08129866
0.05044000  2918.6565271199997
0.05046000  2918.23175558
0.05048000  2917.80698404
0.05050000  2917.3822124999997
0.05052000  2916.95744096
0.05054000  2916.53266942
0.05056000  2916.1078978799997
0.05058000  2915.68312634
0.05060000  2915.2583548
0.05062000  2914.8335832599996
0.05064000  2914.40881172
0.05066000  2913.9840401799997
0.05068000  2913.55926864
0.05070000  2913.1344971
0.05072000  2912.7097255599997
0.05074000  2912.28495402
0.05076000  2911.86018248
0.05078000  2911.4354109399997
0.05080000  2911.0106394
0.05082000  2910.58586786
0.05084000  2910.16109632
0.05086000  2909.73632478
0.05088000  2909.3115532399997
0.05090000  2908.8867817
0.05092000  2908.46201016
0.05094000  2908.0372386199997
0.05096000  2907.61246708
0.05098000  2907.18769554
0.05100000  2906.7629239999997
0.05102000  2906.33815246
0.05104000  2905.91338092
0.05106000  2905.4886093799996
0.05108000  2905.06383784
0.05110000  2904.6390662999997
0.05112000  2904.21429476
0.05114000  2903.78952322
0.05116000  2903.3647516799997
0.05118000  2902.93998014
0.05120000  2902.5152086
0.05122000  2902.0904370599997
0.05124000  2901.66566552
0.05126000  2901.24089398
0.05128000  2900.81612244
0.05130000  2900.3913509
0.05132000  2899.9665793599997
0.05134000  2899.54180782
0.05136000  2899.11703628
0.05138000  2898.6922647399997
0.05140000  2898.2674932
0.05142000  2897.84272166
0.05144000  2897.4179501199997
0.05146000  2896.99317858
0.05148000  2896.56840704
0.05150000  2896.1436354999996
0.05152000  2895.71886396
0.05154000  2895.2940924199997
0.05156000  2894.86932088
0.05158000  2894.44454934
0.05160000  2894.0197777999997
0.05162000  2893.59500626
0.05164000  2893.17023472
0.05166000  2892.7454631799997
0.05168000  2892.32069164
0.05170000  2891.8959201
0.05172000  2891.47114856
0.05174000  2891.04637702
0.05176000  2890.6216054799997
0.05178000  2890.19683394
0.05180000  2889.7720624
0.05182000  2889.3472908599997
0.05184000  2888.92251932
0.05186000  2888.49774778
0.05188000  2888.0729762399997
0.05190000  2887.6482047
0.05192000  2887.22343316
0.05194000  2886.7986616199996
0.05196000  2886.37389008
0.05198000  2885.9491185399997
0.05200000  2885.524347
0.05202000  2885.09957546
0.05204000  2884.6748039199997
0.05206000  2884.25003238
0.05208000  2883.82526084
0.05210000  2883.4004892999997
0.05212000  2882.97571776
0.05214000  2882.55094622
0.05216000  2882.12617468
0.05218000  2881.70140314
0.05220000  2881.2766315999997
0.05222000  2880.85186006
0.05224000  2880.42708852
0.05226000  2880.0023169799997
0.05228000  2879.57754544
0.05230000  2879.1527739
0.05232000  2878.7280023599997
0.05234000  2878.30323082
0.05236000  2877.87845928
0.05238000  2877.4536877399996
0.05240000  2877.0289162
0.05242000  2876.6041446599997
0.05244000  2876.17937312
0.05246000  2875.75460158
0.05248000  2875.3298300399997
0.05250000  2874.9050585
0.05252000  2874.48028696
0.05254000  2874.0555154199997
0.05256000  2873.63074388
0.05258000  2873.20597234
0.05260000  2872.7812008
0.05262000  2872.35642926
0.05264000  2871.9316577199997
0.05266000  2871.50688618
0.05268000  2871.08211464
0.05270000  2870.6573430999997
0.05272000  2870.23257156
0.05274000  2869.80780002
0.05276000  2869.3830284799997
0.05278000  2868.95825694
0.05280000  2868.5334854
0.05282000  2868.1087138599996
0.05284000  2867.68394232
0.05286000  2867.2591707799997
0.05288000  2866.83439924
0.05290000  2866.4096277
0.05292000  2865.9848561599997
0.05294000  2865.56008462
0.05296000  2865.13531308
0.05298000  2864.7105415399997
0.05300000  2864.28577
0.05302000  2863.86099846
0.05304000  2863.43622692
0.05306000  2863.01145538
0.05308000  2862.5866838399998
0.05310000  2862.1619123
0.05312000  2861.73714076
0.05314000  2861.3123692199997
0.05316000  2860.88759768
0.05318000  2860.46282614
0.05320000  2860.0380545999997
0.05322000  2859.61328306
0.05324000  2859.18851152
0.05326000  2858.7637399799996
0.05328000  2858.33896844
0.05330000  2857.9141968999998
0.05332000  2857.48942536
0.05334000  2857.06465382
0.05336000  2856.6398822799997
0.05338000  2856.21511074
0.05340000  2855.7903392
0.05342000  2855.3655676599997
0.05344000  2854.94079612
0.05346000  2854.51602458
0.05348000  2854.09125304
0.05350000  2853.6664815
0.05352000  2853.2417099599998
0.05354000  2852.81693842
0.05356000  2852.39216688
0.05358000  2851.9673953399997
0.05360000  2851.5426238
0.05362000  2851.11785226
0.05364000  2850.6930807199997
0.05366000  2850.26830918
0.05368000  2849.84353764
0.05370000  2849.4187660999996
0.05372000  2848.99399456
0.05374000  2848.5692230199998
0.05376000  2848.14445148
0.05378000  2847.71967994
0.05380000  2847.2949083999997
0.05382000  2846.87013686
0.05384000  2846.44536532
0.05386000  2846.0205937799997
0.05388000  2845.59582224
0.05390000  2845.1710507
0.05392000  2844.74627916
0.05394000  2844.32150762
0.05396000  2843.8967360799998
0.05398000  2843.47196454
0.05400000  2843.047193
0.05402000  2842.6224214599997
0.05404000  2842.19764992
0.05406000  2841.77287838
0.05408000  2841.3481068399997
0.05410000  2840.9233353
0.05412000  2840.49856376
0.05414000  2840.0737922199996
0.05416000  2839.64902068
0.05418000  2839.2242491399998
0.05420000  2838.7994776
0.05422000  2838.37470606
0.05424000  2837.9499345199997
0.05426000  2837.52516298
0.05428000  2837.10039144
0.05430000  2836.6756198999997
0.05432000  2836.25084836
0.05434000  2835.82607682
0.05436000  2835.40130528
0.05438000  2834.97653374
0.05440000  2834.5517621999998
0.05442000  2834.12699066
0.05444000  2833.70221912
0.05446000  2833.2774475799997
0.05448000  2832.85267604
0.05450000  2832.4279045
0.05452000  2832.0031329599997
0.05454000  2831.57836142
0.05456000  2831.15358988
0.05458000  2830.7288183399996
0.05460000  2830.3040468
0.05462000  2829.8792752599998
0.05464000  2829.45450372
0.05466000  2829.02973218
0.05468000  2828.6049606399997
0.05470000  2828.1801891
0.05472000  2827.75541756
0.05474000  2827.3306460199997
0.05476000  2826.90587448
0.05478000  2826.48110294
0.05480000  2826.0563314
0.05482000  2825.63155986
0.05484000  2825.2067883199998
0.05486000  2824.78201678
0.05488000  2824.35724524
0.05490000  2823.9324736999997
0.05492000  2823.50770216
0.05494000  2823.08293062
0.05496000  2822.6581590799997
0.05498000  2822.23338754
0.05500000  2821.808616
0.05502000  2821.3838444599996
0.05504000  2820.95907292
0.05506000  2820.5343013799998
0.05508000  2820.10952984
0.05510000  2819.6847583
0.05512000  2819.2599867599997
0.05514000  2818.83521522
0.05516000  2818.41044368
0.05518000  2817.9856721399997
0.05520000  2817.5609006
0.05522000  2817.13612906
0.05524000  2816.71135752
0.05526000  2816.28658598
0.05528000  2815.8618144399998
0.05530000  2815.4370429
0.05532000  2815.01227136
0.05534000  2814.5874998199997
0.05536000  2814.16272828
0.05538000  2813.73795674
0.05540000  2813.3131851999997
0.05542000  2812.88841366
0.05544000  2812.46364212
0.05546000  2812.0388705799996
0.05548000  2811.61409904
0.05550000  2811.1893274999998
0.05552000  2810.76455596
0.05554000  2810.33978442
0.05556000  2809.9150128799997
0.05558000  2809.49024134
0.05560000  2809.0654698
0.05562000  2808.6406982599997
0.05564000  2808.21592672
0.05566000  2807.79115518
0.05568000  2807.36638364
0.05570000  2806.9416121
0.05572000  2806.5168405599998
0.05574000  2806.09206902
0.05576000  2805.66729748
0.05578000  2805.2425259399997
0.05580000  2804.8177544
0.05582000  2804.39298286
0.05584000  2803.9682113199997
0.05586000  2803.54343978
0.05588000  2803.11866824
0.05590000  2802.6938966999996
0.05592000  2802.26912516
0.05594000  2801.8443536199998
0.05596000  2801.41958208
0.05598000  2800.99481054
0.05600000  2800.5700389999997
0.05602000  2800.14526746
0.05604000  2799.72049592
0.05606000  2799.2957243799997
0.05608000  2798.87095284
0.05610000  2798.4461813
0.05612000  2798.02140976
0.05614000  2797.59663822
0.05616000  2797.1718666799998
0.05618000  2796.74709514
0.05620000  2796.3223236
0.05622000  2795.8975520599997
0.05624000  2795.47278052
0.05626000  2795.04800898
0.05628000  2794.6232374399997
0.05630000  2794.1984659
0.05632000  2793.77369436
0.05634000  2793.3489228199996
0.05636000  2792.92415128
0.05638000  2792.4993797399998
0.05640000  2792.0746081999996
0.05642000  2791.64983666
0.05644000  2791.2250651199997
0.05646000  2790.80029358
0.05648000  2790.37552204
0.05650000  2789.9507504999997
0.05652000  2789.52597896
0.05654000  2789.10120742
0.05656000  2788.67643588
0.05658000  2788.25166434
0.05660000  2787.8268927999998
0.05662000  2787.40212126
0.05664000  2786.97734972
0.05666000  2786.5525781799997
0.05668000  2786.12780664
0.05670000  2785.7030351
0.05672000  2785.2782635599997
0.05674000  2784.85349202
0.05676000  2784.42872048
0.05678000  2784.0039489399996
0.05680000  2783.5791774
0.05682000  2783.1544058599998
0.05684000  2782.7296343199996
0.05686000  2782.30486278
0.05688000  2781.8800912399997
0.05690000  2781.4553197
0.05692000  2781.03054816
0.05694000  2780.6057766199997
0.05696000  2780.18100508
0.05698000  2779.75623354
0.05700000  2779.331462
0.05702000  2778.90669046
0.05704000  2778.4819189199998
0.05706000  2778.05714738
0.05708000  2777.63237584
0.05710000  2777.2076042999997
0.05712000  2776.78283276
0.05714000  2776.35806122
0.05716000  2775.9332896799997
0.05718000  2775.50851814
0.05720000  2775.0837466
0.05722000  2774.6589750599996
0.05724000  2774.23420352
0.05726000  2773.8094319799998
0.05728000  2773.3846604399996
0.05730000  2772.9598889
0.05732000  2772.5351173599997
0.05734000  2772.11034582
0.05736000  2771.68557428
0.05738000  2771.2608027399997
0.05740000  2770.8360312
0.05742000  2770.41125966
0.05744000  2769.98648812
0.05746000  2769.56171658
0.05748000  2769.13694504
0.05750000  2768.7121735
0.05752000  2768.28740196
0.05754000  2767.8626304199997
0.05756000  2767.43785888
0.05758000  2767.01308734
0.05760000  2766.5883157999997
0.05762000  2766.16354426
0.05764000  2765.73877272
0.05766000  2765.3140011799997
0.05768000  2764.88922964
0.05770000  2764.4644581
0.05772000  2764.0396865599996
0.05774000  2763.61491502
0.05776000  2763.1901434799997
0.05778000  2762.76537194
0.05780000  2762.3406004
0.05782000  2761.9158288599997
0.05784000  2761.49105732
0.05786000  2761.06628578
0.05788000  2760.64151424
0.05790000  2760.2167427
0.05792000  2759.79197116
0.05794000  2759.36719962
0.05796000  2758.94242808
0.05798000  2758.5176565399997
0.05800000  2758.092885
0.05802000  2757.66811346
0.05804000  2757.2433419199997
0.05806000  2756.81857038
0.05808000  2756.39379884
0.05810000  2755.9690272999997
0.05812000  2755.54425576
0.05814000  2755.11948422
0.05816000  2754.6947126799996
0.05818000  2754.26994114
0.05820000  2753.8451695999997
0.05822000  2753.42039806
0.05824000  2752.99562652
0.05826000  2752.5708549799997
0.05828000  2752.14608344
0.05830000  2751.7213119
0.05832000  2751.29654036
0.05834000  2750.87176882
0.05836000  2750.44699728
0.05838000  2750.02222574
0.05840000  2749.5974542
0.05842000  2749.1726826599997
0.05844000  2748.74791112
0.05846000  2748.32313958
0.05848000  2747.8983680399997
0.05850000  2747.4735965
0.05852000  2747.04882496
0.05854000  2746.6240534199997
0.05856000  2746.19928188
0.05858000  2745.77451034
0.05860000  2745.3497387999996
0.05862000  2744.92496726
0.05864000  2744.5001957199997
0.05866000  2744.07542418
0.05868000  2743.65065264
0.05870000  2743.2258810999997
0.05872000  2742.80110956
0.05874000  2742.37633802
0.05876000  2741.95156648
0.05878000  2741.52679494
0.05880000  2741.1020234
0.05882000  2740.67725186
0.05884000  2740.25248032
0.05886000  2739.8277087799997
0.05888000  2739.40293724
0.05890000  2738.9781657
0.05892000  2738.5533941599997
0.05894000  2738.12862262
0.05896000  2737.70385108
0.05898000  2737.2790795399997
0.05900000  2736.854308
0.05902000  2736.42953646
0.05904000  2736.0047649199996
0.05906000  2735.57999338
0.05908000  2735.1552218399997
0.05910000  2734.7304503
0.05912000  2734.30567876
0.05914000  2733.8809072199997
0.05916000  2733.45613568
0.05918000  2733.03136414
0.05920000  2732.6065926
0.05922000  2732.18182106
0.05924000  2731.75704952
0.05926000  2731.33227798
0.05928000  2730.90750644
0.05930000  2730.4827348999997
0.05932000  2730.05796336
0.05934000  2729.63319182
0.05936000  2729.2084202799997
0.05938000  2728.78364874
0.05940000  2728.3588772
0.05942000  2727.9341056599997
0.05944000  2727.50933412
0.05946000  2727.08456258
0.05948000  2726.6597910399996
0.05950000  2726.2350195
0.05952000  2725.8102479599997
0.05954000  2725.38547642
0.05956000  2724.96070488
0.05958000  2724.5359333399997
0.05960000  2724.1111618
0.05962000  2723.68639026
0.05964000  2723.26161872
0.05966000  2722.83684718
0.05968000  2722.41207564
0.05970000  2721.9873041
0.05972000  2721.56253256
0.05974000  2721.1377610199997
0.05976000  2720.71298948
0.05978000  2720.28821794
0.05980000  2719.8634463999997
0.05982000  2719.43867486
0.05984000  2719.01390332
0.05986000  2718.5891317799997
0.05988000  2718.16436024
0.05990000  2717.7395887
0.05992000  2717.3148171599996
0.05994000  2716.89004562
0.05996000  2716.4652740799997
0.05998000  2716.04050254
0.06000000  2715.615731
0.06002000  2712.609221
0.06004000  2709.833753
0.06006000  2707.275171
0.06008000  2704.905887
0.06010000  2702.56011
0.06012000  2699.757831
0.06014000  2695.999691
0.06016000  2690.939123
0.06018000  2684.181312
0.06020000  2675.286586
0.06022000  2663.195024
0.06024000  2644.72279
0.06026000  2615.979423
0.06028000  2572.092718
0.06030000  2506.254917
0.06032000  2409.250649
0.06034000  2270.16958
0.06036000  2079.96459
0.06038000  1843.733542
0.06040000  1591.688924
0.06042000  1346.891035
0.06044000  1107.287349
0.06046000  856.874282
0.06048000  591.574472
0.06050000  356.76168
0.06052000  209.527166
0.06054000  134.625468
0.06056000  102.699978
0.06058000  96.00796
0.06060000  113.952097
0.06062000  171.994087
0.06064000  305.845651
0.06066000  559.079501
0.06068000  925.837447
0.06070000  1342.254458
0.06072000  1741.294834
0.06074000  2083.723171
0.06076000  2357.625617
0.06078000  2566.495045
0.06080000  2719.298816
0.06082000  2827.646774
0.06084000  2903.251596
0.06086000  2955.865802
0.06088000  2992.652412
0.06090000  3018.559414
0.06092000  3036.93932
0.06094000  3050.061549
0.06096000  3059.465569
0.06098000  3066.226299
0.06100000  3071.08891
0.06102000  3074.579354
0.06104000  3077.074696
0.06106000  3078.842896
0.06108000  3080.079759
0.06110000  3080.927624
0.06112000  3081.495165
0.06114000  3081.858802
0.06116000  3082.072032
0.06118000  3082.176041
0.06120000  3082.198203
0.06122000  3082.160697
0.06124000  3082.082263
0.06126000  3081.971403
0.06128000  3081.838326
0.06130000  3081.691541
0.06132000  3081.537864
0.06134000  3081.380704
0.06136000  3081.225183
0.06138000  3081.078145
0.06140000  3080.937889
0.06142000  3080.809558
0.06144000  3080.688029
0.06146000  3080.573308
0.06148000  3080.465402
0.06150000  3080.364318
0.06152000  3080.268348
0.06154000  3080.179209
0.06156000  3080.093478
0.06158000  3080.011156
0.06160000  3079.932247
0.06162000  3079.855037
0.06164000  3079.781242
0.06166000  3079.710866
0.06168000  3079.640475
0.06170000  3079.570071
0.06172000  3079.503088
0.06174000  3079.437811
0.06176000  3079.372522
0.06178000  3079.307221
0.06180000  3079.243627
0.06182000  3079.18174
0.06184000  3079.119844
0.06186000  3079.059656
0.06188000  3078.999458
0.06190000  3078.93925
0.06192000  3078.880752
0.06194000  3078.823966
0.06196000  3078.767171
0.06198000  3078.710367
0.06200000  3078.655276
0.06202000  3078.600176
0.06204000  3078.545068
0.06206000  3078.491674
0.06208000  3078.439994
0.06210000  3078.388307
0.06212000  3078.336613
0.06214000  3078.284912
0.06216000  3078.234926
0.06218000  3078.186658
0.06220000  3078.138383
0.06222000  3078.090102
0.06224000  3078.041814
0.06226000  3077.995245
0.06228000  3077.950394
0.06230000  3077.903813
0.06232000  3077.858951
0.06234000  3077.81581
0.06236000  3077.772663
0.06238000  3077.729511
0.06240000  3077.686354
0.06242000  3077.644919
0.06244000  3077.603478
0.06246000  3077.56376
0.06248000  3077.524038
0.06250000  3077.484311
0.06252000  3077.446307
0.06254000  3077.408299
0.06256000  3077.370287
0.06258000  3077.332272
0.06260000  3077.29598
0.06262000  3077.259685
0.06264000  3077.225115
0.06266000  3077.190541
0.06268000  3077.155964
0.06270000  3077.121384
0.06272000  3077.08853
0.06274000  3077.055673
0.06276000  3077.022812
0.06278000  3076.991679
0.06280000  3076.960543
0.06282000  3076.929404
0.06284000  3076.899992
0.06286000  3076.868848
0.06288000  3076.839432
0.06290000  3076.810013
0.06292000  3076.782323
0.06294000  3076.75463
0.06296000  3076.726935
0.06298000  3076.699239
0.06300000  3076.67154
