0.00000000  2715.606027
0.00002000  2712.596241
0.00004000  2709.820733
0.00006000  2707.26538
0.00008000  2704.892799
0.00010000  2702.546989
0.00012000  2699.74796
0.00014000  2695.986478
0.00016000  2690.92584
0.00018000  2684.167936
0.00020000  2675.273089
0.00022000  2663.181364
0.00024000  2644.708885
0.00026000  2615.965145
0.00028000  2572.06307
0.00030000  2506.192543
0.00032000  2409.101094
0.00034000  2269.82584
0.00036000  2079.214315
0.00038000  1842.295273
0.00040000  1589.259701
0.00042000  1343.239989
0.00044000  1102.371153
0.00046000  850.971621
0.00048000  585.504184
0.00050000  351.477612
0.00052000  205.085706
0.00054000  130.615316
0.00056000  98.529877
0.00058000  90.908108
0.00060000  106.296199
0.00062000  157.92715
0.00064000  277.278472
0.00066000  504.564441
0.00068000  840.497652
0.00070000  1234.921115
0.00072000  1627.954126
0.00074000  1978.030832
0.00076000  2267.015923
0.00078000  2492.886513
0.00080000  2661.208981
0.00082000  2782.203921
0.00084000  2867.538295
0.00086000  2927.465303
0.00088000  2969.731191
0.00090000  2999.762674
0.00092000  3021.280114
0.00094000  3036.806896
0.00096000  3048.070861
0.00098000  3056.273855
0.00100000  3062.26571
0.00102000  3066.641068
0.00104000  3069.829833
0.00106000  3072.142168
0.00108000  3073.80541
0.00110000  3074.988321
0.00112000  3075.818761
0.00114000  3076.387503
0.00116000  3076.761553
0.00118000  3076.989949
0.00120000  3077.10928
0.00122000  3077.149048
0.00124000  3077.126571
0.00126000  3077.060861
0.00128000  3076.964002
0.00130000  3076.844623
0.00132000  3076.711356
0.00134000  3076.569382
0.00136000  3076.429084
0.00138000  3076.292197
0.00140000  3076.163928
0.00142000  3076.044284
0.00144000  3075.933275
0.00146000  3075.827437
0.00148000  3075.730248
0.00150000  3075.638241
0.00152000  3075.553157
0.00154000  3075.473265
0.00156000  3075.398567
0.00158000  3075.329066
0.00160000  3075.26129
0.00162000  3075.196979
0.00164000  3075.134394
0.00166000  3075.075276
0.00168000  3075.016149
0.00170000  3074.960491
0.00172000  3074.904825
0.00174000  3074.85089
0.00176000  3074.798687
0.00178000  3074.746477
0.00180000  3074.696
0.00182000  3074.645516
0.00184000  3074.596766
0.00186000  3074.54801
0.00188000  3074.500988
0.00190000  3074.453961
0.00192000  3074.406928
0.00194000  3074.36163
0.00196000  3074.31807
0.00198000  3074.274505
0.00200000  3074.230934
0.00202000  3074.187358
0.00204000  3074.14552
0.00206000  3074.103677
0.00208000  3074.063574
0.00210000  3074.023466
0.00212000  3073.985097
0.00214000  3073.944981
0.00216000  3073.906604
0.00218000  3073.869968
0.00220000  3073.833328
0.00222000  3073.796685
0.00224000  3073.760038
0.00226000  3073.725133
0.00228000  3073.691969
0.00230000  3073.657057
0.00232000  3073.623888
0.00234000  3073.590716
0.00236000  3073.559286
0.00238000  3073.527854
0.00240000  3073.49642
0.00242000  3073.464982
0.00244000  3073.435289
0.00246000  3073.405593
0.00248000  3073.377642
0.00250000  3073.347942
0.00252000  3073.319986
0.00254000  3073.293776
0.00256000  3073.265816
0.00258000  3073.239602
0.00260000  3073.215134
0.00262000  3073.188916
0.00264000  3073.164444
0.00266000  3073.139971
0.00268000  3073.115496
0.00270000  3073.092768
0.00272000  3073.070039
0.00274000  3073.047308
0.00276000  3073.024575
0.00278000  3073.00359
0.00280000  3072.980855
0.00282000  3072.961616
0.00284000  3072.940628
0.00286000  3072.919638
0.00288000  3072.900396
0.00290000  3072.881154
0.00292000  3072.863659
0.00294000  3072.844415
0.00296000  3072.826919
0.00298000  3072.809422
0.00300000  3072.791924
0.00302000  3072.371705297647
0.00304000  3071.951486595294
0.00306000  3071.5312678929413
0.00308000  3071.1110491905883
0.00310000  3070.6908304882354
0.00312000  3070.2706117858825
0.00314000  3069.8503930835295
0.00316000  3069.4301743811766
0.00318000  3069.0099556788236
0.00320000  3068.5897369764707
0.00322000  3068.1695182741178
0.00324000  3067.749299571765
0.00326000  3067.329080869412
0.00328000  3066.908862167059
0.00330000  3066.488643464706
0.00332000  3066.068424762353
0.00334000  3065.64820606
0.00336000  3065.227987357647
0.00338000  3064.8077686552942
0.00340000  3064.3875499529413
0.00342000  3063.9673312505884
0.00344000  3063.5471125482354
0.00346000  3063.1268938458825
0.00348000  3062.7066751435295
0.00350000  3062.2864564411766
0.00352000  3061.8662377388237
0.00354000  3061.4460190364707
0.00356000  3061.025800334118
0.00358000  3060.605581631765
0.00360000  3060.185362929412
0.00362000  3059.765144227059
0.00364000  3059.344925524706
0.00366000  3058.924706822353
0.00368000  3058.50448812
0.00370000  3058.084269417647
0.00372000  3057.6640507152943
0.00374000  3057.2438320129413
0.00376000  3056.8236133105884
0.00378000  3056.4033946082354
0.00380000  3055.9831759058825
0.00382000  3055.5629572035295
0.00384000  3055.1427385011766
0.00386000  3054.7225197988237
0.00388000  3054.3023010964707
0.00390000  3053.882082394118
0.00392000  3053.461863691765
0.00394000  3053.041644989412
0.00396000  3052.621426287059
0.00398000  3052.201207584706
0.00400000  3051.780988882353
0.00402000  3051.36077018
0.00404000  3050.940551477647
0.00406000  3050.5203327752943
0.00408000  3050.1001140729413
0.00410000  3049.6798953705884
0.00412000  3049.2596766682354
0.00414000  3048.8394579658825
0.00416000  3048.4192392635296
0.00418000  3047.9990205611766
0.00420000  3047.5788018588237
0.00422000  3047.1585831564707
0.00424000  3046.738364454118
0.00426000  3046.318145751765
0.00428000  3045.897927049412
0.00430000  3045.477708347059
0.00432000  3045.057489644706
0.00434000  3044.637270942353
0.00436000  3044.21705224
0.00438000  3043.796833537647
0.00440000  3043.3766148352943
0.00442000  3042.9563961329413
0.00444000  3042.5361774305884
0.00446000  3042.1159587282355
0.00448000  3041.6957400258825
0.00450000  3041.2755213235296
0.00452000  3040.8553026211766
0.00454000  3040.4350839188237
0.00456000  3040.0148652164708
0.00458000  3039.594646514118
0.00460000  3039.174427811765
0.00462000  3038.754209109412
0.00464000  3038.333990407059
0.00466000  3037.913771704706
0.00468000  3037.493553002353
0.00470000  3037.0733343
0.00472000  3036.6531155976472
0.00474000  3036.2328968952943
0.00476000  3035.8126781929413
0.00478000  3035.3924594905884
0.00480000  3034.9722407882355
0.00482000  3034.5520220858825
0.00484000  3034.1318033835296
0.00486000  3033.7115846811766
0.00488000  3033.2913659788237
0.00490000  3032.8711472764708
0.00492000  3032.450928574118
0.00494000  3032.030709871765
0.00496000  3031.610491169412
0.00498000  3031.190272467059
0.00500000  3030.770053764706
0.00502000  3030.349835062353
0.00504000  3029.92961636
0.00506000  3029.5093976576472
0.00508000  3029.0891789552943
0.00510000  3028.6689602529414
0.00512000  3028.2487415505884
0.00514000  3027.8285228482355
0.00516000  3027.4083041458825
0.00518000  3026.9880854435296
0.00520000  3026.5678667411767
0.00522000  3026.1476480388237
0.00524000  3025.727429336471
0.00526000  3025.307210634118
0.00528000  3024.886991931765
0.00530000  3024.466773229412
0.00532000  3024.046554527059
0.00534000  3023.626335824706
0.00536000  3023.206117122353
0.00538000  3022.78589842
0.00540000  3022.3656797176473
0.00542000  3021.9454610152943
0.00544000  3021.5252423129414
0.00546000  3021.1050236105884
0.00548000  3020.6848049082355
0.00550000  3020.2645862058826
0.00552000  3019.8443675035296
0.00554000  3019.4241488011767
0.00556000  3019.0039300988237
0.00558000  3018.583711396471
0.00560000  3018.163492694118
0.00562000  3017.743273991765
0.00564000  3017.323055289412
0.00566000  3016.902836587059
0.00568000  3016.482617884706
0.00570000  3016.062399182353
0.00572000  3015.64218048
0.00574000  3015.2219617776473
0.00576000  3014.8017430752943
0.00578000  3014.3815243729414
0.00580000  3013.9613056705884
0.00582000  3013.5410869682355
0.00584000  3013.1208682658826
0.00586000  3012.7006495635296
0.00588000  3012.2804308611767
0.00590000  3011.8602121588237
0.00592000  3011.439993456471
0.00594000  3011.019774754118
0.00596000  3010.599556051765
0.00598000  3010.179337349412
0.00600000  3009.759118647059
0.00602000  3009.338899944706
0.00604000  3008.918681242353
0.00606000  3008.49846254
0.00608000  3008.0782438376473
0.00610000  3007.6580251352943
0.00612000  3007.2378064329414
0.00614000  3006.8175877305885
0.00616000  3006.3973690282355
0.00618000  3005.9771503258826
0.00620000  3005.5569316235296
0.00622000  3005.1367129211767
0.00624000  3004.7164942188238
0.00626000  3004.296275516471
0.00628000  3003.876056814118
0.00630000  3003.455838111765
0.00632000  3003.035619409412
0.00634000  3002.615400707059
0.00636000  3002.195182004706
0.00638000  3001.774963302353
0.00640000  3001.3547446000002
0.00642000  3000.9345258976473
0.00644000  3000.5143071952944
0.00646000  3000.0940884929414
0.00648000  2999.6738697905885
0.00650000  2999.2536510882355
0.00652000  2998.8334323858826
0.00654000  2998.4132136835296
0.00656000  2997.9929949811767
0.00658000  2997.5727762788238
0.00660000  2997.152557576471
0.00662000  2996.732338874118
0.00664000  2996.312120171765
0.00666000  2995.891901469412
0.00668000  2995.471682767059
0.00670000  2995.051464064706
0.00672000  2994.631245362353
0.00674000  2994.2110266600002
0.00676000  2993.7908079576473
0.00678000  2993.3705892552944
0.00680000  2992.9503705529414
0.00682000  2992.5301518505885
0.00684000  2992.1099331482355
0.00686000  2991.6897144458826
0.00688000  2991.2694957435297
0.00690000  2990.8492770411767
0.00692000  2990.429058338824
0.00694000  2990.008839636471
0.00696000  2989.588620934118
0.00698000  2989.168402231765
0.00700000  2988.748183529412
0.00702000  2988.327964827059
0.00704000  2987.907746124706
0.00706000  2987.487527422353
0.00708000  2987.0673087200003
0.00710000  2986.6470900176473
0.00712000  2986.2268713152944
0.00714000  2985.8066526129414
0.00716000  2985.3864339105885
0.00718000  2984.9662152082356
0.00720000  2984.5459965058826
0.00722000  2984.1257778035297
0.00724000  2983.7055591011767
0.00726000  2983.285340398824
0.00728000  2982.865121696471
0.00730000  2982.444902994118
0.00732000  2982.024684291765
0.00734000  2981.604465589412
0.00736000  2981.184246887059
0.00738000  2980.764028184706
0.00740000  2980.343809482353
0.00742000  2979.9235907800003
0.00744000  2979.5033720776473
0.00746000  2979.083153375294
0.00748000  2978.662934672941
0.00750000  2978.242715970588
0.00752000  2977.822497268235
0.00754000  2977.402278565882
0.00756000  2976.9820598635292
0.00758000  2976.5618411611763
0.00760000  2976.1416224588233
0.00762000  2975.7214037564704
0.00764000  2975.3011850541175
0.00766000  2974.8809663517645
0.00768000  2974.4607476494116
0.00770000  2974.0405289470586
0.00772000  2973.6203102447057
0.00774000  2973.2000915423528
0.00776000  2972.77987284
0.00778000  2972.359654137647
0.00780000  2971.939435435294
0.00782000  2971.519216732941
0.00784000  2971.098998030588
0.00786000  2970.678779328235
0.00788000  2970.258560625882
0.00790000  2969.8383419235292
0.00792000  2969.4181232211763
0.00794000  2968.9979045188234
0.00796000  2968.5776858164704
0.00798000  2968.1574671141175
0.00800000  2967.7372484117645
0.00802000  2967.3170297094116
0.00804000  2966.8968110070587
0.00806000  2966.4765923047057
0.00808000  2966.056373602353
0.00810000  2965.6361549
0.00812000  2965.215936197647
0.00814000  2964.795717495294
0.00816000  2964.375498792941
0.00818000  2963.955280090588
0.00820000  2963.535061388235
0.00822000  2963.114842685882
0.00824000  2962.6946239835293
0.00826000  2962.2744052811763
0.00828000  2961.8541865788234
0.00830000  2961.4339678764704
0.00832000  2961.0137491741175
0.00834000  2960.5935304717646
0.00836000  2960.1733117694116
0.00838000  2959.7530930670587
0.00840000  2959.3328743647057
0.00842000  2958.912655662353
0.00844000  2958.49243696
0.00846000  2958.072218257647
0.00848000  2957.651999555294
0.00850000  2957.231780852941
0.00852000  2956.811562150588
0.00854000  2956.391343448235
0.00856000  2955.971124745882
0.00858000  2955.5509060435293
0.00860000  2955.1306873411763
0.00862000  2954.7104686388234
0.00864000  2954.2902499364704
0.00866000  2953.8700312341175
0.00868000  2953.4498125317646
0.00870000  2953.0295938294116
0.00872000  2952.6093751270587
0.00874000  2952.1891564247057
0.00876000  2951.768937722353
0.00878000  2951.34871902
0.00880000  2950.928500317647
0.00882000  2950.508281615294
0.00884000  2950.088062912941
0.00886000  2949.667844210588
0.00888000  2949.247625508235
0.00890000  2948.827406805882
0.00892000  2948.4071881035293
0.00894000  2947.9869694011763
0.00896000  2947.5667506988234
0.00898000  2947.1465319964705
0.00900000  2946.7263132941175
0.00902000  2946.3060945917646
0.00904000  2945.8858758894116
0.00906000  2945.4656571870587
0.00908000  2945.0454384847058
0.00910000  2944.625219782353
0.00912000  2944.20500108
0.00914000  2943.784782377647
0.00916000  2943.364563675294
0.00918000  2942.944344972941
0.00920000  2942.524126270588
0.00922000  2942.103907568235
0.00924000  2941.6836888658822
0.00926000  2941.2634701635293
0.00928000  2940.8432514611764
0.00930000  2940.4230327588234
0.00932000  2940.0028140564705
0.00934000  2939.5825953541175
0.00936000  2939.1623766517646
0.00938000  2938.7421579494116
0.00940000  2938.3219392470587
0.00942000  2937.9017205447058
0.00944000  2937.481501842353
0.00946000  2937.06128314
0.00948000  2936.641064437647
0.00950000  2936.220845735294
0.00952000  2935.800627032941
0.00954000  2935.380408330588
0.00956000  2934.960189628235
0.00958000  2934.5399709258822
0.00960000  2934.1197522235293
0.00962000  2933.6995335211764
0.00964000  2933.2793148188234
0.00966000  2932.8590961164705
0.00968000  2932.4388774141175
0.00970000  2932.0186587117646
0.00972000  2931.5984400094117
0.00974000  2931.1782213070587
0.00976000  2930.758002604706
0.00978000  2930.337783902353
0.00980000  2929.9175652
0.00982000  2929.497346497647
0.00984000  2929.077127795294
0.00986000  2928.656909092941
0.00988000  2928.236690390588
0.00990000  2927.816471688235
0.00992000  2927.3962529858823
0.00994000  2926.9760342835293
0.00996000  2926.5558155811764
0.00998000  2926.1355968788234
0.01000000  2925.7153781764705
0.01002000  2925.2951594741176
0.01004000  2924.8749407717646
0.01006000  2924.4547220694117
0.01008000  2924.0345033670587
0.01010000  2923.614284664706
0.01012000  2923.194065962353
0.01014000  2922.77384726
0.01016000  2922.353628557647
0.01018000  2921.933409855294
0.01020000  2921.513191152941
0.01022000  2921.092972450588
0.01024000  2920.672753748235
0.01026000  2920.2525350458823
0.01028000  2919.8323163435293
0.01030000  2919.4120976411764
0.01032000  2918.9918789388234
0.01034000  2918.5716602364705
0.01036000  2918.1514415341176
0.01038000  2917.7312228317646
0.01040000  2917.3110041294117
0.01042000  2916.8907854270587
0.01044000  2916.470566724706
0.01046000  2916.050348022353
0.01048000  2915.63012932
0.01050000  2915.209910617647
0.01052000  2914.789691915294
0.01054000  2914.369473212941
0.01056000  2913.949254510588
0.01058000  2913.529035808235
0.01060000  2913.1088171058823
0.01062000  2912.6885984035293
0.01064000  2912.2683797011764
0.01066000  2911.8481609988235
0.01068000  2911.4279422964705
0.01070000  2911.0077235941176
0.01072000  2910.5875048917646
0.01074000  2910.1672861894117
0.01076000  2909.7470674870588
0.01078000  2909.326848784706
0.01080000  2908.906630082353
0.01082000  2908.48641138
0.01084000  2908.066192677647
0.01086000  2907.645973975294
0.01088000  2907.225755272941
0.01090000  2906.805536570588
0.01092000  2906.3853178682352
0.01094000  2905.9650991658823
0.01096000  2905.5448804635294
0.01098000  2905.1246617611764
0.01100000  2904.7044430588235
0.01102000  2904.2842243564705
0.01104000  2903.8640056541176
0.01106000  2903.4437869517647
0.01108000  2903.0235682494117
0.01110000  2902.6033495470588
0.01112000  2902.183130844706
0.01114000  2901.762912142353
0.01116000  2901.34269344
0.01118000  2900.922474737647
0.01120000  2900.502256035294
0.01122000  2900.082037332941
0.01124000  2899.661818630588
0.01126000  2899.2415999282352
0.01128000  2898.8213812258823
0.01130000  2898.4011625235294
0.01132000  2897.9809438211764
0.01134000  2897.5607251188235
0.01136000  2897.1405064164705
0.01138000  2896.7202877141176
0.01140000  2896.3000690117647
0.01142000  2895.8798503094117
0.01144000  2895.459631607059
0.01146000  2895.039412904706
0.01148000  2894.619194202353
0.01150000  2894.1989755
0.01152000  2893.778756797647
0.01154000  2893.358538095294
0.01156000  2892.938319392941
0.01158000  2892.518100690588
0.01160000  2892.0978819882353
0.01162000  2891.6776632858823
0.01164000  2891.2574445835294
0.01166000  2890.8372258811764
0.01168000  2890.4170071788235
0.01170000  2889.9967884764706
0.01172000  2889.5765697741176
0.01174000  2889.1563510717647
0.01176000  2888.7361323694117
0.01178000  2888.315913667059
0.01180000  2887.895694964706
0.01182000  2887.475476262353
0.01184000  2887.05525756
0.01186000  2886.635038857647
0.01188000  2886.214820155294
0.01190000  2885.794601452941
0.01192000  2885.374382750588
0.01194000  2884.9541640482353
0.01196000  2884.5339453458823
0.01198000  2884.1137266435294
0.01200000  2883.6935079411764
0.01202000  2883.2732892388235
0.01204000  2882.8530705364706
0.01206000  2882.4328518341176
0.01208000  2882.0126331317647
0.01210000  2881.5924144294117
0.01212000  2881.172195727059
0.01214000  2880.751977024706
0.01216000  2880.331758322353
0.01218000  2879.91153962
0.01220000  2879.491320917647
0.01222000  2879.071102215294
0.01224000  2878.650883512941
0.01226000  2878.230664810588
0.01228000  2877.8104461082353
0.01230000  2877.3902274058823
0.01232000  2876.9700087035294
0.01234000  2876.5497900011765
0.01236000  2876.1295712988235
0.01238000  2875.7093525964706
0.01240000  2875.2891338941176
0.01242000  2874.8689151917647
0.01244000  2874.4486964894118
0.01246000  2874.028477787059
0.01248000  2873.608259084706
0.01250000  2873.188040382353
0.01252000  2872.76782168
0.01254000  2872.347602977647
0.01256000  2871.927384275294
0.01258000  2871.507165572941
0.01260000  2871.0869468705882
0.01262000  2870.6667281682353
0.01264000  2870.2465094658824
0.01266000  2869.8262907635294
0.01268000  2869.4060720611765
0.01270000  2868.9858533588235
0.01272000  2868.5656346564706
0.01274000  2868.1454159541177
0.01276000  2867.7251972517647
0.01278000  2867.3049785494118
0.01280000  2866.884759847059
0.01282000  2866.464541144706
0.01284000  2866.044322442353
0.01286000  2865.62410374
0.01288000  2865.203885037647
0.01290000  2864.783666335294
0.01292000  2864.363447632941
0.01294000  2863.9432289305882
0.01296000  2863.5230102282353
0.01298000  2863.1027915258824
0.01300000  2862.6825728235294
0.01302000  2862.2623541211765
0.01304000  2861.8421354188235
0.01306000  2861.4219167164706
0.01308000  2861.0016980141177
0.01310000  2860.5814793117647
0.01312000  2860.161260609412
0.01314000  2859.741041907059
0.01316000  2859.320823204706
0.01318000  2858.900604502353
0.01320000  2858.4803858
0.01322000  2858.060167097647
0.01324000  2857.639948395294
0.01326000  2857.219729692941
0.01328000  2856.7995109905883
0.01330000  2856.3792922882353
0.01332000  2855.9590735858824
0.01334000  2855.5388548835294
0.01336000  2855.1186361811765
0.01338000  2854.6984174788236
0.01340000  2854.2781987764706
0.01342000  2853.8579800741177
0.01344000  2853.4377613717647
0.01346000  2853.017542669412
0.01348000  2852.597323967059
0.01350000  2852.177105264706
0.01352000  2851.756886562353
0.01354000  2851.33666786
0.01356000  2850.916449157647
0.01358000  2850.496230455294
0.01360000  2850.076011752941
0.01362000  2849.6557930505883
0.01364000  2849.2355743482353
0.01366000  2848.8153556458824
0.01368000  2848.3951369435295
0.01370000  2847.9749182411765
0.01372000  2847.5546995388236
0.01374000  2847.1344808364706
0.01376000  2846.7142621341177
0.01378000  2846.2940434317647
0.01380000  2845.873824729412
0.01382000  2845.453606027059
0.01384000  2845.033387324706
0.01386000  2844.613168622353
0.01388000  2844.19294992
0.01390000  2843.772731217647
0.01392000  2843.352512515294
0.01394000  2842.932293812941
0.01396000  2842.5120751105883
0.01398000  2842.0918564082353
0.01400000  2841.6716377058824
0.01402000  2841.2514190035295
0.01404000  2840.8312003011765
0.01406000  2840.4109815988236
0.01408000  2839.9907628964706
0.01410000  2839.5705441941177
0.01412000  2839.1503254917648
0.01414000  2838.730106789412
0.01416000  2838.309888087059
0.01418000  2837.889669384706
0.01420000  2837.469450682353
0.01422000  2837.04923198
0.01424000  2836.629013277647
0.01426000  2836.208794575294
0.01428000  2835.7885758729412
0.01430000  2835.3683571705883
0.01432000  2834.9481384682354
0.01434000  2834.5279197658824
0.01436000  2834.1077010635295
0.01438000  2833.6874823611765
0.01440000  2833.2672636588236
0.01442000  2832.8470449564707
0.01444000  2832.4268262541177
0.01446000  2832.006607551765
0.01448000  2831.586388849412
0.01450000  2831.166170147059
0.01452000  2830.745951444706
0.01454000  2830.325732742353
0.01456000  2829.90551404
0.01458000  2829.485295337647
0.01460000  2829.065076635294
0.01462000  2828.6448579329412
0.01464000  2828.2246392305883
0.01466000  2827.8044205282354
0.01468000  2827.3842018258824
0.01470000  2826.9639831235295
0.01472000  2826.5437644211765
0.01474000  2826.1235457188236
0.01476000  2825.7033270164707
0.01478000  2825.2831083141177
0.01480000  2824.862889611765
0.01482000  2824.442670909412
0.01484000  2824.022452207059
0.01486000  2823.602233504706
0.01488000  2823.182014802353
0.01490000  2822.7617961
0.01492000  2822.341577397647
0.01494000  2821.921358695294
0.01496000  2821.5011399929413
0.01498000  2821.0809212905883
0.01500000  2820.6607025882354
0.01502000  2820.2404838858824
0.01504000  2819.8202651835295
0.01506000  2819.4000464811766
0.01508000  2818.9798277788236
0.01510000  2818.5596090764707
0.01512000  2818.1393903741177
0.01514000  2817.719171671765
0.01516000  2817.298952969412
0.01518000  2816.878734267059
0.01520000  2816.458515564706
0.01522000  2816.038296862353
0.01524000  2815.61807816
0.01526000  2815.197859457647
0.01528000  2814.777640755294
0.01530000  2814.3574220529413
0.01532000  2813.9372033505883
0.01534000  2813.5169846482354
0.01536000  2813.0967659458825
0.01538000  2812.6765472435295
0.01540000  2812.256328541176
0.01542000  2811.836109838823
0.01544000  2811.4158911364702
0.01546000  2810.9956724341173
0.01548000  2810.5754537317644
0.01550000  2810.1552350294114
0.01552000  2809.7350163270585
0.01554000  2809.3147976247055
0.01556000  2808.8945789223526
0.01558000  2808.4743602199997
0.01560000  2808.0541415176467
0.01562000  2807.6339228152938
0.01564000  2807.213704112941
0.01566000  2806.793485410588
0.01568000  2806.373266708235
0.01570000  2805.953048005882
0.01572000  2805.532829303529
0.01574000  2805.112610601176
0.01576000  2804.692391898823
0.01578000  2804.2721731964702
0.01580000  2803.8519544941173
0.01582000  2803.4317357917644
0.01584000  2803.0115170894114
0.01586000  2802.5912983870585
0.01588000  2802.1710796847055
0.01590000  2801.7508609823526
0.01592000  2801.3306422799997
0.01594000  2800.9104235776467
0.01596000  2800.490204875294
0.01598000  2800.069986172941
0.01600000  2799.649767470588
0.01602000  2799.229548768235
0.01604000  2798.809330065882
0.01606000  2798.389111363529
0.01608000  2797.968892661176
0.01610000  2797.548673958823
0.01612000  2797.1284552564703
0.01614000  2796.7082365541173
0.01616000  2796.2880178517644
0.01618000  2795.8677991494114
0.01620000  2795.4475804470585
0.01622000  2795.0273617447056
0.01624000  2794.6071430423526
0.01626000  2794.1869243399997
0.01628000  2793.7667056376467
0.01630000  2793.346486935294
0.01632000  2792.926268232941
0.01634000  2792.506049530588
0.01636000  2792.085830828235
0.01638000  2791.665612125882
0.01640000  2791.245393423529
0.01642000  2790.825174721176
0.01644000  2790.404956018823
0.01646000  2789.9847373164703
0.01648000  2789.5645186141173
0.01650000  2789.1442999117644
0.01652000  2788.7240812094115
0.01654000  2788.3038625070585
0.01656000  2787.8836438047056
0.01658000  2787.4634251023526
0.01660000  2787.0432063999997
0.01662000  2786.6229876976467
0.01664000  2786.202768995294
0.01666000  2785.782550292941
0.01668000  2785.362331590588
0.01670000  2784.942112888235
0.01672000  2784.521894185882
0.01674000  2784.101675483529
0.01676000  2783.681456781176
0.01678000  2783.261238078823
0.01680000  2782.8410193764703
0.01682000  2782.4208006741173
0.01684000  2782.0005819717644
0.01686000  2781.5803632694115
0.01688000  2781.1601445670585
0.01690000  2780.7399258647056
0.01692000  2780.3197071623526
0.01694000  2779.8994884599997
0.01696000  2779.4792697576468
0.01698000  2779.059051055294
0.01700000  2778.638832352941
0.01702000  2778.218613650588
0.01704000  2777.798394948235
0.01706000  2777.378176245882
0.01708000  2776.957957543529
0.01710000  2776.537738841176
0.01712000  2776.1175201388232
0.01714000  2775.6973014364703
0.01716000  2775.2770827341174
0.01718000  2774.8568640317644
0.01720000  2774.4366453294115
0.01722000  2774.0164266270585
0.01724000  2773.5962079247056
0.01726000  2773.1759892223527
0.01728000  2772.7557705199997
0.01730000  2772.335551817647
0.01732000  2771.915333115294
0.01734000  2771.495114412941
0.01736000  2771.074895710588
0.01738000  2770.654677008235
0.01740000  2770.234458305882
0.01742000  2769.814239603529
0.01744000  2769.394020901176
0.01746000  2768.9738021988233
0.01748000  2768.5535834964703
0.01750000  2768.1333647941174
0.01752000  2767.7131460917644
0.01754000  2767.2929273894115
0.01756000  2766.8727086870585
0.01758000  2766.4524899847056
0.01760000  2766.0322712823527
0.01762000  2765.6120525799997
0.01764000  2765.191833877647
0.01766000  2764.771615175294
0.01768000  2764.351396472941
0.01770000  2763.931177770588
0.01772000  2763.510959068235
0.01774000  2763.090740365882
0.01776000  2762.670521663529
0.01778000  2762.250302961176
0.01780000  2761.8300842588233
0.01782000  2761.4098655564703
0.01784000  2760.9896468541174
0.01786000  2760.5694281517644
0.01788000  2760.1492094494115
0.01790000  2759.7289907470586
0.01792000  2759.3087720447056
0.01794000  2758.8885533423527
0.01796000  2758.4683346399997
0.01798000  2758.048115937647
0.01800000  2757.627897235294
0.01802000  2757.207678532941
0.01804000  2756.787459830588
0.01806000  2756.367241128235
0.01808000  2755.947022425882
0.01810000  2755.526803723529
0.01812000  2755.106585021176
0.01814000  2754.6863663188233
0.01816000  2754.2661476164703
0.01818000  2753.8459289141174
0.01820000  2753.4257102117645
0.01822000  2753.0054915094115
0.01824000  2752.5852728070586
0.01826000  2752.1650541047056
0.01828000  2751.7448354023527
0.01830000  2751.3246166999998
0.01832000  2750.904397997647
0.01834000  2750.484179295294
0.01836000  2750.063960592941
0.01838000  2749.643741890588
0.01840000  2749.223523188235
0.01842000  2748.803304485882
0.01844000  2748.383085783529
0.01846000  2747.9628670811762
0.01848000  2747.5426483788233
0.01850000  2747.1224296764703
0.01852000  2746.7022109741174
0.01854000  2746.2819922717645
0.01856000  2745.8617735694115
0.01858000  2745.4415548670586
0.01860000  2745.0213361647056
0.01862000  2744.6011174623527
0.01864000  2744.1808987599998
0.01866000  2743.760680057647
0.01868000  2743.340461355294
0.01870000  2742.920242652941
0.01872000  2742.500023950588
0.01874000  2742.079805248235
0.01876000  2741.659586545882
0.01878000  2741.239367843529
0.01880000  2740.8191491411762
0.01882000  2740.3989304388233
0.01884000  2739.9787117364704
0.01886000  2739.5584930341174
0.01888000  2739.1382743317645
0.01890000  2738.7180556294115
0.01892000  2738.2978369270586
0.01894000  2737.8776182247057
0.01896000  2737.4573995223527
0.01898000  2737.03718082
0.01900000  2736.616962117647
0.01902000  2736.196743415294
0.01904000  2735.776524712941
0.01906000  2735.356306010588
0.01908000  2734.936087308235
0.01910000  2734.515868605882
0.01912000  2734.095649903529
0.01914000  2733.6754312011763
0.01916000  2733.2552124988233
0.01918000  2732.8349937964704
0.01920000  2732.4147750941174
0.01922000  2731.9945563917645
0.01924000  2731.5743376894115
0.01926000  2731.1541189870586
0.01928000  2730.7339002847057
0.01930000  2730.3136815823527
0.01932000  2729.89346288
0.01934000  2729.473244177647
0.01936000  2729.053025475294
0.01938000  2728.632806772941
0.01940000  2728.212588070588
0.01942000  2727.792369368235
0.01944000  2727.372150665882
0.01946000  2726.951931963529
0.01948000  2726.5317132611763
0.01950000  2726.1114945588233
0.01952000  2725.6912758564704
0.01954000  2725.2710571541174
0.01956000  2724.8508384517645
0.01958000  2724.4306197494116
0.01960000  2724.0104010470586
0.01962000  2723.5901823447057
0.01964000  2723.1699636423527
0.01966000  2722.74974494
0.01968000  2722.329526237647
0.01970000  2721.909307535294
0.01972000  2721.489088832941
0.01974000  2721.068870130588
0.01976000  2720.648651428235
0.01978000  2720.228432725882
0.01980000  2719.808214023529
0.01982000  2719.3879953211763
0.01984000  2718.9677766188233
0.01986000  2718.5475579164704
0.01988000  2718.1273392141175
0.01990000  2717.7071205117645
0.01992000  2717.2869018094116
0.01994000  2716.8666831070586
0.01996000  2716.4464644047057
0.01998000  2716.0262457023528
0.02000000  2715.606027
0.02002000  2712.596241
0.02004000  2709.820733
0.02006000  2707.26538
0.02008000  2704.892799
0.02010000  2702.546989
0.02012000  2699.74796
0.02014000  2695.986478
0.02016000  2690.92584
0.02018000  2684.167936
0.02020000  2675.273089
0.02022000  2663.181364
0.02024000  2644.708885
0.02026000  2615.965145
0.02028000  2572.06307
0.02030000  2506.192543
0.02032000  2409.101094
0.02034000  2269.82584
0.02036000  2079.214315
0.02038000  1842.295273
0.02040000  1589.259701
0.02042000  1343.239989
0.02044000  1102.371153
0.02046000  850.971621
0.02048000  585.504184
0.02050000  351.477612
0.02052000  205.085706
0.02054000  130.615316
0.02056000  98.529877
0.02058000  90.908108
0.02060000  106.296199
0.02062000  157.92715
0.02064000  277.278472
0.02066000  504.564441
0.02068000  840.497652
0.02070000  1234.921115
0.02072000  1627.954126
0.02074000  1978.030832
0.02076000  2267.015923
0.02078000  2492.886513
0.02080000  2661.208981
0.02082000  2782.203921
0.02084000  2867.538295
0.02086000  2927.465303
0.02088000  2969.731191
0.02090000  2999.762674
0.02092000  3021.280114
0.02094000  3036.806896
0.02096000  3048.070861
0.02098000  3056.273855
0.02100000  3062.26571
0.02102000  3066.641068
0.02104000  3069.829833
0.02106000  3072.142168
0.02108000  3073.80541
0.02110000  3074.988321
0.02112000  3075.818761
0.02114000  3076.387503
0.02116000  3076.761553
0.02118000  3076.989949
0.02120000  3077.10928
0.02122000  3077.149048
0.02124000  3077.126571
0.02126000  3077.060861
0.02128000  3076.964002
0.02130000  3076.844623
0.02132000  3076.711356
0.02134000  3076.569382
0.02136000  3076.429084
0.02138000  3076.292197
0.02140000  3076.163928
0.02142000  3076.044284
0.02144000  3075.933275
0.02146000  3075.827437
0.02148000  3075.730248
0.02150000  3075.638241
0.02152000  3075.553157
0.02154000  3075.473265
0.02156000  3075.398567
0.02158000  3075.329066
0.02160000  3075.26129
0.02162000  3075.196979
0.02164000  3075.134394
0.02166000  3075.075276
0.02168000  3075.016149
0.02170000  3074.960491
0.02172000  3074.904825
0.02174000  3074.85089
0.02176000  3074.798687
0.02178000  3074.746477
0.02180000  3074.696
0.02182000  3074.645516
0.02184000  3074.596766
0.02186000  3074.54801
0.02188000  3074.500988
0.02190000  3074.453961
0.02192000  3074.406928
0.02194000  3074.36163
0.02196000  3074.31807
0.02198000  3074.274505
0.02200000  3074.230934
0.02202000  3074.187358
0.02204000  3074.14552
0.02206000  3074.103677
0.02208000  3074.063574
0.02210000  3074.023466
0.02212000  3073.985097
0.02214000  3073.944981
0.02216000  3073.906604
0.02218000  3073.869968
0.02220000  3073.833328
0.02222000  3073.796685
0.02224000  3073.760038
0.02226000  3073.725133
0.02228000  3073.691969
0.02230000  3073.657057
0.02232000  3073.623888
0.02234000  3073.590716
0.02236000  3073.559286
0.02238000  3073.527854
0.02240000  3073.49642
0.02242000  3073.464982
0.02244000  3073.435289
0.02246000  3073.405593
0.02248000  3073.377642
0.02250000  3073.347942
0.02252000  3073.319986
0.02254000  3073.293776
0.02256000  3073.265816
0.02258000  3073.239602
0.02260000  3073.215134
0.02262000  3073.188916
0.02264000  3073.164444
0.02266000  3073.139971
0.02268000  3073.115496
0.02270000  3073.092768
0.02272000  3073.070039
0.02274000  3073.047308
0.02276000  3073.024575
0.02278000  3073.00359
0.02280000  3072.980855
0.02282000  3072.961616
0.02284000  3072.940628
0.02286000  3072.919638
0.02288000  3072.900396
0.02290000  3072.881154
0.02292000  3072.863659
0.02294000  3072.844415
0.02296000  3072.826919
0.02298000  3072.809422
0.02300000  3072.791924
0.02302000  3072.371705297647
0.02304000  3071.951486595294
0.02306000  3071.5312678929413
0.02308000  3071.1110491905883
0.02310000  3070.6908304882354
0.02312000  3070.2706117858825
0.02314000  3069.8503930835295
0.02316000  3069.4301743811766
0.02318000  3069.0099556788236
0.02320000  3068.5897369764707
0.02322000  3068.1695182741178
0.02324000  3067.749299571765
0.02326000  3067.329080869412
0.02328000  3066.908862167059
0.02330000  3066.488643464706
0.02332000  3066.068424762353
0.02334000  3065.64820606
0.02336000  3065.227987357647
0.02338000  3064.8077686552942
0.02340000  3064.3875499529413
0.02342000  3063.9673312505884
0.02344000  3063.5471125482354
0.02346000  3063.1268938458825
0.02348000  3062.7066751435295
0.02350000  3062.2864564411766
0.02352000  3061.8662377388237
0.02354000  3061.4460190364707
0.02356000  3061.025800334118
0.02358000  3060.605581631765
0.02360000  3060.185362929412
0.02362000  3059.765144227059
0.02364000  3059.344925524706
0.02366000  3058.924706822353
0.02368000  3058.50448812
0.02370000  3058.084269417647
0.02372000  3057.6640507152943
0.02374000  3057.2438320129413
0.02376000  3056.8236133105884
0.02378000  3056.4033946082354
0.02380000  3055.9831759058825
0.02382000  3055.5629572035295
0.02384000  3055.1427385011766
0.02386000  3054.7225197988237
0.02388000  3054.3023010964707
0.02390000  3053.882082394118
0.02392000  3053.461863691765
0.02394000  3053.041644989412
0.02396000  3052.621426287059
0.02398000  3052.201207584706
0.02400000  3051.780988882353
0.02402000  3051.36077018
0.02404000  3050.940551477647
0.02406000  3050.5203327752943
0.02408000  3050.1001140729413
0.02410000  3049.6798953705884
0.02412000  3049.2596766682354
0.02414000  3048.8394579658825
0.02416000  3048.4192392635296
0.02418000  3047.9990205611766
0.02420000  3047.5788018588237
0.02422000  3047.1585831564707
0.02424000  3046.738364454118
0.02426000  3046.318145751765
0.02428000  3045.897927049412
0.02430000  3045.477708347059
0.02432000  3045.057489644706
0.02434000  3044.637270942353
0.02436000  3044.21705224
0.02438000  3043.796833537647
0.02440000  3043.3766148352943
0.02442000  3042.9563961329413
0.02444000  3042.5361774305884
0.02446000  3042.1159587282355
0.02448000  3041.6957400258825
0.02450000  3041.2755213235296
0.02452000  3040.8553026211766
0.02454000  3040.4350839188237
0.02456000  3040.0148652164708
0.02458000  3039.594646514118
0.02460000  3039.174427811765
0.02462000  3038.754209109412
0.02464000  3038.333990407059
0.02466000  3037.913771704706
0.02468000  3037.493553002353
0.02470000  3037.0733343
0.02472000  3036.6531155976472
0.02474000  3036.2328968952943
0.02476000  3035.8126781929413
0.02478000  3035.3924594905884
0.02480000  3034.9722407882355
0.02482000  3034.5520220858825
0.02484000  3034.1318033835296
0.02486000  3033.7115846811766
0.02488000  3033.2913659788237
0.02490000  3032.8711472764708
0.02492000  3032.450928574118
0.02494000  3032.030709871765
0.02496000  3031.610491169412
0.02498000  3031.190272467059
0.02500000  3030.770053764706
0.02502000  3030.349835062353
0.02504000  3029.92961636
0.02506000  3029.5093976576472
0.02508000  3029.0891789552943
0.02510000  3028.6689602529414
0.02512000  3028.2487415505884
0.02514000  3027.8285228482355
0.02516000  3027.4083041458825
0.02518000  3026.9880854435296
0.02520000  3026.5678667411767
0.02522000  3026.1476480388237
0.02524000  3025.727429336471
0.02526000  3025.307210634118
0.02528000  3024.886991931765
0.02530000  3024.466773229412
0.02532000  3024.046554527059
0.02534000  3023.626335824706
0.02536000  3023.206117122353
0.02538000  3022.78589842
0.02540000  3022.3656797176473
0.02542000  3021.9454610152943
0.02544000  3021.5252423129414
0.02546000  3021.1050236105884
0.02548000  3020.6848049082355
0.02550000  3020.2645862058826
0.02552000  3019.8443675035296
0.02554000  3019.4241488011767
0.02556000  3019.0039300988237
0.02558000  3018.583711396471
0.02560000  3018.163492694118
0.02562000  3017.743273991765
0.02564000  3017.323055289412
0.02566000  3016.902836587059
0.02568000  3016.482617884706
0.02570000  3016.062399182353
0.02572000  3015.64218048
0.02574000  3015.2219617776473
0.02576000  3014.8017430752943
0.02578000  3014.3815243729414
0.02580000  3013.9613056705884
0.02582000  3013.5410869682355
0.02584000  3013.1208682658826
0.02586000  3012.7006495635296
0.02588000  3012.2804308611767
0.02590000  3011.8602121588237
0.02592000  3011.439993456471
0.02594000  3011.019774754118
0.02596000  3010.599556051765
0.02598000  3010.179337349412
0.02600000  3009.759118647059
0.02602000  3009.338899944706
0.02604000  3008.918681242353
0.02606000  3008.49846254
0.02608000  3008.0782438376473
0.02610000  3007.6580251352943
0.02612000  3007.2378064329414
0.02614000  3006.8175877305885
0.02616000  3006.3973690282355
0.02618000  3005.9771503258826
0.02620000  3005.5569316235296
0.02622000  3005.1367129211767
0.02624000  3004.7164942188238
0.02626000  3004.296275516471
0.02628000  3003.876056814118
0.02630000  3003.455838111765
0.02632000  3003.035619409412
0.02634000  3002.615400707059
0.02636000  3002.195182004706
0.02638000  3001.774963302353
0.02640000  3001.3547446000002
0.02642000  3000.9345258976473
0.02644000  3000.5143071952944
0.02646000  3000.0940884929414
0.02648000  2999.6738697905885
0.02650000  2999.2536510882355
0.02652000  2998.8334323858826
0.02654000  2998.4132136835296
0.02656000  2997.9929949811767
0.02658000  2997.5727762788238
0.02660000  2997.152557576471
0.02662000  2996.732338874118
0.02664000  2996.312120171765
0.02666000  2995.891901469412
0.02668000  2995.471682767059
0.02670000  2995.051464064706
0.02672000  2994.631245362353
0.02674000  2994.2110266600002
0.02676000  2993.7908079576473
0.02678000  2993.3705892552944
0.02680000  2992.9503705529414
0.02682000  2992.5301518505885
0.02684000  2992.1099331482355
0.02686000  2991.6897144458826
0.02688000  2991.2694957435297
0.02690000  2990.8492770411767
0.02692000  2990.429058338824
0.02694000  2990.008839636471
0.02696000  2989.588620934118
0.02698000  2989.168402231765
0.02700000  2988.748183529412
0.02702000  2988.327964827059
0.02704000  2987.907746124706
0.02706000  2987.487527422353
0.02708000  2987.0673087200003
0.02710000  2986.6470900176473
0.02712000  2986.2268713152944
0.02714000  2985.8066526129414
0.02716000  2985.3864339105885
0.02718000  2984.9662152082356
0.02720000  2984.5459965058826
0.02722000  2984.1257778035297
0.02724000  2983.7055591011767
0.02726000  2983.285340398824
0.02728000  2982.865121696471
0.02730000  2982.444902994118
0.02732000  2982.024684291765
0.02734000  2981.604465589412
0.02736000  2981.184246887059
0.02738000  2980.764028184706
0.02740000  2980.343809482353
0.02742000  2979.9235907800003
0.02744000  2979.5033720776473
0.02746000  2979.083153375294
0.02748000  2978.662934672941
0.02750000  2978.242715970588
0.02752000  2977.822497268235
0.02754000  2977.402278565882
0.02756000  2976.9820598635292
0.02758000  2976.5618411611763
0.02760000  2976.1416224588233
0.02762000  2975.7214037564704
0.02764000  2975.3011850541175
0.02766000  2974.8809663517645
0.02768000  2974.4607476494116
0.02770000  2974.0405289470586
0.02772000  2973.6203102447057
0.02774000  2973.2000915423528
0.02776000  2972.77987284
0.02778000  2972.359654137647
0.02780000  2971.939435435294
0.02782000  2971.519216732941
0.02784000  2971.098998030588
0.02786000  2970.678779328235
0.02788000  2970.258560625882
0.02790000  2969.8383419235292
0.02792000  2969.4181232211763
0.02794000  2968.9979045188234
0.02796000  2968.5776858164704
0.02798000  2968.1574671141175
0.02800000  2967.7372484117645
0.02802000  2967.3170297094116
0.02804000  2966.8968110070587
0.02806000  2966.4765923047057
0.02808000  2966.056373602353
0.02810000  2965.6361549
0.02812000  2965.215936197647
0.02814000  2964.795717495294
0.02816000  2964.375498792941
0.02818000  2963.955280090588
0.02820000  2963.535061388235
0.02822000  2963.114842685882
0.02824000  2962.6946239835293
0.02826000  2962.2744052811763
0.02828000  2961.8541865788234
0.02830000  2961.4339678764704
0.02832000  2961.0137491741175
0.02834000  2960.5935304717646
0.02836000  2960.1733117694116
0.02838000  2959.7530930670587
0.02840000  2959.3328743647057
0.02842000  2958.912655662353
0.02844000  2958.49243696
0.02846000  2958.072218257647
0.02848000  2957.651999555294
0.02850000  2957.231780852941
0.02852000  2956.811562150588
0.02854000  2956.391343448235
0.02856000  2955.971124745882
0.02858000  2955.5509060435293
0.02860000  2955.1306873411763
0.02862000  2954.7104686388234
0.02864000  2954.2902499364704
0.02866000  2953.8700312341175
0.02868000  2953.4498125317646
0.02870000  2953.0295938294116
0.02872000  2952.6093751270587
0.02874000  2952.1891564247057
0.02876000  2951.768937722353
0.02878000  2951.34871902
0.02880000  2950.928500317647
0.02882000  2950.508281615294
0.02884000  2950.088062912941
0.02886000  2949.667844210588
0.02888000  2949.247625508235
0.02890000  2948.827406805882
0.02892000  2948.4071881035293
0.02894000  2947.9869694011763
0.02896000  2947.5667506988234
0.02898000  2947.1465319964705
0.02900000  2946.7263132941175
0.02902000  2946.3060945917646
0.02904000  2945.8858758894116
0.02906000  2945.4656571870587
0.02908000  2945.0454384847058
0.02910000  2944.625219782353
0.02912000  2944.20500108
0.02914000  2943.784782377647
0.02916000  2943.364563675294
0.02918000  2942.944344972941
0.02920000  2942.524126270588
0.02922000  2942.103907568235
0.02924000  2941.6836888658822
0.02926000  2941.2634701635293
0.02928000  2940.8432514611764
0.02930000  2940.4230327588234
0.02932000  2940.0028140564705
0.02934000  2939.5825953541175
0.02936000  2939.1623766517646
0.02938000  2938.7421579494116
0.02940000  2938.3219392470587
0.02942000  2937.9017205447058
0.02944000  2937.481501842353
0.02946000  2937.06128314
0.02948000  2936.641064437647
0.02950000  2936.220845735294
0.02952000  2935.800627032941
0.02954000  2935.380408330588
0.02956000  2934.960189628235
0.02958000  2934.5399709258822
0.02960000  2934.1197522235293
0.02962000  2933.6995335211764
0.02964000  2933.2793148188234
0.02966000  2932.8590961164705
0.02968000  2932.4388774141175
0.02970000  2932.0186587117646
0.02972000  2931.5984400094117
0.02974000  2931.1782213070587
0.02976000  2930.758002604706
0.02978000  2930.337783902353
0.02980000  2929.9175652
0.02982000  2929.497346497647
0.02984000  2929.077127795294
0.02986000  2928.656909092941
0.02988000  2928.236690390588
0.02990000  2927.816471688235
0.02992000  2927.3962529858823
0.02994000  2926.9760342835293
0.02996000  2926.5558155811764
0.02998000  2926.1355968788234
0.03000000  2925.7153781764705
0.03002000  2925.2951594741176
0.03004000  2924.8749407717646
0.03006000  2924.4547220694117
0.03008000  2924.0345033670587
0.03010000  2923.614284664706
0.03012000  2923.194065962353
0.03014000  2922.77384726
0.03016000  2922.353628557647
0.03018000  2921.933409855294
0.03020000  2921.513191152941
0.03022000  2921.092972450588
0.03024000  2920.672753748235
0.03026000  2920.2525350458823
0.03028000  2919.8323163435293
0.03030000  2919.4120976411764
0.03032000  2918.9918789388234
0.03034000  2918.5716602364705
0.03036000  2918.1514415341176
0.03038000  2917.7312228317646
0.03040000  2917.3110041294117
0.03042000  2916.8907854270587
0.03044000  2916.470566724706
0.03046000  2916.050348022353
0.03048000  2915.63012932
0.03050000  2915.209910617647
0.03052000  2914.789691915294
0.03054000  2914.369473212941
0.03056000  2913.949254510588
0.03058000  2913.529035808235
0.03060000  2913.1088171058823
0.03062000  2912.6885984035293
0.03064000  2912.2683797011764
0.03066000  2911.8481609988235
0.03068000  2911.4279422964705
0.03070000  2911.0077235941176
0.03072000  2910.5875048917646
0.03074000  2910.1672861894117
0.03076000  2909.7470674870588
0.03078000  2909.326848784706
0.03080000  2908.906630082353
0.03082000  2908.48641138
0.03084000  2908.066192677647
0.03086000  2907.645973975294
0.03088000  2907.225755272941
0.03090000  2906.805536570588
0.03092000  2906.3853178682352
0.03094000  2905.9650991658823
0.03096000  2905.5448804635294
0.03098000  2905.1246617611764
0.03100000  2904.7044430588235
0.03102000  2904.2842243564705
0.03104000  2903.8640056541176
0.03106000  2903.4437869517647
0.03108000  2903.0235682494117
0.03110000  2902.6033495470588
0.03112000  2902.183130844706
0.03114000  2901.762912142353
0.03116000  2901.34269344
0.03118000  2900.922474737647
0.03120000  2900.502256035294
0.03122000  2900.082037332941
0.03124000  2899.661818630588
0.03126000  2899.2415999282352
0.03128000  2898.8213812258823
0.03130000  2898.4011625235294
0.03132000  2897.9809438211764
0.03134000  2897.5607251188235
0.03136000  2897.1405064164705
0.03138000  2896.7202877141176
0.03140000  2896.3000690117647
0.03142000  2895.8798503094117
0.03144000  2895.459631607059
0.03146000  2895.039412904706
0.03148000  2894.619194202353
0.03150000  2894.1989755
0.03152000  2893.778756797647
0.03154000  2893.358538095294
0.03156000  2892.938319392941
0.03158000  2892.518100690588
0.03160000  2892.0978819882353
0.03162000  2891.6776632858823
0.03164000  2891.2574445835294
0.03166000  2890.8372258811764
0.03168000  2890.4170071788235
0.03170000  2889.9967884764706
0.03172000  2889.5765697741176
0.03174000  2889.1563510717647
0.03176000  2888.7361323694117
0.03178000  2888.315913667059
0.03180000  2887.895694964706
0.03182000  2887.475476262353
0.03184000  2887.05525756
0.03186000  2886.635038857647
0.03188000  2886.214820155294
0.03190000  2885.794601452941
0.03192000  2885.374382750588
0.03194000  2884.9541640482353
0.03196000  2884.5339453458823
0.03198000  2884.1137266435294
0.03200000  2883.6935079411764
0.03202000  2883.2732892388235
0.03204000  2882.8530705364706
0.03206000  2882.4328518341176
0.03208000  2882.0126331317647
0.03210000  2881.5924144294117
0.03212000  2881.172195727059
0.03214000  2880.751977024706
0.03216000  2880.331758322353
0.03218000  2879.91153962
0.03220000  2879.491320917647
0.03222000  2879.071102215294
0.03224000  2878.650883512941
0.03226000  2878.230664810588
0.03228000  2877.8104461082353
0.03230000  2877.3902274058823
0.03232000  2876.9700087035294
0.03234000  2876.5497900011765
0.03236000  2876.1295712988235
0.03238000  2875.7093525964706
0.03240000  2875.2891338941176
0.03242000  2874.8689151917647
0.03244000  2874.4486964894118
0.03246000  2874.028477787059
0.03248000  2873.608259084706
0.03250000  2873.188040382353
0.03252000  2872.76782168
0.03254000  2872.347602977647
0.03256000  2871.927384275294
0.03258000  2871.507165572941
0.03260000  2871.0869468705882
0.03262000  2870.6667281682353
0.03264000  2870.2465094658824
0.03266000  2869.8262907635294
0.03268000  2869.4060720611765
0.03270000  2868.9858533588235
0.03272000  2868.5656346564706
0.03274000  2868.1454159541177
0.03276000  2867.7251972517647
0.03278000  2867.3049785494118
0.03280000  2866.884759847059
0.03282000  2866.464541144706
0.03284000  2866.044322442353
0.03286000  2865.62410374
0.03288000  2865.203885037647
0.03290000  2864.783666335294
0.03292000  2864.363447632941
0.03294000  2863.9432289305882
0.03296000  2863.5230102282353
0.03298000  2863.1027915258824
0.03300000  2862.6825728235294
0.03302000  2862.2623541211765
0.03304000  2861.8421354188235
0.03306000  2861.4219167164706
0.03308000  2861.0016980141177
0.03310000  2860.5814793117647
0.03312000  2860.161260609412
0.03314000  2859.741041907059
0.03316000  2859.320823204706
0.03318000  2858.900604502353
0.03320000  2858.4803858
0.03322000  2858.060167097647
0.03324000  2857.639948395294
0.03326000  2857.219729692941
0.03328000  2856.7995109905883
0.03330000  2856.3792922882353
0.03332000  2855.9590735858824
0.03334000  2855.5388548835294
0.03336000  2855.1186361811765
0.03338000  2854.6984174788236
0.03340000  2854.2781987764706
0.03342000  2853.8579800741177
0.03344000  2853.4377613717647
0.03346000  2853.017542669412
0.03348000  2852.597323967059
0.03350000  2852.177105264706
0.03352000  2851.756886562353
0.03354000  2851.33666786
0.03356000  2850.916449157647
0.03358000  2850.496230455294
0.03360000  2850.076011752941
0.03362000  2849.6557930505883
0.03364000  2849.2355743482353
0.03366000  2848.8153556458824
0.03368000  2848.3951369435295
0.03370000  2847.9749182411765
0.03372000  2847.5546995388236
0.03374000  2847.1344808364706
0.03376000  2846.7142621341177
0.03378000  2846.2940434317647
0.03380000  2845.873824729412
0.03382000  2845.453606027059
0.03384000  2845.033387324706
0.03386000  2844.613168622353
0.03388000  2844.19294992
0.03390000  2843.772731217647
0.03392000  2843.352512515294
0.03394000  2842.932293812941
0.03396000  2842.5120751105883
0.03398000  2842.0918564082353
0.03400000  2841.6716377058824
0.03402000  2841.2514190035295
0.03404000  2840.8312003011765
0.03406000  2840.4109815988236
0.03408000  2839.9907628964706
0.03410000  2839.5705441941177
0.03412000  2839.1503254917648
0.03414000  2838.730106789412
0.03416000  2838.309888087059
0.03418000  2837.889669384706
0.03420000  2837.469450682353
0.03422000  2837.04923198
0.03424000  2836.629013277647
0.03426000  2836.208794575294
0.03428000  2835.7885758729412
0.03430000  2835.3683571705883
0.03432000  2834.9481384682354
0.03434000  2834.5279197658824
0.03436000  2834.1077010635295
0.03438000  2833.6874823611765
0.03440000  2833.2672636588236
0.03442000  2832.8470449564707
0.03444000  2832.4268262541177
0.03446000  2832.006607551765
0.03448000  2831.586388849412
0.03450000  2831.166170147059
0.03452000  2830.745951444706
0.03454000  2830.325732742353
0.03456000  2829.90551404
0.03458000  2829.485295337647
0.03460000  2829.065076635294
0.03462000  2828.6448579329412
0.03464000  2828.2246392305883
0.03466000  2827.8044205282354
0.03468000  2827.3842018258824
0.03470000  2826.9639831235295
0.03472000  2826.5437644211765
0.03474000  2826.1235457188236
0.03476000  2825.7033270164707
0.03478000  2825.2831083141177
0.03480000  2824.862889611765
0.03482000  2824.442670909412
0.03484000  2824.022452207059
0.03486000  2823.602233504706
0.03488000  2823.182014802353
0.03490000  2822.7617961
0.03492000  2822.341577397647
0.03494000  2821.921358695294
0.03496000  2821.5011399929413
0.03498000  2821.0809212905883
0.03500000  2820.6607025882354
0.03502000  2820.2404838858824
0.03504000  2819.8202651835295
0.03506000  2819.4000464811766
0.03508000  2818.9798277788236
0.03510000  2818.5596090764707
0.03512000  2818.1393903741177
0.03514000  2817.719171671765
0.03516000  2817.298952969412
0.03518000  2816.878734267059
0.03520000  2816.458515564706
0.03522000  2816.038296862353
0.03524000  2815.61807816
0.03526000  2815.197859457647
0.03528000  2814.777640755294
0.03530000  2814.3574220529413
0.03532000  2813.9372033505883
0.03534000  2813.5169846482354
0.03536000  2813.0967659458825
0.03538000  2812.6765472435295
0.03540000  2812.256328541176
0.03542000  2811.836109838823
0.03544000  2811.4158911364702
0.03546000  2810.9956724341173
0.03548000  2810.5754537317644
0.03550000  2810.1552350294114
0.03552000  2809.7350163270585
0.03554000  2809.3147976247055
0.03556000  2808.8945789223526
0.03558000  2808.4743602199997
0.03560000  2808.0541415176467
0.03562000  2807.6339228152938
0.03564000  2807.213704112941
0.03566000  2806.793485410588
0.03568000  2806.373266708235
0.03570000  2805.953048005882
0.03572000  2805.532829303529
0.03574000  2805.112610601176
0.03576000  2804.692391898823
0.03578000  2804.2721731964702
0.03580000  2803.8519544941173
0.03582000  2803.4317357917644
0.03584000  2803.0115170894114
0.03586000  2802.5912983870585
0.03588000  2802.1710796847055
0.03590000  2801.7508609823526
0.03592000  2801.3306422799997
0.03594000  2800.9104235776467
0.03596000  2800.490204875294
0.03598000  2800.069986172941
0.03600000  2799.649767470588
0.03602000  2799.229548768235
0.03604000  2798.809330065882
0.03606000  2798.389111363529
0.03608000  2797.968892661176
0.03610000  2797.548673958823
0.03612000  2797.1284552564703
0.03614000  2796.7082365541173
0.03616000  2796.2880178517644
0.03618000  2795.8677991494114
0.03620000  2795.4475804470585
0.03622000  2795.0273617447056
0.03624000  2794.6071430423526
0.03626000  2794.1869243399997
0.03628000  2793.7667056376467
0.03630000  2793.346486935294
0.03632000  2792.926268232941
0.03634000  2792.506049530588
0.03636000  2792.085830828235
0.03638000  2791.665612125882
0.03640000  2791.245393423529
0.03642000  2790.825174721176
0.03644000  2790.404956018823
0.03646000  2789.9847373164703
0.03648000  2789.5645186141173
0.03650000  2789.1442999117644
0.03652000  2788.7240812094115
0.03654000  2788.3038625070585
0.03656000  2787.8836438047056
0.03658000  2787.4634251023526
0.03660000  2787.0432063999997
0.03662000  2786.6229876976467
0.03664000  2786.202768995294
0.03666000  2785.782550292941
0.03668000  2785.362331590588
0.03670000  2784.942112888235
0.03672000  2784.521894185882
0.03674000  2784.101675483529
0.03676000  2783.681456781176
0.03678000  2783.261238078823
0.03680000  2782.8410193764703
0.03682000  2782.4208006741173
0.03684000  2782.0005819717644
0.03686000  2781.5803632694115
0.03688000  2781.1601445670585
0.03690000  2780.7399258647056
0.03692000  2780.3197071623526
0.03694000  2779.8994884599997
0.03696000  2779.4792697576468
0.03698000  2779.059051055294
0.03700000  2778.638832352941
0.03702000  2778.218613650588
0.03704000  2777.798394948235
0.03706000  2777.378176245882
0.03708000  2776.957957543529
0.03710000  2776.537738841176
0.03712000  2776.1175201388232
0.03714000  2775.6973014364703
0.03716000  2775.2770827341174
0.03718000  2774.8568640317644
0.03720000  2774.4366453294115
0.03722000  2774.0164266270585
0.03724000  2773.5962079247056
0.03726000  2773.1759892223527
0.03728000  2772.7557705199997
0.03730000  2772.335551817647
0.03732000  2771.915333115294
0.03734000  2771.495114412941
0.03736000  2771.074895710588
0.03738000  2770.654677008235
0.03740000  2770.234458305882
0.03742000  2769.814239603529
0.03744000  2769.394020901176
0.03746000  2768.9738021988233
0.03748000  2768.5535834964703
0.03750000  2768.1333647941174
0.03752000  2767.7131460917644
0.03754000  2767.2929273894115
0.03756000  2766.8727086870585
0.03758000  2766.4524899847056
0.03760000  2766.0322712823527
0.03762000  2765.6120525799997
0.03764000  2765.191833877647
0.03766000  2764.771615175294
0.03768000  2764.351396472941
0.03770000  2763.931177770588
0.03772000  2763.510959068235
0.03774000  2763.090740365882
0.03776000  2762.670521663529
0.03778000  2762.250302961176
0.03780000  2761.8300842588233
0.03782000  2761.4098655564703
0.03784000  2760.9896468541174
0.03786000  2760.5694281517644
0.03788000  2760.1492094494115
0.03790000  2759.7289907470586
0.03792000  2759.3087720447056
0.03794000  2758.8885533423527
0.03796000  2758.4683346399997
0.03798000  2758.048115937647
0.03800000  2757.627897235294
0.03802000  2757.207678532941
0.03804000  2756.787459830588
0.03806000  2756.367241128235
0.03808000  2755.947022425882
0.03810000  2755.526803723529
0.03812000  2755.106585021176
0.03814000  2754.6863663188233
0.03816000  2754.2661476164703
0.03818000  2753.8459289141174
0.03820000  2753.4257102117645
0.03822000  2753.0054915094115
0.03824000  2752.5852728070586
0.03826000  2752.1650541047056
0.03828000  2751.7448354023527
0.03830000  2751.3246166999998
0.03832000  2750.904397997647
0.03834000  2750.484179295294
0.03836000  2750.063960592941
0.03838000  2749.643741890588
0.03840000  2749.223523188235
0.03842000  2748.803304485882
0.03844000  2748.383085783529
0.03846000  2747.9628670811762
0.03848000  2747.5426483788233
0.03850000  2747.1224296764703
0.03852000  2746.7022109741174
0.03854000  2746.2819922717645
0.03856000  2745.8617735694115
0.03858000  2745.4415548670586
0.03860000  2745.0213361647056
0.03862000  2744.6011174623527
0.03864000  2744.1808987599998
0.03866000  2743.760680057647
0.03868000  2743.340461355294
0.03870000  2742.920242652941
0.03872000  2742.500023950588
0.03874000  2742.079805248235
0.03876000  2741.659586545882
0.03878000  2741.239367843529
0.03880000  2740.8191491411762
0.03882000  2740.3989304388233
0.03884000  2739.9787117364704
0.03886000  2739.5584930341174
0.03888000  2739.1382743317645
0.03890000  2738.7180556294115
0.03892000  2738.2978369270586
0.03894000  2737.8776182247057
0.03896000  2737.4573995223527
0.03898000  2737.03718082
0.03900000  2736.616962117647
0.03902000  2736.196743415294
0.03904000  2735.776524712941
0.03906000  2735.356306010588
0.03908000  2734.936087308235
0.03910000  2734.515868605882
0.03912000  2734.095649903529
0.03914000  2733.6754312011763
0.03916000  2733.2552124988233
0.03918000  2732.8349937964704
0.03920000  2732.4147750941174
0.03922000  2731.9945563917645
0.03924000  2731.5743376894115
0.03926000  2731.1541189870586
0.03928000  2730.7339002847057
0.03930000  2730.3136815823527
0.03932000  2729.89346288
0.03934000  2729.473244177647
0.03936000  2729.053025475294
0.03938000  2728.632806772941
0.03940000  2728.212588070588
0.03942000  2727.792369368235
0.03944000  2727.372150665882
0.03946000  2726.951931963529
0.03948000  2726.5317132611763
0.03950000  2726.1114945588233
0.03952000  2725.6912758564704
0.03954000  2725.2710571541174
0.03956000  2724.8508384517645
0.03958000  2724.4306197494116
0.03960000  2724.0104010470586
0.03962000  2723.5901823447057
0.03964000  2723.1699636423527
0.03966000  2722.74974494
0.03968000  2722.329526237647
0.03970000  2721.909307535294
0.03972000  2721.489088832941
0.03974000  2721.068870130588
0.03976000  2720.648651428235
0.03978000  2720.228432725882
0.03980000  2719.808214023529
0.03982000  2719.3879953211763
0.03984000  2718.9677766188233
0.03986000  2718.5475579164704
0.03988000  2718.1273392141175
0.03990000  2717.7071205117645
0.03992000  2717.2869018094116
0.03994000  2716.8666831070586
0.03996000  2716.4464644047057
0.03998000  2716.0262457023528
0.04000000  2715.606027
0.04002000  2712.596241
0.04004000  2709.820733
0.04006000  2707.26538
0.04008000  2704.892799
0.04010000  2702.546989
0.04012000  2699.74796
0.04014000  2695.986478
0.04016000  2690.92584
0.04018000  2684.167936
0.04020000  2675.273089
0.04022000  2663.181364
0.04024000  2644.708885
0.04026000  2615.965145
0.04028000  2572.06307
0.04030000  2506.192543
0.04032000  2409.101094
0.04034000  2269.82584
0.04036000  2079.214315
0.04038000  1842.295273
0.04040000  1589.259701
0.04042000  1343.239989
0.04044000  1102.371153
0.04046000  850.971621
0.04048000  585.504184
0.04050000  351.477612
0.04052000  205.085706
0.04054000  130.615316
0.04056000  98.529877
0.04058000  90.908108
0.04060000  106.296199
0.04062000  157.92715
0.04064000  277.278472
0.04066000  504.564441
0.04068000  840.497652
0.04070000  1234.921115
0.04072000  1627.954126
0.04074000  1978.030832
0.04076000  2267.015923
0.04078000  2492.886513
0.04080000  2661.208981
0.04082000  2782.203921
0.04084000  2867.538295
0.04086000  2927.465303
0.04088000  2969.731191
0.04090000  2999.762674
0.04092000  3021.280114
0.04094000  3036.806896
0.04096000  3048.070861
0.04098000  3056.273855
0.04100000  3062.26571
0.04102000  3066.641068
0.04104000  3069.829833
0.04106000  3072.142168
0.04108000  3073.80541
0.04110000  3074.988321
0.04112000  3075.818761
0.04114000  3076.387503
0.04116000  3076.761553
0.04118000  3076.989949
0.04120000  3077.10928
0.04122000  3077.149048
0.04124000  3077.126571
0.04126000  3077.060861
0.04128000  3076.964002
0.04130000  3076.844623
0.04132000  3076.711356
0.04134000  3076.569382
0.04136000  3076.429084
0.04138000  3076.292197
0.04140000  3076.163928
0.04142000  3076.044284
0.04144000  3075.933275
0.04146000  3075.827437
0.04148000  3075.730248
0.04150000  3075.638241
0.04152000  3075.553157
0.04154000  3075.473265
0.04156000  3075.398567
0.04158000  3075.329066
0.04160000  3075.26129
0.04162000  3075.196979
0.04164000  3075.134394
0.04166000  3075.075276
0.04168000  3075.016149
0.04170000  3074.960491
0.04172000  3074.904825
0.04174000  3074.85089
0.04176000  3074.798687
0.04178000  3074.746477
0.04180000  3074.696
0.04182000  3074.645516
0.04184000  3074.596766
0.04186000  3074.54801
0.04188000  3074.500988
0.04190000  3074.453961
0.04192000  3074.406928
0.04194000  3074.36163
0.04196000  3074.31807
0.04198000  3074.274505
0.04200000  3074.230934
0.04202000  3074.187358
0.04204000  3074.14552
0.04206000  3074.103677
0.04208000  3074.063574
0.04210000  3074.023466
0.04212000  3073.985097
0.04214000  3073.944981
0.04216000  3073.906604
0.04218000  3073.869968
0.04220000  3073.833328
0.04222000  3073.796685
0.04224000  3073.760038
0.04226000  3073.725133
0.04228000  3073.691969
0.04230000  3073.657057
0.04232000  3073.623888
0.04234000  3073.590716
0.04236000  3073.559286
0.04238000  3073.527854
0.04240000  3073.49642
0.04242000  3073.464982
0.04244000  3073.435289
0.04246000  3073.405593
0.04248000  3073.377642
0.04250000  3073.347942
0.04252000  3073.319986
0.04254000  3073.293776
0.04256000  3073.265816
0.04258000  3073.239602
0.04260000  3073.215134
0.04262000  3073.188916
0.04264000  3073.164444
0.04266000  3073.139971
0.04268000  3073.115496
0.04270000  3073.092768
0.04272000  3073.070039
0.04274000  3073.047308
0.04276000  3073.024575
0.04278000  3073.00359
0.04280000  3072.980855
0.04282000  3072.961616
0.04284000  3072.940628
0.04286000  3072.919638
0.04288000  3072.900396
0.04290000  3072.881154
0.04292000  3072.863659
0.04294000  3072.844415
0.04296000  3072.826919
0.04298000  3072.809422
0.04300000  3072.791924
0.04302000  3072.371705297647
0.04304000  3071.951486595294
0.04306000  3071.5312678929413
0.04308000  3071.1110491905883
0.04310000  3070.6908304882354
0.04312000  3070.2706117858825
0.04314000  3069.8503930835295
0.04316000  3069.4301743811766
0.04318000  3069.0099556788236
0.04320000  3068.5897369764707
0.04322000  3068.1695182741178
0.04324000  3067.749299571765
0.04326000  3067.329080869412
0.04328000  3066.908862167059
0.04330000  3066.488643464706
0.04332000  3066.068424762353
0.04334000  3065.64820606
0.04336000  3065.227987357647
0.04338000  3064.8077686552942
0.04340000  3064.3875499529413
0.04342000  3063.9673312505884
0.04344000  3063.5471125482354
0.04346000  3063.1268938458825
0.04348000  3062.7066751435295
0.04350000  3062.2864564411766
0.04352000  3061.8662377388237
0.04354000  3061.4460190364707
0.04356000  3061.025800334118
0.04358000  3060.605581631765
0.04360000  3060.185362929412
0.04362000  3059.765144227059
0.04364000  3059.344925524706
0.04366000  3058.924706822353
0.04368000  3058.50448812
0.04370000  3058.084269417647
0.04372000  3057.6640507152943
0.04374000  3057.2438320129413
0.04376000  3056.8236133105884
0.04378000  3056.4033946082354
0.04380000  3055.9831759058825
0.04382000  3055.5629572035295
0.04384000  3055.1427385011766
0.04386000  3054.7225197988237
0.04388000  3054.3023010964707
0.04390000  3053.882082394118
0.04392000  3053.461863691765
0.04394000  3053.041644989412
0.04396000  3052.621426287059
0.04398000  3052.201207584706
0.04400000  3051.780988882353
0.04402000  3051.36077018
0.04404000  3050.940551477647
0.04406000  3050.5203327752943
0.04408000  3050.1001140729413
0.04410000  3049.6798953705884
0.04412000  3049.2596766682354
0.04414000  3048.8394579658825
0.04416000  3048.4192392635296
0.04418000  3047.9990205611766
0.04420000  3047.5788018588237
0.04422000  3047.1585831564707
0.04424000  3046.738364454118
0.04426000  3046.318145751765
0.04428000  3045.897927049412
0.04430000  3045.477708347059
0.04432000  3045.057489644706
0.04434000  3044.637270942353
0.04436000  3044.21705224
0.04438000  3043.796833537647
0.04440000  3043.3766148352943
0.04442000  3042.9563961329413
0.04444000  3042.5361774305884
0.04446000  3042.1159587282355
0.04448000  3041.6957400258825
0.04450000  3041.2755213235296
0.04452000  3040.8553026211766
0.04454000  3040.4350839188237
0.04456000  3040.0148652164708
0.04458000  3039.594646514118
0.04460000  3039.174427811765
0.04462000  3038.754209109412
0.04464000  3038.333990407059
0.04466000  3037.913771704706
0.04468000  3037.493553002353
0.04470000  3037.0733343
0.04472000  3036.6531155976472
0.04474000  3036.2328968952943
0.04476000  3035.8126781929413
0.04478000  3035.3924594905884
0.04480000  3034.9722407882355
0.04482000  3034.5520220858825
0.04484000  3034.1318033835296
0.04486000  3033.7115846811766
0.04488000  3033.2913659788237
0.04490000  3032.8711472764708
0.04492000  3032.450928574118
0.04494000  3032.030709871765
0.04496000  3031.610491169412
0.04498000  3031.190272467059
0.04500000  3030.770053764706
0.04502000  3030.349835062353
0.04504000  3029.92961636
0.04506000  3029.5093976576472
0.04508000  3029.0891789552943
0.04510000  3028.6689602529414
0.04512000  3028.2487415505884
0.04514000  3027.8285228482355
0.04516000  3027.4083041458825
0.04518000  3026.9880854435296
0.04520000  3026.5678667411767
0.04522000  3026.1476480388237
0.04524000  3025.727429336471
0.04526000  3025.307210634118
0.04528000  3024.886991931765
0.04530000  3024.466773229412
0.04532000  3024.046554527059
0.04534000  3023.626335824706
0.04536000  3023.206117122353
0.04538000  3022.78589842
0.04540000  3022.3656797176473
0.04542000  3021.9454610152943
0.04544000  3021.5252423129414
0.04546000  3021.1050236105884
0.04548000  3020.6848049082355
0.04550000  3020.2645862058826
0.04552000  3019.8443675035296
0.04554000  3019.4241488011767
0.04556000  3019.0039300988237
0.04558000  3018.583711396471
0.04560000  3018.163492694118
0.04562000  3017.743273991765
0.04564000  3017.323055289412
0.04566000  3016.902836587059
0.04568000  3016.482617884706
0.04570000  3016.062399182353
0.04572000  3015.64218048
0.04574000  3015.2219617776473
0.04576000  3014.8017430752943
0.04578000  3014.3815243729414
0.04580000  3013.9613056705884
0.04582000  3013.5410869682355
0.04584000  3013.1208682658826
0.04586000  3012.7006495635296
0.04588000  3012.2804308611767
0.04590000  3011.8602121588237
0.04592000  3011.439993456471
0.04594000  3011.019774754118
0.04596000  3010.599556051765
0.04598000  3010.179337349412
0.04600000  3009.759118647059
0.04602000  3009.338899944706
0.04604000  3008.918681242353
0.04606000  3008.49846254
0.04608000  3008.0782438376473
0.04610000  3007.6580251352943
0.04612000  3007.2378064329414
0.04614000  3006.8175877305885
0.04616000  3006.3973690282355
0.04618000  3005.9771503258826
0.04620000  3005.5569316235296
0.04622000  3005.1367129211767
0.04624000  3004.7164942188238
0.04626000  3004.296275516471
0.04628000  3003.876056814118
0.04630000  3003.455838111765
0.04632000  3003.035619409412
0.04634000  3002.615400707059
0.04636000  3002.195182004706
0.04638000  3001.774963302353
0.04640000  3001.3547446000002
0.04642000  3000.9345258976473
0.04644000  3000.5143071952944
0.04646000  3000.0940884929414
0.04648000  2999.6738697905885
0.04650000  2999.2536510882355
0.04652000  2998.8334323858826
0.04654000  2998.4132136835296
0.04656000  2997.9929949811767
0.04658000  2997.5727762788238
0.04660000  2997.152557576471
0.04662000  2996.732338874118
0.04664000  2996.312120171765
0.04666000  2995.891901469412
0.04668000  2995.471682767059
0.04670000  2995.051464064706
0.04672000  2994.631245362353
0.04674000  2994.2110266600002
0.04676000  2993.7908079576473
0.04678000  2993.3705892552944
0.04680000  2992.9503705529414
0.04682000  2992.5301518505885
0.04684000  2992.1099331482355
0.04686000  2991.6897144458826
0.04688000  2991.2694957435297
0.04690000  2990.8492770411767
0.04692000  2990.429058338824
0.04694000  2990.008839636471
0.04696000  2989.588620934118
0.04698000  2989.168402231765
0.04700000  2988.748183529412
0.04702000  2988.327964827059
0.04704000  2987.907746124706
0.04706000  2987.487527422353
0.04708000  2987.0673087200003
0.04710000  2986.6470900176473
0.04712000  2986.2268713152944
0.04714000  2985.8066526129414
0.04716000  2985.3864339105885
0.04718000  2984.9662152082356
0.04720000  2984.5459965058826
0.04722000  2984.1257778035297
0.04724000  2983.7055591011767
0.04726000  2983.285340398824
0.04728000  2982.865121696471
0.04730000  2982.444902994118
0.04732000  2982.024684291765
0.04734000  2981.604465589412
0.04736000  2981.184246887059
0.04738000  2980.764028184706
0.04740000  2980.343809482353
0.04742000  2979.9235907800003
0.04744000  2979.5033720776473
0.04746000  2979.083153375294
0.04748000  2978.662934672941
0.04750000  2978.242715970588
0.04752000  2977.822497268235
0.04754000  2977.402278565882
0.04756000  2976.9820598635292
0.04758000  2976.5618411611763
0.04760000  2976.1416224588233
0.04762000  2975.7214037564704
0.04764000  2975.3011850541175
0.04766000  2974.8809663517645
0.04768000  2974.4607476494116
0.04770000  2974.0405289470586
0.04772000  2973.6203102447057
0.04774000  2973.2000915423528
0.04776000  2972.77987284
0.04778000  2972.359654137647
0.04780000  2971.939435435294
0.04782000  2971.519216732941
0.04784000  2971.098998030588
0.04786000  2970.678779328235
0.04788000  2970.258560625882
0.04790000  2969.8383419235292
0.04792000  2969.4181232211763
0.04794000  2968.9979045188234
0.04796000  2968.5776858164704
0.04798000  2968.1574671141175
0.04800000  2967.7372484117645
0.04802000  2967.3170297094116
0.04804000  2966.8968110070587
0.04806000  2966.4765923047057
0.04808000  2966.056373602353
0.04810000  2965.6361549
0.04812000  2965.215936197647
0.04814000  2964.795717495294
0.04816000  2964.375498792941
0.04818000  2963.955280090588
0.04820000  2963.535061388235
0.04822000  2963.114842685882
0.04824000  2962.6946239835293
0.04826000  2962.2744052811763
0.04828000  2961.8541865788234
0.04830000  2961.4339678764704
0.04832000  2961.0137491741175
0.04834000  2960.5935304717646
0.04836000  2960.1733117694116
0.04838000  2959.7530930670587
0.04840000  2959.3328743647057
0.04842000  2958.912655662353
0.04844000  2958.49243696
0.04846000  2958.072218257647
0.04848000  2957.651999555294
0.04850000  2957.231780852941
0.04852000  2956.811562150588
0.04854000  2956.391343448235
0.04856000  2955.971124745882
0.04858000  2955.5509060435293
0.04860000  2955.1306873411763
0.04862000  2954.7104686388234
0.04864000  2954.2902499364704
0.04866000  2953.8700312341175
0.04868000  2953.4498125317646
0.04870000  2953.0295938294116
0.04872000  2952.6093751270587
0.04874000  2952.1891564247057
0.04876000  2951.768937722353
0.04878000  2951.34871902
0.04880000  2950.928500317647
0.04882000  2950.508281615294
0.04884000  2950.088062912941
0.04886000  2949.667844210588
0.04888000  2949.247625508235
0.04890000  2948.827406805882
0.04892000  2948.4071881035293
0.04894000  2947.9869694011763
0.04896000  2947.5667506988234
0.04898000  2947.1465319964705
0.04900000  2946.7263132941175
0.04902000  2946.3060945917646
0.04904000  2945.8858758894116
0.04906000  2945.4656571870587
0.04908000  2945.0454384847058
0.04910000  2944.625219782353
0.04912000  2944.20500108
0.04914000  2943.784782377647
0.04916000  2943.364563675294
0.04918000  2942.944344972941
0.04920000  2942.524126270588
0.04922000  2942.103907568235
0.04924000  2941.6836888658822
0.04926000  2941.2634701635293
0.04928000  2940.8432514611764
0.04930000  2940.4230327588234
0.04932000  2940.0028140564705
0.04934000  2939.5825953541175
0.04936000  2939.1623766517646
0.04938000  2938.7421579494116
0.04940000  2938.3219392470587
0.04942000  2937.9017205447058
0.04944000  2937.481501842353
0.04946000  2937.06128314
0.04948000  2936.641064437647
0.04950000  2936.220845735294
0.04952000  2935.800627032941
0.04954000  2935.380408330588
0.04956000  2934.960189628235
0.04958000  2934.5399709258822
0.04960000  2934.1197522235293
0.04962000  2933.6995335211764
0.04964000  2933.2793148188234
0.04966000  2932.8590961164705
0.04968000  2932.4388774141175
0.04970000  2932.0186587117646
0.04972000  2931.5984400094117
0.04974000  2931.1782213070587
0.04976000  2930.758002604706
0.04978000  2930.337783902353
0.04980000  2929.9175652
0.04982000  2929.497346497647
0.04984000  2929.077127795294
0.04986000  2928.656909092941
0.04988000  2928.236690390588
0.04990000  2927.816471688235
0.04992000  2927.3962529858823
0.04994000  2926.9760342835293
0.04996000  2926.5558155811764
0.04998000  2926.1355968788234
0.05000000  2925.7153781764705
0.05002000  2925.2951594741176
0.05004000  2924.8749407717646
0.05006000  2924.4547220694117
0.05008000  2924.0345033670587
0.05010000  2923.614284664706
0.05012000  2923.194065962353
0.05014000  2922.77384726
0.05016000  2922.353628557647
0.05018000  2921.933409855294
0.05020000  2921.513191152941
0.05022000  2921.092972450588
0.05024000  2920.672753748235
0.05026000  2920.2525350458823
0.05028000  2919.8323163435293
0.05030000  2919.4120976411764
0.05032000  2918.9918789388234
0.05034000  2918.5716602364705
0.05036000  2918.1514415341176
0.05038000  2917.7312228317646
0.05040000  2917.3110041294117
0.05042000  2916.8907854270587
0.05044000  2916.470566724706
0.05046000  2916.050348022353
0.05048000  2915.63012932
0.05050000  2915.209910617647
0.05052000  2914.789691915294
0.05054000  2914.369473212941
0.05056000  2913.949254510588
0.05058000  2913.529035808235
0.05060000  2913.1088171058823
0.05062000  2912.6885984035293
0.05064000  2912.2683797011764
0.05066000  2911.8481609988235
0.05068000  2911.4279422964705
0.05070000  2911.0077235941176
0.05072000  2910.5875048917646
0.05074000  2910.1672861894117
0.05076000  2909.7470674870588
0.05078000  2909.326848784706
0.05080000  2908.906630082353
0.05082000  2908.48641138
0.05084000  2908.066192677647
0.05086000  2907.645973975294
0.05088000  2907.225755272941
0.05090000  2906.805536570588
0.05092000  2906.3853178682352
0.05094000  2905.9650991658823
0.05096000  2905.5448804635294
0.05098000  2905.1246617611764
0.05100000  2904.7044430588235
0.05102000  2904.2842243564705
0.05104000  2903.8640056541176
0.05106000  2903.4437869517647
0.05108000  2903.0235682494117
0.05110000  2902.6033495470588
0.05112000  2902.183130844706
0.05114000  2901.762912142353
0.05116000  2901.34269344
0.05118000  2900.922474737647
0.05120000  2900.502256035294
0.05122000  2900.082037332941
0.05124000  2899.661818630588
0.05126000  2899.2415999282352
0.05128000  2898.8213812258823
0.05130000  2898.4011625235294
0.05132000  2897.9809438211764
0.05134000  2897.5607251188235
0.05136000  2897.1405064164705
0.05138000  2896.7202877141176
0.05140000  2896.3000690117647
0.05142000  2895.8798503094117
0.05144000  2895.459631607059
0.05146000  2895.039412904706
0.05148000  2894.619194202353
0.05150000  2894.1989755
0.05152000  2893.778756797647
0.05154000  2893.358538095294
0.05156000  2892.938319392941
0.05158000  2892.518100690588
0.05160000  2892.0978819882353
0.05162000  2891.6776632858823
0.05164000  2891.2574445835294
0.05166000  2890.8372258811764
0.05168000  2890.4170071788235
0.05170000  2889.9967884764706
0.05172000  2889.5765697741176
0.05174000  2889.1563510717647
0.05176000  2888.7361323694117
0.05178000  2888.315913667059
0.05180000  2887.895694964706
0.05182000  2887.475476262353
0.05184000  2887.05525756
0.05186000  2886.635038857647
0.05188000  2886.214820155294
0.05190000  2885.794601452941
0.05192000  2885.374382750588
0.05194000  2884.9541640482353
0.05196000  2884.5339453458823
0.05198000  2884.1137266435294
0.05200000  2883.6935079411764
0.05202000  2883.2732892388235
0.05204000  2882.8530705364706
0.05206000  2882.4328518341176
0.05208000  2882.0126331317647
0.05210000  2881.5924144294117
0.05212000  2881.172195727059
0.05214000  2880.751977024706
0.05216000  2880.331758322353
0.05218000  2879.91153962
0.05220000  2879.491320917647
0.05222000  2879.071102215294
0.05224000  2878.650883512941
0.05226000  2878.230664810588
0.05228000  2877.8104461082353
0.05230000  2877.3902274058823
0.05232000  2876.9700087035294
0.05234000  2876.5497900011765
0.05236000  2876.1295712988235
0.05238000  2875.7093525964706
0.05240000  2875.2891338941176
0.05242000  2874.8689151917647
0.05244000  2874.4486964894118
0.05246000  2874.028477787059
0.05248000  2873.608259084706
0.05250000  2873.188040382353
0.05252000  2872.76782168
0.05254000  2872.347602977647
0.05256000  2871.927384275294
0.05258000  2871.507165572941
0.05260000  2871.0869468705882
0.05262000  2870.6667281682353
0.05264000  2870.2465094658824
0.05266000  2869.8262907635294
0.05268000  2869.4060720611765
0.05270000  2868.9858533588235
0.05272000  2868.5656346564706
0.05274000  2868.1454159541177
0.05276000  2867.7251972517647
0.05278000  2867.3049785494118
0.05280000  2866.884759847059
0.05282000  2866.464541144706
0.05284000  2866.044322442353
0.05286000  2865.62410374
0.05288000  2865.203885037647
0.05290000  2864.783666335294
0.05292000  2864.363447632941
0.05294000  2863.9432289305882
0.05296000  2863.5230102282353
0.05298000  2863.1027915258824
0.05300000  2862.6825728235294
0.05302000  2862.2623541211765
0.05304000  2861.8421354188235
0.05306000  2861.4219167164706
0.05308000  2861.0016980141177
0.05310000  2860.5814793117647
0.05312000  2860.161260609412
0.05314000  2859.741041907059
0.05316000  2859.320823204706
0.05318000  2858.900604502353
0.05320000  2858.4803858
0.05322000  2858.060167097647
0.05324000  2857.639948395294
0.05326000  2857.219729692941
0.05328000  2856.7995109905883
0.05330000  2856.3792922882353
0.05332000  2855.9590735858824
0.05334000  2855.5388548835294
0.05336000  2855.1186361811765
0.05338000  2854.6984174788236
0.05340000  2854.2781987764706
0.05342000  2853.8579800741177
0.05344000  2853.4377613717647
0.05346000  2853.017542669412
0.05348000  2852.597323967059
0.05350000  2852.177105264706
0.05352000  2851.756886562353
0.05354000  2851.33666786
0.05356000  2850.916449157647
0.05358000  2850.496230455294
0.05360000  2850.076011752941
0.05362000  2849.6557930505883
0.05364000  2849.2355743482353
0.05366000  2848.8153556458824
0.05368000  2848.3951369435295
0.05370000  2847.9749182411765
0.05372000  2847.5546995388236
0.05374000  2847.1344808364706
0.05376000  2846.7142621341177
0.05378000  2846.2940434317647
0.05380000  2845.873824729412
0.05382000  2845.453606027059
0.05384000  2845.033387324706
0.05386000  2844.613168622353
0.05388000  2844.19294992
0.05390000  2843.772731217647
0.05392000  2843.352512515294
0.05394000  2842.932293812941
0.05396000  2842.5120751105883
0.05398000  2842.0918564082353
0.05400000  2841.6716377058824
0.05402000  2841.2514190035295
0.05404000  2840.8312003011765
0.05406000  2840.4109815988236
0.05408000  2839.9907628964706
0.05410000  2839.5705441941177
0.05412000  2839.1503254917648
0.05414000  2838.730106789412
0.05416000  2838.309888087059
0.05418000  2837.889669384706
0.05420000  2837.469450682353
0.05422000  2837.04923198
0.05424000  2836.629013277647
0.05426000  2836.208794575294
0.05428000  2835.7885758729412
0.05430000  2835.3683571705883
0.05432000  2834.9481384682354
0.05434000  2834.5279197658824
0.05436000  2834.1077010635295
0.05438000  2833.6874823611765
0.05440000  2833.2672636588236
0.05442000  2832.8470449564707
0.05444000  2832.4268262541177
0.05446000  2832.006607551765
0.05448000  2831.586388849412
0.05450000  2831.166170147059
0.05452000  2830.745951444706
0.05454000  2830.325732742353
0.05456000  2829.90551404
0.05458000  2829.485295337647
0.05460000  2829.065076635294
0.05462000  2828.6448579329412
0.05464000  2828.2246392305883
0.05466000  2827.8044205282354
0.05468000  2827.3842018258824
0.05470000  2826.9639831235295
0.05472000  2826.5437644211765
0.05474000  2826.1235457188236
0.05476000  2825.7033270164707
0.05478000  2825.2831083141177
0.05480000  2824.862889611765
0.05482000  2824.442670909412
0.05484000  2824.022452207059
0.05486000  2823.602233504706
0.05488000  2823.182014802353
0.05490000  2822.7617961
0.05492000  2822.341577397647
0.05494000  2821.921358695294
0.05496000  2821.5011399929413
0.05498000  2821.0809212905883
0.05500000  2820.6607025882354
0.05502000  2820.2404838858824
0.05504000  2819.8202651835295
0.05506000  2819.4000464811766
0.05508000  2818.9798277788236
0.05510000  2818.5596090764707
0.05512000  2818.1393903741177
0.05514000  2817.719171671765
0.05516000  2817.298952969412
0.05518000  2816.878734267059
0.05520000  2816.458515564706
0.05522000  2816.038296862353
0.05524000  2815.61807816
0.05526000  2815.197859457647
0.05528000  2814.777640755294
0.05530000  2814.3574220529413
0.05532000  2813.9372033505883
0.05534000  2813.5169846482354
0.05536000  2813.0967659458825
0.05538000  2812.6765472435295
0.05540000  2812.256328541176
0.05542000  2811.836109838823
0.05544000  2811.4158911364702
0.05546000  2810.9956724341173
0.05548000  2810.5754537317644
0.05550000  2810.1552350294114
0.05552000  2809.7350163270585
0.05554000  2809.3147976247055
0.05556000  2808.8945789223526
0.05558000  2808.4743602199997
0.05560000  2808.0541415176467
0.05562000  2807.6339228152938
0.05564000  2807.213704112941
0.05566000  2806.793485410588
0.05568000  2806.373266708235
0.05570000  2805.953048005882
0.05572000  2805.532829303529
0.05574000  2805.112610601176
0.05576000  2804.692391898823
0.05578000  2804.2721731964702
0.05580000  2803.8519544941173
0.05582000  2803.4317357917644
0.05584000  2803.0115170894114
0.05586000  2802.5912983870585
0.05588000  2802.1710796847055
0.05590000  2801.7508609823526
0.05592000  2801.3306422799997
0.05594000  2800.9104235776467
0.05596000  2800.490204875294
0.05598000  2800.069986172941
0.05600000  2799.649767470588
0.05602000  2799.229548768235
0.05604000  2798.809330065882
0.05606000  2798.389111363529
0.05608000  2797.968892661176
0.05610000  2797.548673958823
0.05612000  2797.1284552564703
0.05614000  2796.7082365541173
0.05616000  2796.2880178517644
0.05618000  2795.8677991494114
0.05620000  2795.4475804470585
0.05622000  2795.0273617447056
0.05624000  2794.6071430423526
0.05626000  2794.1869243399997
0.05628000  2793.7667056376467
0.05630000  2793.346486935294
0.05632000  2792.926268232941
0.05634000  2792.506049530588
0.05636000  2792.085830828235
0.05638000  2791.665612125882
0.05640000  2791.245393423529
0.05642000  2790.825174721176
0.05644000  2790.404956018823
0.05646000  2789.9847373164703
0.05648000  2789.5645186141173
0.05650000  2789.1442999117644
0.05652000  2788.7240812094115
0.05654000  2788.3038625070585
0.05656000  2787.8836438047056
0.05658000  2787.4634251023526
0.05660000  2787.0432063999997
0.05662000  2786.6229876976467
0.05664000  2786.202768995294
0.05666000  2785.782550292941
0.05668000  2785.362331590588
0.05670000  2784.942112888235
0.05672000  2784.521894185882
0.05674000  2784.101675483529
0.05676000  2783.681456781176
0.05678000  2783.261238078823
0.05680000  2782.8410193764703
0.05682000  2782.4208006741173
0.05684000  2782.0005819717644
0.05686000  2781.5803632694115
0.05688000  2781.1601445670585
0.05690000  2780.7399258647056
0.05692000  2780.3197071623526
0.05694000  2779.8994884599997
0.05696000  2779.4792697576468
0.05698000  2779.059051055294
0.05700000  2778.638832352941
0.05702000  2778.218613650588
0.05704000  2777.798394948235
0.05706000  2777.378176245882
0.05708000  2776.957957543529
0.05710000  2776.537738841176
0.05712000  2776.1175201388232
0.05714000  2775.6973014364703
0.05716000  2775.2770827341174
0.05718000  2774.8568640317644
0.05720000  2774.4366453294115
0.05722000  2774.0164266270585
0.05724000  2773.5962079247056
0.05726000  2773.1759892223527
0.05728000  2772.7557705199997
0.05730000  2772.335551817647
0.05732000  2771.915333115294
0.05734000  2771.495114412941
0.05736000  2771.074895710588
0.05738000  2770.654677008235
0.05740000  2770.234458305882
0.05742000  2769.814239603529
0.05744000  2769.394020901176
0.05746000  2768.9738021988233
0.05748000  2768.5535834964703
0.05750000  2768.1333647941174
0.05752000  2767.7131460917644
0.05754000  2767.2929273894115
0.05756000  2766.8727086870585
0.05758000  2766.4524899847056
0.05760000  2766.0322712823527
0.05762000  2765.6120525799997
0.05764000  2765.191833877647
0.05766000  2764.771615175294
0.05768000  2764.351396472941
0.05770000  2763.931177770588
0.05772000  2763.510959068235
0.05774000  2763.090740365882
0.05776000  2762.670521663529
0.05778000  2762.250302961176
0.05780000  2761.8300842588233
0.05782000  2761.4098655564703
0.05784000  2760.9896468541174
0.05786000  2760.5694281517644
0.05788000  2760.1492094494115
0.05790000  2759.7289907470586
0.05792000  2759.3087720447056
0.05794000  2758.8885533423527
0.05796000  2758.4683346399997
0.05798000  2758.048115937647
0.05800000  2757.627897235294
0.05802000  2757.207678532941
0.05804000  2756.787459830588
0.05806000  2756.367241128235
0.05808000  2755.947022425882
0.05810000  2755.526803723529
0.05812000  2755.106585021176
0.05814000  2754.6863663188233
0.05816000  2754.2661476164703
0.05818000  2753.8459289141174
0.05820000  2753.4257102117645
0.05822000  2753.0054915094115
0.05824000  2752.5852728070586
0.05826000  2752.1650541047056
0.05828000  2751.7448354023527
0.05830000  2751.3246166999998
0.05832000  2750.904397997647
0.05834000  2750.484179295294
0.05836000  2750.063960592941
0.05838000  2749.643741890588
0.05840000  2749.223523188235
0.05842000  2748.803304485882
0.05844000  2748.383085783529
0.05846000  2747.9628670811762
0.05848000  2747.5426483788233
0.05850000  2747.1224296764703
0.05852000  2746.7022109741174
0.05854000  2746.2819922717645
0.05856000  2745.8617735694115
0.05858000  2745.4415548670586
0.05860000  2745.0213361647056
0.05862000  2744.6011174623527
0.05864000  2744.1808987599998
0.05866000  2743.760680057647
0.05868000  2743.340461355294
0.05870000  2742.920242652941
0.05872000  2742.500023950588
0.05874000  2742.079805248235
0.05876000  2741.659586545882
0.05878000  2741.239367843529
0.05880000  2740.8191491411762
0.05882000  2740.3989304388233
0.05884000  2739.9787117364704
0.05886000  2739.5584930341174
0.05888000  2739.1382743317645
0.05890000  2738.7180556294115
0.05892000  2738.2978369270586
0.05894000  2737.8776182247057
0.05896000  2737.4573995223527
0.05898000  2737.03718082
0.05900000  2736.616962117647
0.05902000  2736.196743415294
0.05904000  2735.776524712941
0.05906000  2735.356306010588
0.05908000  2734.936087308235
0.05910000  2734.515868605882
0.05912000  2734.095649903529
0.05914000  2733.6754312011763
0.05916000  2733.2552124988233
0.05918000  2732.8349937964704
0.05920000  2732.4147750941174
0.05922000  2731.9945563917645
0.05924000  2731.5743376894115
0.05926000  2731.1541189870586
0.05928000  2730.7339002847057
0.05930000  2730.3136815823527
0.05932000  2729.89346288
0.05934000  2729.473244177647
0.05936000  2729.053025475294
0.05938000  2728.632806772941
0.05940000  2728.212588070588
0.05942000  2727.792369368235
0.05944000  2727.372150665882
0.05946000  2726.951931963529
0.05948000  2726.5317132611763
0.05950000  2726.1114945588233
0.05952000  2725.6912758564704
0.05954000  2725.2710571541174
0.05956000  2724.8508384517645
0.05958000  2724.4306197494116
0.05960000  2724.0104010470586
0.05962000  2723.5901823447057
0.05964000  2723.1699636423527
0.05966000  2722.74974494
0.05968000  2722.329526237647
0.05970000  2721.909307535294
0.05972000  2721.489088832941
0.05974000  2721.068870130588
0.05976000  2720.648651428235
0.05978000  2720.228432725882
0.05980000  2719.808214023529
0.05982000  2719.3879953211763
0.05984000  2718.9677766188233
0.05986000  2718.5475579164704
0.05988000  2718.1273392141175
0.05990000  2717.7071205117645
0.05992000  2717.2869018094116
0.05994000  2716.8666831070586
0.05996000  2716.4464644047057
0.05998000  2716.0262457023528
0.06000000  2715.606027
0.06002000  2712.596241
0.06004000  2709.820733
0.06006000  2707.26538
0.06008000  2704.892799
0.06010000  2702.546989
0.06012000  2699.74796
0.06014000  2695.986478
0.06016000  2690.92584
0.06018000  2684.167936
0.06020000  2675.273089
0.06022000  2663.181364
0.06024000  2644.708885
0.06026000  2615.965145
0.06028000  2572.06307
0.06030000  2506.192543
0.06032000  2409.101094
0.06034000  2269.82584
0.06036000  2079.214315
0.06038000  1842.295273
0.06040000  1589.259701
0.06042000  1343.239989
0.06044000  1102.371153
0.06046000  850.971621
0.06048000  585.504184
0.06050000  351.477612
0.06052000  205.085706
0.06054000  130.615316
0.06056000  98.529877
0.06058000  90.908108
0.06060000  106.296199
0.06062000  157.92715
0.06064000  277.278472
0.06066000  504.564441
0.06068000  840.497652
0.06070000  1234.921115
0.06072000  1627.954126
0.06074000  1978.030832
0.06076000  2267.015923
0.06078000  2492.886513
0.06080000  2661.208981
0.06082000  2782.203921
0.06084000  2867.538295
0.06086000  2927.465303
0.06088000  2969.731191
0.06090000  2999.762674
0.06092000  3021.280114
0.06094000  3036.806896
0.06096000  3048.070861
0.06098000  3056.273855
0.06100000  3062.26571
0.06102000  3066.641068
0.06104000  3069.829833
0.06106000  3072.142168
0.06108000  3073.80541
0.06110000  3074.988321
0.06112000  3075.818761
0.06114000  3076.387503
0.06116000  3076.761553
0.06118000  3076.989949
0.06120000  3077.10928
0.06122000  3077.149048
0.06124000  3077.126571
0.06126000  3077.060861
0.06128000  3076.964002
0.06130000  3076.844623
0.06132000  3076.711356
0.06134000  3076.569382
0.06136000  3076.429084
0.06138000  3076.292197
0.06140000  3076.163928
0.06142000  3076.044284
0.06144000  3075.933275
0.06146000  3075.827437
0.06148000  3075.730248
0.06150000  3075.638241
0.06152000  3075.553157
0.06154000  3075.473265
0.06156000  3075.398567
0.06158000  3075.329066
0.06160000  3075.26129
0.06162000  3075.196979
0.06164000  3075.134394
0.06166000  3075.075276
0.06168000  3075.016149
0.06170000  3074.960491
0.06172000  3074.904825
0.06174000  3074.85089
0.06176000  3074.798687
0.06178000  3074.746477
0.06180000  3074.696
0.06182000  3074.645516
0.06184000  3074.596766
0.06186000  3074.54801
0.06188000  3074.500988
0.06190000  3074.453961
0.06192000  3074.406928
0.06194000  3074.36163
0.06196000  3074.31807
0.06198000  3074.274505
0.06200000  3074.230934
0.06202000  3074.187358
0.06204000  3074.14552
0.06206000  3074.103677
0.06208000  3074.063574
0.06210000  3074.023466
0.06212000  3073.985097
0.06214000  3073.944981
0.06216000  3073.906604
0.06218000  3073.869968
0.06220000  3073.833328
0.06222000  3073.796685
0.06224000  3073.760038
0.06226000  3073.725133
0.06228000  3073.691969
0.06230000  3073.657057
0.06232000  3073.623888
0.06234000  3073.590716
0.06236000  3073.559286
0.06238000  3073.527854
0.06240000  3073.49642
0.06242000  3073.464982
0.06244000  3073.435289
0.06246000  3073.405593
0.06248000  3073.377642
0.06250000  3073.347942
0.06252000  3073.319986
0.06254000  3073.293776
0.06256000  3073.265816
0.06258000  3073.239602
0.06260000  3073.215134
0.06262000  3073.188916
0.06264000  3073.164444
0.06266000  3073.139971
0.06268000  3073.115496
0.06270000  3073.092768
0.06272000  3073.070039
0.06274000  3073.047308
0.06276000  3073.024575
0.06278000  3073.00359
0.06280000  3072.980855
0.06282000  3072.961616
0.06284000  3072.940628
0.06286000  3072.919638
0.06288000  3072.900396
0.06290000  3072.881154
0.06292000  3072.863659
0.06294000  3072.844415
0.06296000  3072.826919
0.06298000  3072.809422
0.06300000  3072.791924
