0.00000000  2715.589855
0.00002000  2712.580015
0.00004000  2709.807713
0.00006000  2707.24906
0.00008000  2704.876438
0.00010000  2702.530587
0.00012000  2699.728219
0.00014000  2695.969962
0.00016000  2690.909237
0.00018000  2684.151216
0.00020000  2675.256218
0.00022000  2663.164289
0.00024000  2644.688026
0.00026000  2615.940158
0.00028000  2572.026009
0.00030000  2506.106774
0.00032000  2408.897511
0.00034000  2269.343623
0.00036000  2078.162712
0.00038000  1840.257375
0.00040000  1585.78445
0.00042000  1337.868304
0.00044000  1094.829342
0.00046000  841.887416
0.00048000  576.355441
0.00050000  343.718832
0.00052000  198.713531
0.00054000  124.901961
0.00056000  92.566011
0.00058000  83.700896
0.00060000  95.644826
0.00062000  138.632287
0.00064000  238.226022
0.00066000  429.202528
0.00068000  719.131377
0.00070000  1075.924516
0.00072000  1452.209497
0.00074000  1806.267178
0.00076000  2113.452783
0.00078000  2363.906379
0.00080000  2556.867607
0.00082000  2699.119338
0.00084000  2801.401503
0.00086000  2874.368627
0.00088000  2926.556957
0.00090000  2964.156704
0.00092000  2991.481981
0.00094000  3011.505766
0.00096000  3026.281075
0.00098000  3037.246228
0.00100000  3045.422333
0.00102000  3051.531824
0.00104000  3056.103789
0.00106000  3059.519961
0.00108000  3062.062265
0.00110000  3063.950282
0.00112000  3065.343612
0.00114000  3066.363419
0.00116000  3067.09625
0.00118000  3067.612991
0.00120000  3067.962406
0.00122000  3068.183946
0.00124000  3068.309722
0.00126000  3068.359312
0.00128000  3068.35577
0.00130000  3068.311493
0.00132000  3068.237096
0.00134000  3068.146736
0.00136000  3068.047493
0.00138000  3067.948223
0.00140000  3067.852473
0.00142000  3067.76202
0.00144000  3067.678642
0.00146000  3067.600569
0.00148000  3067.527804
0.00150000  3067.462127
0.00152000  3067.403539
0.00154000  3067.35027
0.00156000  3067.300546
0.00158000  3067.256143
0.00160000  3067.215288
0.00162000  3067.177981
0.00164000  3067.142448
0.00166000  3067.110465
0.00168000  3067.080257
0.00170000  3067.050046
0.00172000  3067.023387
0.00174000  3066.996726
0.00176000  3066.971841
0.00178000  3066.946954
0.00180000  3066.923844
0.00182000  3066.900732
0.00184000  3066.879396
0.00186000  3066.85806
0.00188000  3066.836722
0.00190000  3066.817161
0.00192000  3066.797599
0.00194000  3066.778036
0.00196000  3066.760251
0.00198000  3066.742465
0.00200000  3066.726457
0.00202000  3066.708669
0.00204000  3066.692659
0.00206000  3066.678428
0.00208000  3066.662417
0.00210000  3066.648184
0.00212000  3066.633951
0.00214000  3066.621497
0.00216000  3066.607263
0.00218000  3066.594807
0.00220000  3066.582352
0.00222000  3066.571675
0.00224000  3066.560998
0.00226000  3066.550321
0.00228000  3066.539643
0.00230000  3066.528965
0.00232000  3066.520067
0.00234000  3066.511168
0.00236000  3066.502269
0.00238000  3066.49515
0.00240000  3066.486251
0.00242000  3066.479131
0.00244000  3066.472012
0.00246000  3066.466672
0.00248000  3066.459552
0.00250000  3066.454212
0.00252000  3066.448872
0.00254000  3066.443532
0.00256000  3066.439971
0.00258000  3066.434631
0.00260000  3066.431071
0.00262000  3066.42751
0.00264000  3066.42395
0.00266000  3066.42217
0.00268000  3066.41861
0.00270000  3066.416829
0.00272000  3066.415049
0.00274000  3066.413269
0.00276000  3066.413269
0.00278000  3066.411489
0.00280000  3066.411489
0.00282000  3066.411489
0.00284000  3066.411489
0.00286000  3066.411489
0.00288000  3066.411489
0.00290000  3066.413269
0.00292000  3066.413269
0.00294000  3066.415049
0.00296000  3066.416829
0.00298000  3066.41861
0.00300000  3066.42039
0.00302000  3066.007648194118
0.00304000  3065.5949063882354
0.00306000  3065.1821645823534
0.00308000  3064.769422776471
0.00310000  3064.3566809705885
0.00312000  3063.943939164706
0.00314000  3063.5311973588236
0.00316000  3063.118455552941
0.00318000  3062.7057137470592
0.00320000  3062.292971941177
0.00322000  3061.8802301352944
0.00324000  3061.467488329412
0.00326000  3061.0547465235295
0.00328000  3060.642004717647
0.00330000  3060.229262911765
0.00332000  3059.8165211058827
0.00334000  3059.4037793
0.00336000  3058.991037494118
0.00338000  3058.5782956882354
0.00340000  3058.1655538823534
0.00342000  3057.752812076471
0.00344000  3057.3400702705885
0.00346000  3056.927328464706
0.00348000  3056.5145866588236
0.00350000  3056.101844852941
0.00352000  3055.6891030470592
0.00354000  3055.276361241177
0.00356000  3054.8636194352944
0.00358000  3054.450877629412
0.00360000  3054.0381358235295
0.00362000  3053.625394017647
0.00364000  3053.212652211765
0.00366000  3052.7999104058827
0.00368000  3052.3871686
0.00370000  3051.974426794118
0.00372000  3051.5616849882354
0.00374000  3051.1489431823534
0.00376000  3050.736201376471
0.00378000  3050.3234595705885
0.00380000  3049.910717764706
0.00382000  3049.4979759588236
0.00384000  3049.085234152941
0.00386000  3048.6724923470592
0.00388000  3048.259750541177
0.00390000  3047.8470087352944
0.00392000  3047.434266929412
0.00394000  3047.0215251235295
0.00396000  3046.608783317647
0.00398000  3046.196041511765
0.00400000  3045.7832997058827
0.00402000  3045.3705579
0.00404000  3044.957816094118
0.00406000  3044.5450742882354
0.00408000  3044.1323324823534
0.00410000  3043.719590676471
0.00412000  3043.3068488705885
0.00414000  3042.894107064706
0.00416000  3042.4813652588236
0.00418000  3042.068623452941
0.00420000  3041.6558816470592
0.00422000  3041.243139841177
0.00424000  3040.8303980352944
0.00426000  3040.417656229412
0.00428000  3040.0049144235295
0.00430000  3039.592172617647
0.00432000  3039.179430811765
0.00434000  3038.7666890058827
0.00436000  3038.3539472
0.00438000  3037.941205394118
0.00440000  3037.5284635882354
0.00442000  3037.1157217823534
0.00444000  3036.702979976471
0.00446000  3036.2902381705885
0.00448000  3035.877496364706
0.00450000  3035.4647545588236
0.00452000  3035.052012752941
0.00454000  3034.6392709470592
0.00456000  3034.226529141177
0.00458000  3033.8137873352944
0.00460000  3033.401045529412
0.00462000  3032.9883037235295
0.00464000  3032.575561917647
0.00466000  3032.162820111765
0.00468000  3031.7500783058827
0.00470000  3031.3373365
0.00472000  3030.924594694118
0.00474000  3030.5118528882354
0.00476000  3030.0991110823534
0.00478000  3029.686369276471
0.00480000  3029.2736274705885
0.00482000  3028.860885664706
0.00484000  3028.4481438588236
0.00486000  3028.035402052941
0.00488000  3027.6226602470592
0.00490000  3027.209918441177
0.00492000  3026.7971766352944
0.00494000  3026.384434829412
0.00496000  3025.9716930235295
0.00498000  3025.558951217647
0.00500000  3025.146209411765
0.00502000  3024.7334676058827
0.00504000  3024.3207258
0.00506000  3023.907983994118
0.00508000  3023.4952421882354
0.00510000  3023.0825003823534
0.00512000  3022.669758576471
0.00514000  3022.2570167705885
0.00516000  3021.844274964706
0.00518000  3021.4315331588236
0.00520000  3021.018791352941
0.00522000  3020.6060495470592
0.00524000  3020.193307741177
0.00526000  3019.7805659352944
0.00528000  3019.367824129412
0.00530000  3018.9550823235295
0.00532000  3018.542340517647
0.00534000  3018.129598711765
0.00536000  3017.7168569058827
0.00538000  3017.3041151
0.00540000  3016.891373294118
0.00542000  3016.4786314882354
0.00544000  3016.0658896823534
0.00546000  3015.653147876471
0.00548000  3015.2404060705885
0.00550000  3014.827664264706
0.00552000  3014.4149224588236
0.00554000  3014.002180652941
0.00556000  3013.5894388470592
0.00558000  3013.176697041177
0.00560000  3012.7639552352944
0.00562000  3012.351213429412
0.00564000  3011.9384716235295
0.00566000  3011.525729817647
0.00568000  3011.112988011765
0.00570000  3010.7002462058826
0.00572000  3010.2875044
0.00574000  3009.874762594118
0.00576000  3009.4620207882353
0.00578000  3009.0492789823534
0.00580000  3008.636537176471
0.00582000  3008.2237953705885
0.00584000  3007.811053564706
0.00586000  3007.3983117588236
0.00588000  3006.985569952941
0.00590000  3006.572828147059
0.00592000  3006.160086341177
0.00594000  3005.7473445352944
0.00596000  3005.334602729412
0.00598000  3004.9218609235295
0.00600000  3004.509119117647
0.00602000  3004.096377311765
0.00604000  3003.6836355058826
0.00606000  3003.2708937
0.00608000  3002.858151894118
0.00610000  3002.4454100882353
0.00612000  3002.0326682823534
0.00614000  3001.619926476471
0.00616000  3001.2071846705885
0.00618000  3000.794442864706
0.00620000  3000.3817010588236
0.00622000  2999.968959252941
0.00624000  2999.556217447059
0.00626000  2999.143475641177
0.00628000  2998.7307338352944
0.00630000  2998.317992029412
0.00632000  2997.9052502235295
0.00634000  2997.492508417647
0.00636000  2997.079766611765
0.00638000  2996.6670248058826
0.00640000  2996.254283
0.00642000  2995.841541194118
0.00644000  2995.4287993882353
0.00646000  2995.0160575823534
0.00648000  2994.603315776471
0.00650000  2994.1905739705885
0.00652000  2993.777832164706
0.00654000  2993.3650903588236
0.00656000  2992.952348552941
0.00658000  2992.539606747059
0.00660000  2992.126864941177
0.00662000  2991.7141231352944
0.00664000  2991.301381329412
0.00666000  2990.8886395235295
0.00668000  2990.475897717647
0.00670000  2990.063155911765
0.00672000  2989.6504141058826
0.00674000  2989.2376723
0.00676000  2988.824930494118
0.00678000  2988.4121886882353
0.00680000  2987.9994468823534
0.00682000  2987.586705076471
0.00684000  2987.1739632705885
0.00686000  2986.761221464706
0.00688000  2986.3484796588236
0.00690000  2985.935737852941
0.00692000  2985.522996047059
0.00694000  2985.110254241177
0.00696000  2984.6975124352944
0.00698000  2984.284770629412
0.00700000  2983.8720288235295
0.00702000  2983.459287017647
0.00704000  2983.046545211765
0.00706000  2982.6338034058826
0.00708000  2982.2210616
0.00710000  2981.808319794118
0.00712000  2981.3955779882353
0.00714000  2980.9828361823534
0.00716000  2980.570094376471
0.00718000  2980.1573525705885
0.00720000  2979.744610764706
0.00722000  2979.3318689588236
0.00724000  2978.919127152941
0.00726000  2978.506385347059
0.00728000  2978.093643541177
0.00730000  2977.6809017352944
0.00732000  2977.268159929412
0.00734000  2976.8554181235295
0.00736000  2976.442676317647
0.00738000  2976.029934511765
0.00740000  2975.6171927058826
0.00742000  2975.2044509
0.00744000  2974.791709094118
0.00746000  2974.3789672882353
0.00748000  2973.9662254823534
0.00750000  2973.553483676471
0.00752000  2973.1407418705885
0.00754000  2972.728000064706
0.00756000  2972.3152582588236
0.00758000  2971.902516452941
0.00760000  2971.489774647059
0.00762000  2971.077032841177
0.00764000  2970.6642910352944
0.00766000  2970.251549229412
0.00768000  2969.8388074235295
0.00770000  2969.426065617647
0.00772000  2969.013323811765
0.00774000  2968.6005820058826
0.00776000  2968.1878402
0.00778000  2967.775098394118
0.00780000  2967.3623565882353
0.00782000  2966.9496147823534
0.00784000  2966.536872976471
0.00786000  2966.1241311705885
0.00788000  2965.711389364706
0.00790000  2965.2986475588236
0.00792000  2964.885905752941
0.00794000  2964.473163947059
0.00796000  2964.060422141177
0.00798000  2963.6476803352944
0.00800000  2963.234938529412
0.00802000  2962.8221967235295
0.00804000  2962.409454917647
0.00806000  2961.996713111765
0.00808000  2961.5839713058826
0.00810000  2961.1712295
0.00812000  2960.758487694118
0.00814000  2960.3457458882353
0.00816000  2959.9330040823534
0.00818000  2959.520262276471
0.00820000  2959.1075204705885
0.00822000  2958.694778664706
0.00824000  2958.2820368588236
0.00826000  2957.869295052941
0.00828000  2957.456553247059
0.00830000  2957.043811441177
0.00832000  2956.6310696352944
0.00834000  2956.218327829412
0.00836000  2955.8055860235295
0.00838000  2955.392844217647
0.00840000  2954.980102411765
0.00842000  2954.5673606058826
0.00844000  2954.1546188
0.00846000  2953.741876994118
0.00848000  2953.3291351882353
0.00850000  2952.9163933823534
0.00852000  2952.503651576471
0.00854000  2952.0909097705885
0.00856000  2951.678167964706
0.00858000  2951.2654261588236
0.00860000  2950.852684352941
0.00862000  2950.439942547059
0.00864000  2950.027200741177
0.00866000  2949.6144589352944
0.00868000  2949.201717129412
0.00870000  2948.7889753235295
0.00872000  2948.376233517647
0.00874000  2947.963491711765
0.00876000  2947.5507499058826
0.00878000  2947.1380081
0.00880000  2946.725266294118
0.00882000  2946.3125244882353
0.00884000  2945.8997826823534
0.00886000  2945.487040876471
0.00888000  2945.0742990705885
0.00890000  2944.661557264706
0.00892000  2944.2488154588236
0.00894000  2943.836073652941
0.00896000  2943.423331847059
0.00898000  2943.010590041177
0.00900000  2942.5978482352944
0.00902000  2942.185106429412
0.00904000  2941.7723646235295
0.00906000  2941.359622817647
0.00908000  2940.946881011765
0.00910000  2940.5341392058826
0.00912000  2940.1213974
0.00914000  2939.7086555941178
0.00916000  2939.2959137882353
0.00918000  2938.8831719823534
0.00920000  2938.470430176471
0.00922000  2938.0576883705885
0.00924000  2937.644946564706
0.00926000  2937.2322047588236
0.00928000  2936.819462952941
0.00930000  2936.406721147059
0.00932000  2935.993979341177
0.00934000  2935.5812375352943
0.00936000  2935.168495729412
0.00938000  2934.7557539235295
0.00940000  2934.343012117647
0.00942000  2933.930270311765
0.00944000  2933.5175285058826
0.00946000  2933.1047867
0.00948000  2932.6920448941178
0.00950000  2932.2793030882353
0.00952000  2931.8665612823534
0.00954000  2931.453819476471
0.00956000  2931.0410776705885
0.00958000  2930.628335864706
0.00960000  2930.2155940588236
0.00962000  2929.802852252941
0.00964000  2929.390110447059
0.00966000  2928.977368641177
0.00968000  2928.5646268352943
0.00970000  2928.151885029412
0.00972000  2927.7391432235295
0.00974000  2927.3264014176475
0.00976000  2926.913659611765
0.00978000  2926.5009178058826
0.00980000  2926.088176
0.00982000  2925.6754341941178
0.00984000  2925.2626923882353
0.00986000  2924.8499505823534
0.00988000  2924.437208776471
0.00990000  2924.0244669705885
0.00992000  2923.611725164706
0.00994000  2923.1989833588236
0.00996000  2922.786241552941
0.00998000  2922.373499747059
0.01000000  2921.960757941177
0.01002000  2921.5480161352943
0.01004000  2921.135274329412
0.01006000  2920.7225325235295
0.01008000  2920.309790717647
0.01010000  2919.897048911765
0.01012000  2919.4843071058826
0.01014000  2919.0715653
0.01016000  2918.6588234941178
0.01018000  2918.2460816882353
0.01020000  2917.8333398823534
0.01022000  2917.420598076471
0.01024000  2917.0078562705885
0.01026000  2916.595114464706
0.01028000  2916.1823726588236
0.01030000  2915.769630852941
0.01032000  2915.356889047059
0.01034000  2914.944147241177
0.01036000  2914.5314054352943
0.01038000  2914.118663629412
0.01040000  2913.7059218235295
0.01042000  2913.2931800176475
0.01044000  2912.880438211765
0.01046000  2912.4676964058826
0.01048000  2912.0549546
0.01050000  2911.6422127941178
0.01052000  2911.2294709882353
0.01054000  2910.8167291823534
0.01056000  2910.403987376471
0.01058000  2909.9912455705885
0.01060000  2909.578503764706
0.01062000  2909.1657619588236
0.01064000  2908.753020152941
0.01066000  2908.340278347059
0.01068000  2907.927536541177
0.01070000  2907.5147947352943
0.01072000  2907.102052929412
0.01074000  2906.6893111235295
0.01076000  2906.276569317647
0.01078000  2905.863827511765
0.01080000  2905.4510857058826
0.01082000  2905.0383439
0.01084000  2904.6256020941178
0.01086000  2904.2128602882353
0.01088000  2903.8001184823534
0.01090000  2903.387376676471
0.01092000  2902.9746348705885
0.01094000  2902.561893064706
0.01096000  2902.1491512588236
0.01098000  2901.736409452941
0.01100000  2901.323667647059
0.01102000  2900.910925841177
0.01104000  2900.4981840352943
0.01106000  2900.085442229412
0.01108000  2899.6727004235295
0.01110000  2899.2599586176475
0.01112000  2898.847216811765
0.01114000  2898.4344750058826
0.01116000  2898.0217332
0.01118000  2897.6089913941178
0.01120000  2897.1962495882353
0.01122000  2896.7835077823534
0.01124000  2896.370765976471
0.01126000  2895.9580241705885
0.01128000  2895.545282364706
0.01130000  2895.1325405588236
0.01132000  2894.719798752941
0.01134000  2894.307056947059
0.01136000  2893.894315141177
0.01138000  2893.4815733352943
0.01140000  2893.068831529412
0.01142000  2892.6560897235295
0.01144000  2892.243347917647
0.01146000  2891.830606111765
0.01148000  2891.4178643058826
0.01150000  2891.0051225
0.01152000  2890.5923806941178
0.01154000  2890.1796388882353
0.01156000  2889.7668970823534
0.01158000  2889.354155276471
0.01160000  2888.9414134705885
0.01162000  2888.528671664706
0.01164000  2888.1159298588236
0.01166000  2887.703188052941
0.01168000  2887.290446247059
0.01170000  2886.877704441177
0.01172000  2886.4649626352943
0.01174000  2886.052220829412
0.01176000  2885.6394790235295
0.01178000  2885.2267372176475
0.01180000  2884.813995411765
0.01182000  2884.4012536058826
0.01184000  2883.9885118
0.01186000  2883.5757699941178
0.01188000  2883.1630281882353
0.01190000  2882.7502863823534
0.01192000  2882.337544576471
0.01194000  2881.9248027705885
0.01196000  2881.512060964706
0.01198000  2881.0993191588236
0.01200000  2880.686577352941
0.01202000  2880.273835547059
0.01204000  2879.861093741177
0.01206000  2879.4483519352943
0.01208000  2879.035610129412
0.01210000  2878.6228683235295
0.01212000  2878.210126517647
0.01214000  2877.797384711765
0.01216000  2877.3846429058826
0.01218000  2876.9719011
0.01220000  2876.5591592941178
0.01222000  2876.1464174882353
0.01224000  2875.7336756823534
0.01226000  2875.320933876471
0.01228000  2874.9081920705885
0.01230000  2874.495450264706
0.01232000  2874.0827084588236
0.01234000  2873.669966652941
0.01236000  2873.257224847059
0.01238000  2872.8444830411768
0.01240000  2872.4317412352943
0.01242000  2872.018999429412
0.01244000  2871.6062576235295
0.01246000  2871.1935158176475
0.01248000  2870.780774011765
0.01250000  2870.3680322058826
0.01252000  2869.9552904
0.01254000  2869.5425485941178
0.01256000  2869.1298067882353
0.01258000  2868.7170649823533
0.01260000  2868.304323176471
0.01262000  2867.8915813705885
0.01264000  2867.478839564706
0.01266000  2867.0660977588236
0.01268000  2866.653355952941
0.01270000  2866.240614147059
0.01272000  2865.8278723411768
0.01274000  2865.4151305352943
0.01276000  2865.002388729412
0.01278000  2864.5896469235295
0.01280000  2864.176905117647
0.01282000  2863.764163311765
0.01284000  2863.3514215058826
0.01286000  2862.9386797
0.01288000  2862.5259378941178
0.01290000  2862.1131960882353
0.01292000  2861.7004542823533
0.01294000  2861.287712476471
0.01296000  2860.8749706705885
0.01298000  2860.462228864706
0.01300000  2860.0494870588236
0.01302000  2859.636745252941
0.01304000  2859.224003447059
0.01306000  2858.8112616411768
0.01308000  2858.3985198352943
0.01310000  2857.985778029412
0.01312000  2857.5730362235295
0.01314000  2857.1602944176475
0.01316000  2856.747552611765
0.01318000  2856.3348108058826
0.01320000  2855.922069
0.01322000  2855.5093271941178
0.01324000  2855.0965853882353
0.01326000  2854.6838435823533
0.01328000  2854.271101776471
0.01330000  2853.8583599705885
0.01332000  2853.445618164706
0.01334000  2853.0328763588236
0.01336000  2852.620134552941
0.01338000  2852.207392747059
0.01340000  2851.7946509411768
0.01342000  2851.3819091352943
0.01344000  2850.969167329412
0.01346000  2850.5564255235295
0.01348000  2850.143683717647
0.01350000  2849.730941911765
0.01352000  2849.3182001058826
0.01354000  2848.9054583
0.01356000  2848.4927164941178
0.01358000  2848.0799746882353
0.01360000  2847.6672328823533
0.01362000  2847.254491076471
0.01364000  2846.8417492705885
0.01366000  2846.429007464706
0.01368000  2846.0162656588236
0.01370000  2845.603523852941
0.01372000  2845.190782047059
0.01374000  2844.7780402411768
0.01376000  2844.3652984352943
0.01378000  2843.952556629412
0.01380000  2843.5398148235295
0.01382000  2843.1270730176475
0.01384000  2842.714331211765
0.01386000  2842.3015894058826
0.01388000  2841.8888476
0.01390000  2841.4761057941178
0.01392000  2841.0633639882353
0.01394000  2840.6506221823533
0.01396000  2840.237880376471
0.01398000  2839.8251385705885
0.01400000  2839.412396764706
0.01402000  2838.9996549588236
0.01404000  2838.586913152941
0.01406000  2838.174171347059
0.01408000  2837.7614295411768
0.01410000  2837.3486877352943
0.01412000  2836.935945929412
0.01414000  2836.5232041235295
0.01416000  2836.110462317647
0.01418000  2835.697720511765
0.01420000  2835.2849787058826
0.01422000  2834.8722369
0.01424000  2834.4594950941178
0.01426000  2834.0467532882353
0.01428000  2833.6340114823533
0.01430000  2833.221269676471
0.01432000  2832.8085278705885
0.01434000  2832.395786064706
0.01436000  2831.9830442588236
0.01438000  2831.570302452941
0.01440000  2831.157560647059
0.01442000  2830.7448188411768
0.01444000  2830.3320770352943
0.01446000  2829.919335229412
0.01448000  2829.5065934235295
0.01450000  2829.0938516176475
0.01452000  2828.681109811765
0.01454000  2828.2683680058826
0.01456000  2827.8556262
0.01458000  2827.4428843941178
0.01460000  2827.0301425882353
0.01462000  2826.6174007823533
0.01464000  2826.204658976471
0.01466000  2825.7919171705885
0.01468000  2825.379175364706
0.01470000  2824.9664335588236
0.01472000  2824.553691752941
0.01474000  2824.140949947059
0.01476000  2823.7282081411768
0.01478000  2823.3154663352943
0.01480000  2822.902724529412
0.01482000  2822.4899827235295
0.01484000  2822.077240917647
0.01486000  2821.664499111765
0.01488000  2821.2517573058826
0.01490000  2820.8390155
0.01492000  2820.4262736941178
0.01494000  2820.0135318882353
0.01496000  2819.6007900823533
0.01498000  2819.188048276471
0.01500000  2818.7753064705885
0.01502000  2818.362564664706
0.01504000  2817.9498228588236
0.01506000  2817.537081052941
0.01508000  2817.124339247059
0.01510000  2816.7115974411768
0.01512000  2816.2988556352943
0.01514000  2815.886113829412
0.01516000  2815.4733720235295
0.01518000  2815.0606302176475
0.01520000  2814.647888411765
0.01522000  2814.2351466058826
0.01524000  2813.8224048
0.01526000  2813.4096629941178
0.01528000  2812.9969211882353
0.01530000  2812.5841793823533
0.01532000  2812.171437576471
0.01534000  2811.7586957705885
0.01536000  2811.345953964706
0.01538000  2810.9332121588236
0.01540000  2810.520470352941
0.01542000  2810.107728547059
0.01544000  2809.6949867411768
0.01546000  2809.2822449352943
0.01548000  2808.869503129412
0.01550000  2808.4567613235295
0.01552000  2808.044019517647
0.01554000  2807.631277711765
0.01556000  2807.2185359058826
0.01558000  2806.8057941
0.01560000  2806.3930522941178
0.01562000  2805.9803104882353
0.01564000  2805.5675686823533
0.01566000  2805.154826876471
0.01568000  2804.7420850705885
0.01570000  2804.329343264706
0.01572000  2803.9166014588236
0.01574000  2803.503859652941
0.01576000  2803.091117847059
0.01578000  2802.6783760411768
0.01580000  2802.2656342352943
0.01582000  2801.852892429412
0.01584000  2801.4401506235295
0.01586000  2801.0274088176475
0.01588000  2800.614667011765
0.01590000  2800.2019252058826
0.01592000  2799.7891834
0.01594000  2799.3764415941178
0.01596000  2798.9636997882353
0.01598000  2798.550957982353
0.01600000  2798.138216176471
0.01602000  2797.7254743705885
0.01604000  2797.312732564706
0.01606000  2796.8999907588236
0.01608000  2796.4872489529416
0.01610000  2796.074507147059
0.01612000  2795.6617653411768
0.01614000  2795.2490235352943
0.01616000  2794.836281729412
0.01618000  2794.4235399235295
0.01620000  2794.010798117647
0.01622000  2793.598056311765
0.01624000  2793.1853145058826
0.01626000  2792.7725727
0.01628000  2792.3598308941177
0.01630000  2791.9470890882353
0.01632000  2791.5343472823533
0.01634000  2791.121605476471
0.01636000  2790.7088636705885
0.01638000  2790.296121864706
0.01640000  2789.8833800588236
0.01642000  2789.470638252941
0.01644000  2789.057896447059
0.01646000  2788.6451546411768
0.01648000  2788.2324128352943
0.01650000  2787.819671029412
0.01652000  2787.4069292235295
0.01654000  2786.9941874176475
0.01656000  2786.581445611765
0.01658000  2786.1687038058826
0.01660000  2785.755962
0.01662000  2785.3432201941177
0.01664000  2784.9304783882353
0.01666000  2784.517736582353
0.01668000  2784.104994776471
0.01670000  2783.6922529705885
0.01672000  2783.279511164706
0.01674000  2782.8667693588236
0.01676000  2782.4540275529416
0.01678000  2782.041285747059
0.01680000  2781.6285439411768
0.01682000  2781.2158021352943
0.01684000  2780.803060329412
0.01686000  2780.3903185235295
0.01688000  2779.977576717647
0.01690000  2779.564834911765
0.01692000  2779.1520931058826
0.01694000  2778.7393513
0.01696000  2778.3266094941177
0.01698000  2777.9138676882353
0.01700000  2777.5011258823533
0.01702000  2777.088384076471
0.01704000  2776.6756422705885
0.01706000  2776.262900464706
0.01708000  2775.8501586588236
0.01710000  2775.437416852941
0.01712000  2775.024675047059
0.01714000  2774.6119332411768
0.01716000  2774.1991914352943
0.01718000  2773.786449629412
0.01720000  2773.3737078235295
0.01722000  2772.9609660176475
0.01724000  2772.548224211765
0.01726000  2772.1354824058826
0.01728000  2771.7227406
0.01730000  2771.3099987941177
0.01732000  2770.8972569882353
0.01734000  2770.484515182353
0.01736000  2770.071773376471
0.01738000  2769.6590315705885
0.01740000  2769.246289764706
0.01742000  2768.8335479588236
0.01744000  2768.4208061529416
0.01746000  2768.008064347059
0.01748000  2767.5953225411768
0.01750000  2767.1825807352943
0.01752000  2766.769838929412
0.01754000  2766.3570971235295
0.01756000  2765.944355317647
0.01758000  2765.531613511765
0.01760000  2765.1188717058826
0.01762000  2764.7061299
0.01764000  2764.2933880941177
0.01766000  2763.8806462882353
0.01768000  2763.4679044823533
0.01770000  2763.055162676471
0.01772000  2762.6424208705885
0.01774000  2762.229679064706
0.01776000  2761.8169372588236
0.01778000  2761.404195452941
0.01780000  2760.991453647059
0.01782000  2760.5787118411768
0.01784000  2760.1659700352943
0.01786000  2759.753228229412
0.01788000  2759.3404864235295
0.01790000  2758.9277446176475
0.01792000  2758.515002811765
0.01794000  2758.1022610058826
0.01796000  2757.6895192
0.01798000  2757.2767773941177
0.01800000  2756.8640355882353
0.01802000  2756.451293782353
0.01804000  2756.038551976471
0.01806000  2755.6258101705885
0.01808000  2755.213068364706
0.01810000  2754.8003265588236
0.01812000  2754.3875847529416
0.01814000  2753.974842947059
0.01816000  2753.5621011411768
0.01818000  2753.1493593352943
0.01820000  2752.736617529412
0.01822000  2752.3238757235295
0.01824000  2751.911133917647
0.01826000  2751.498392111765
0.01828000  2751.0856503058826
0.01830000  2750.6729085
0.01832000  2750.2601666941177
0.01834000  2749.8474248882353
0.01836000  2749.4346830823533
0.01838000  2749.021941276471
0.01840000  2748.6091994705885
0.01842000  2748.196457664706
0.01844000  2747.7837158588236
0.01846000  2747.370974052941
0.01848000  2746.958232247059
0.01850000  2746.5454904411768
0.01852000  2746.1327486352943
0.01854000  2745.720006829412
0.01856000  2745.3072650235295
0.01858000  2744.8945232176475
0.01860000  2744.481781411765
0.01862000  2744.0690396058826
0.01864000  2743.6562978
0.01866000  2743.2435559941177
0.01868000  2742.8308141882353
0.01870000  2742.4180723823533
0.01872000  2742.005330576471
0.01874000  2741.5925887705885
0.01876000  2741.179846964706
0.01878000  2740.7671051588236
0.01880000  2740.3543633529416
0.01882000  2739.941621547059
0.01884000  2739.5288797411768
0.01886000  2739.1161379352943
0.01888000  2738.703396129412
0.01890000  2738.2906543235295
0.01892000  2737.877912517647
0.01894000  2737.465170711765
0.01896000  2737.0524289058826
0.01898000  2736.6396871
0.01900000  2736.2269452941177
0.01902000  2735.8142034882353
0.01904000  2735.4014616823533
0.01906000  2734.988719876471
0.01908000  2734.5759780705885
0.01910000  2734.163236264706
0.01912000  2733.7504944588236
0.01914000  2733.337752652941
0.01916000  2732.925010847059
0.01918000  2732.5122690411768
0.01920000  2732.0995272352943
0.01922000  2731.686785429412
0.01924000  2731.2740436235295
0.01926000  2730.8613018176475
0.01928000  2730.448560011765
0.01930000  2730.0358182058826
0.01932000  2729.6230764
0.01934000  2729.2103345941177
0.01936000  2728.7975927882353
0.01938000  2728.3848509823533
0.01940000  2727.972109176471
0.01942000  2727.5593673705885
0.01944000  2727.146625564706
0.01946000  2726.7338837588236
0.01948000  2726.3211419529416
0.01950000  2725.908400147059
0.01952000  2725.4956583411767
0.01954000  2725.0829165352943
0.01956000  2724.670174729412
0.01958000  2724.2574329235294
0.01960000  2723.844691117647
0.01962000  2723.431949311765
0.01964000  2723.0192075058826
0.01966000  2722.6064657
0.01968000  2722.1937238941177
0.01970000  2721.7809820882353
0.01972000  2721.3682402823533
0.01974000  2720.955498476471
0.01976000  2720.5427566705885
0.01978000  2720.130014864706
0.01980000  2719.7172730588236
0.01982000  2719.304531252941
0.01984000  2718.891789447059
0.01986000  2718.4790476411767
0.01988000  2718.0663058352943
0.01990000  2717.653564029412
0.01992000  2717.2408222235294
0.01994000  2716.8280804176475
0.01996000  2716.415338611765
0.01998000  2716.0025968058826
0.02000000  2715.589855
0.02002000  2712.580015
0.02004000  2709.807713
0.02006000  2707.24906
0.02008000  2704.876438
0.02010000  2702.530587
0.02012000  2699.728219
0.02014000  2695.969962
0.02016000  2690.909237
0.02018000  2684.151216
0.02020000  2675.256218
0.02022000  2663.164289
0.02024000  2644.688026
0.02026000  2615.940158
0.02028000  2572.026009
0.02030000  2506.106774
0.02032000  2408.897511
0.02034000  2269.343623
0.02036000  2078.162712
0.02038000  1840.257375
0.02040000  1585.78445
0.02042000  1337.868304
0.02044000  1094.829342
0.02046000  841.887416
0.02048000  576.355441
0.02050000  343.718832
0.02052000  198.713531
0.02054000  124.901961
0.02056000  92.566011
0.02058000  83.700896
0.02060000  95.644826
0.02062000  138.632287
0.02064000  238.226022
0.02066000  429.202528
0.02068000  719.131377
0.02070000  1075.924516
0.02072000  1452.209497
0.02074000  1806.267178
0.02076000  2113.452783
0.02078000  2363.906379
0.02080000  2556.867607
0.02082000  2699.119338
0.02084000  2801.401503
0.02086000  2874.368627
0.02088000  2926.556957
0.02090000  2964.156704
0.02092000  2991.481981
0.02094000  3011.505766
0.02096000  3026.281075
0.02098000  3037.246228
0.02100000  3045.422333
0.02102000  3051.531824
0.02104000  3056.103789
0.02106000  3059.519961
0.02108000  3062.062265
0.02110000  3063.950282
0.02112000  3065.343612
0.02114000  3066.363419
0.02116000  3067.09625
0.02118000  3067.612991
0.02120000  3067.962406
0.02122000  3068.183946
0.02124000  3068.309722
0.02126000  3068.359312
0.02128000  3068.35577
0.02130000  3068.311493
0.02132000  3068.237096
0.02134000  3068.146736
0.02136000  3068.047493
0.02138000  3067.948223
0.02140000  3067.852473
0.02142000  3067.76202
0.02144000  3067.678642
0.02146000  3067.600569
0.02148000  3067.527804
0.02150000  3067.462127
0.02152000  3067.403539
0.02154000  3067.35027
0.02156000  3067.300546
0.02158000  3067.256143
0.02160000  3067.215288
0.02162000  3067.177981
0.02164000  3067.142448
0.02166000  3067.110465
0.02168000  3067.080257
0.02170000  3067.050046
0.02172000  3067.023387
0.02174000  3066.996726
0.02176000  3066.971841
0.02178000  3066.946954
0.02180000  3066.923844
0.02182000  3066.900732
0.02184000  3066.879396
0.02186000  3066.85806
0.02188000  3066.836722
0.02190000  3066.817161
0.02192000  3066.797599
0.02194000  3066.778036
0.02196000  3066.760251
0.02198000  3066.742465
0.02200000  3066.726457
0.02202000  3066.708669
0.02204000  3066.692659
0.02206000  3066.678428
0.02208000  3066.662417
0.02210000  3066.648184
0.02212000  3066.633951
0.02214000  3066.621497
0.02216000  3066.607263
0.02218000  3066.594807
0.02220000  3066.582352
0.02222000  3066.571675
0.02224000  3066.560998
0.02226000  3066.550321
0.02228000  3066.539643
0.02230000  3066.528965
0.02232000  3066.520067
0.02234000  3066.511168
0.02236000  3066.502269
0.02238000  3066.49515
0.02240000  3066.486251
0.02242000  3066.479131
0.02244000  3066.472012
0.02246000  3066.466672
0.02248000  3066.459552
0.02250000  3066.454212
0.02252000  3066.448872
0.02254000  3066.443532
0.02256000  3066.439971
0.02258000  3066.434631
0.02260000  3066.431071
0.02262000  3066.42751
0.02264000  3066.42395
0.02266000  3066.42217
0.02268000  3066.41861
0.02270000  3066.416829
0.02272000  3066.415049
0.02274000  3066.413269
0.02276000  3066.413269
0.02278000  3066.411489
0.02280000  3066.411489
0.02282000  3066.411489
0.02284000  3066.411489
0.02286000  3066.411489
0.02288000  3066.411489
0.02290000  3066.413269
0.02292000  3066.413269
0.02294000  3066.415049
0.02296000  3066.416829
0.02298000  3066.41861
0.02300000  3066.42039
0.02302000  3066.007648194118
0.02304000  3065.5949063882354
0.02306000  3065.1821645823534
0.02308000  3064.769422776471
0.02310000  3064.3566809705885
0.02312000  3063.943939164706
0.02314000  3063.5311973588236
0.02316000  3063.118455552941
0.02318000  3062.7057137470592
0.02320000  3062.292971941177
0.02322000  3061.8802301352944
0.02324000  3061.467488329412
0.02326000  3061.0547465235295
0.02328000  3060.642004717647
0.02330000  3060.229262911765
0.02332000  3059.8165211058827
0.02334000  3059.4037793
0.02336000  3058.991037494118
0.02338000  3058.5782956882354
0.02340000  3058.1655538823534
0.02342000  3057.752812076471
0.02344000  3057.3400702705885
0.02346000  3056.927328464706
0.02348000  3056.5145866588236
0.02350000  3056.101844852941
0.02352000  3055.6891030470592
0.02354000  3055.276361241177
0.02356000  3054.8636194352944
0.02358000  3054.450877629412
0.02360000  3054.0381358235295
0.02362000  3053.625394017647
0.02364000  3053.212652211765
0.02366000  3052.7999104058827
0.02368000  3052.3871686
0.02370000  3051.974426794118
0.02372000  3051.5616849882354
0.02374000  3051.1489431823534
0.02376000  3050.736201376471
0.02378000  3050.3234595705885
0.02380000  3049.910717764706
0.02382000  3049.4979759588236
0.02384000  3049.085234152941
0.02386000  3048.6724923470592
0.02388000  3048.259750541177
0.02390000  3047.8470087352944
0.02392000  3047.434266929412
0.02394000  3047.0215251235295
0.02396000  3046.608783317647
0.02398000  3046.196041511765
0.02400000  3045.7832997058827
0.02402000  3045.3705579
0.02404000  3044.957816094118
0.02406000  3044.5450742882354
0.02408000  3044.1323324823534
0.02410000  3043.719590676471
0.02412000  3043.3068488705885
0.02414000  3042.894107064706
0.02416000  3042.4813652588236
0.02418000  3042.068623452941
0.02420000  3041.6558816470592
0.02422000  3041.243139841177
0.02424000  3040.8303980352944
0.02426000  3040.417656229412
0.02428000  3040.0049144235295
0.02430000  3039.592172617647
0.02432000  3039.179430811765
0.02434000  3038.7666890058827
0.02436000  3038.3539472
0.02438000  3037.941205394118
0.02440000  3037.5284635882354
0.02442000  3037.1157217823534
0.02444000  3036.702979976471
0.02446000  3036.2902381705885
0.02448000  3035.877496364706
0.02450000  3035.4647545588236
0.02452000  3035.052012752941
0.02454000  3034.6392709470592
0.02456000  3034.226529141177
0.02458000  3033.8137873352944
0.02460000  3033.401045529412
0.02462000  3032.9883037235295
0.02464000  3032.575561917647
0.02466000  3032.162820111765
0.02468000  3031.7500783058827
0.02470000  3031.3373365
0.02472000  3030.924594694118
0.02474000  3030.5118528882354
0.02476000  3030.0991110823534
0.02478000  3029.686369276471
0.02480000  3029.2736274705885
0.02482000  3028.860885664706
0.02484000  3028.4481438588236
0.02486000  3028.035402052941
0.02488000  3027.6226602470592
0.02490000  3027.209918441177
0.02492000  3026.7971766352944
0.02494000  3026.384434829412
0.02496000  3025.9716930235295
0.02498000  3025.558951217647
0.02500000  3025.146209411765
0.02502000  3024.7334676058827
0.02504000  3024.3207258
0.02506000  3023.907983994118
0.02508000  3023.4952421882354
0.02510000  3023.0825003823534
0.02512000  3022.669758576471
0.02514000  3022.2570167705885
0.02516000  3021.844274964706
0.02518000  3021.4315331588236
0.02520000  3021.018791352941
0.02522000  3020.6060495470592
0.02524000  3020.193307741177
0.02526000  3019.7805659352944
0.02528000  3019.367824129412
0.02530000  3018.9550823235295
0.02532000  3018.542340517647
0.02534000  3018.129598711765
0.02536000  3017.7168569058827
0.02538000  3017.3041151
0.02540000  3016.891373294118
0.02542000  3016.4786314882354
0.02544000  3016.0658896823534
0.02546000  3015.653147876471
0.02548000  3015.2404060705885
0.02550000  3014.827664264706
0.02552000  3014.4149224588236
0.02554000  3014.002180652941
0.02556000  3013.5894388470592
0.02558000  3013.176697041177
0.02560000  3012.7639552352944
0.02562000  3012.351213429412
0.02564000  3011.9384716235295
0.02566000  3011.525729817647
0.02568000  3011.112988011765
0.02570000  3010.7002462058826
0.02572000  3010.2875044
0.02574000  3009.874762594118
0.02576000  3009.4620207882353
0.02578000  3009.0492789823534
0.02580000  3008.636537176471
0.02582000  3008.2237953705885
0.02584000  3007.811053564706
0.02586000  3007.3983117588236
0.02588000  3006.985569952941
0.02590000  3006.572828147059
0.02592000  3006.160086341177
0.02594000  3005.7473445352944
0.02596000  3005.334602729412
0.02598000  3004.9218609235295
0.02600000  3004.509119117647
0.02602000  3004.096377311765
0.02604000  3003.6836355058826
0.02606000  3003.2708937
0.02608000  3002.858151894118
0.02610000  3002.4454100882353
0.02612000  3002.0326682823534
0.02614000  3001.619926476471
0.02616000  3001.2071846705885
0.02618000  3000.794442864706
0.02620000  3000.3817010588236
0.02622000  2999.968959252941
0.02624000  2999.556217447059
0.02626000  2999.143475641177
0.02628000  2998.7307338352944
0.02630000  2998.317992029412
0.02632000  2997.9052502235295
0.02634000  2997.492508417647
0.02636000  2997.079766611765
0.02638000  2996.6670248058826
0.02640000  2996.254283
0.02642000  2995.841541194118
0.02644000  2995.4287993882353
0.02646000  2995.0160575823534
0.02648000  2994.603315776471
0.02650000  2994.1905739705885
0.02652000  2993.777832164706
0.02654000  2993.3650903588236
0.02656000  2992.952348552941
0.02658000  2992.539606747059
0.02660000  2992.126864941177
0.02662000  2991.7141231352944
0.02664000  2991.301381329412
0.02666000  2990.8886395235295
0.02668000  2990.475897717647
0.02670000  2990.063155911765
0.02672000  2989.6504141058826
0.02674000  2989.2376723
0.02676000  2988.824930494118
0.02678000  2988.4121886882353
0.02680000  2987.9994468823534
0.02682000  2987.586705076471
0.02684000  2987.1739632705885
0.02686000  2986.761221464706
0.02688000  2986.3484796588236
0.02690000  2985.935737852941
0.02692000  2985.522996047059
0.02694000  2985.110254241177
0.02696000  2984.6975124352944
0.02698000  2984.284770629412
0.02700000  2983.8720288235295
0.02702000  2983.459287017647
0.02704000  2983.046545211765
0.02706000  2982.6338034058826
0.02708000  2982.2210616
0.02710000  2981.808319794118
0.02712000  2981.3955779882353
0.02714000  2980.9828361823534
0.02716000  2980.570094376471
0.02718000  2980.1573525705885
0.02720000  2979.744610764706
0.02722000  2979.3318689588236
0.02724000  2978.919127152941
0.02726000  2978.506385347059
0.02728000  2978.093643541177
0.02730000  2977.6809017352944
0.02732000  2977.268159929412
0.02734000  2976.8554181235295
0.02736000  2976.442676317647
0.02738000  2976.029934511765
0.02740000  2975.6171927058826
0.02742000  2975.2044509
0.02744000  2974.791709094118
0.02746000  2974.3789672882353
0.02748000  2973.9662254823534
0.02750000  2973.553483676471
0.02752000  2973.1407418705885
0.02754000  2972.728000064706
0.02756000  2972.3152582588236
0.02758000  2971.902516452941
0.02760000  2971.489774647059
0.02762000  2971.077032841177
0.02764000  2970.6642910352944
0.02766000  2970.251549229412
0.02768000  2969.8388074235295
0.02770000  2969.426065617647
0.02772000  2969.013323811765
0.02774000  2968.6005820058826
0.02776000  2968.1878402
0.02778000  2967.775098394118
0.02780000  2967.3623565882353
0.02782000  2966.9496147823534
0.02784000  2966.536872976471
0.02786000  2966.1241311705885
0.02788000  2965.711389364706
0.02790000  2965.2986475588236
0.02792000  2964.885905752941
0.02794000  2964.473163947059
0.02796000  2964.060422141177
0.02798000  2963.6476803352944
0.02800000  2963.234938529412
0.02802000  2962.8221967235295
0.02804000  2962.409454917647
0.02806000  2961.996713111765
0.02808000  2961.5839713058826
0.02810000  2961.1712295
0.02812000  2960.758487694118
0.02814000  2960.3457458882353
0.02816000  2959.9330040823534
0.02818000  2959.520262276471
0.02820000  2959.1075204705885
0.02822000  2958.694778664706
0.02824000  2958.2820368588236
0.02826000  2957.869295052941
0.02828000  2957.456553247059
0.02830000  2957.043811441177
0.02832000  2956.6310696352944
0.02834000  2956.218327829412
0.02836000  2955.8055860235295
0.02838000  2955.392844217647
0.02840000  2954.980102411765
0.02842000  2954.5673606058826
0.02844000  2954.1546188
0.02846000  2953.741876994118
0.02848000  2953.3291351882353
0.02850000  2952.9163933823534
0.02852000  2952.503651576471
0.02854000  2952.0909097705885
0.02856000  2951.678167964706
0.02858000  2951.2654261588236
0.02860000  2950.852684352941
0.02862000  2950.439942547059
0.02864000  2950.027200741177
0.02866000  2949.6144589352944
0.02868000  2949.201717129412
0.02870000  2948.7889753235295
0.02872000  2948.376233517647
0.02874000  2947.963491711765
0.02876000  2947.5507499058826
0.02878000  2947.1380081
0.02880000  2946.725266294118
0.02882000  2946.3125244882353
0.02884000  2945.8997826823534
0.02886000  2945.487040876471
0.02888000  2945.0742990705885
0.02890000  2944.661557264706
0.02892000  2944.2488154588236
0.02894000  2943.836073652941
0.02896000  2943.423331847059
0.02898000  2943.010590041177
0.02900000  2942.5978482352944
0.02902000  2942.185106429412
0.02904000  2941.7723646235295
0.02906000  2941.359622817647
0.02908000  2940.946881011765
0.02910000  2940.5341392058826
0.02912000  2940.1213974
0.02914000  2939.7086555941178
0.02916000  2939.2959137882353
0.02918000  2938.8831719823534
0.02920000  2938.470430176471
0.02922000  2938.0576883705885
0.02924000  2937.644946564706
0.02926000  2937.2322047588236
0.02928000  2936.819462952941
0.02930000  2936.406721147059
0.02932000  2935.993979341177
0.02934000  2935.5812375352943
0.02936000  2935.168495729412
0.02938000  2934.7557539235295
0.02940000  2934.343012117647
0.02942000  2933.930270311765
0.02944000  2933.5175285058826
0.02946000  2933.1047867
0.02948000  2932.6920448941178
0.02950000  2932.2793030882353
0.02952000  2931.8665612823534
0.02954000  2931.453819476471
0.02956000  2931.0410776705885
0.02958000  2930.628335864706
0.02960000  2930.2155940588236
0.02962000  2929.802852252941
0.02964000  2929.390110447059
0.02966000  2928.977368641177
0.02968000  2928.5646268352943
0.02970000  2928.151885029412
0.02972000  2927.7391432235295
0.02974000  2927.3264014176475
0.02976000  2926.913659611765
0.02978000  2926.5009178058826
0.02980000  2926.088176
0.02982000  2925.6754341941178
0.02984000  2925.2626923882353
0.02986000  2924.8499505823534
0.02988000  2924.437208776471
0.02990000  2924.0244669705885
0.02992000  2923.611725164706
0.02994000  2923.1989833588236
0.02996000  2922.786241552941
0.02998000  2922.373499747059
0.03000000  2921.960757941177
0.03002000  2921.5480161352943
0.03004000  2921.135274329412
0.03006000  2920.7225325235295
0.03008000  2920.309790717647
0.03010000  2919.897048911765
0.03012000  2919.4843071058826
0.03014000  2919.0715653
0.03016000  2918.6588234941178
0.03018000  2918.2460816882353
0.03020000  2917.8333398823534
0.03022000  2917.420598076471
0.03024000  2917.0078562705885
0.03026000  2916.595114464706
0.03028000  2916.1823726588236
0.03030000  2915.769630852941
0.03032000  2915.356889047059
0.03034000  2914.944147241177
0.03036000  2914.5314054352943
0.03038000  2914.118663629412
0.03040000  2913.7059218235295
0.03042000  2913.2931800176475
0.03044000  2912.880438211765
0.03046000  2912.4676964058826
0.03048000  2912.0549546
0.03050000  2911.6422127941178
0.03052000  2911.2294709882353
0.03054000  2910.8167291823534
0.03056000  2910.403987376471
0.03058000  2909.9912455705885
0.03060000  2909.578503764706
0.03062000  2909.1657619588236
0.03064000  2908.753020152941
0.03066000  2908.340278347059
0.03068000  2907.927536541177
0.03070000  2907.5147947352943
0.03072000  2907.102052929412
0.03074000  2906.6893111235295
0.03076000  2906.276569317647
0.03078000  2905.863827511765
0.03080000  2905.4510857058826
0.03082000  2905.0383439
0.03084000  2904.6256020941178
0.03086000  2904.2128602882353
0.03088000  2903.8001184823534
0.03090000  2903.387376676471
0.03092000  2902.9746348705885
0.03094000  2902.561893064706
0.03096000  2902.1491512588236
0.03098000  2901.736409452941
0.03100000  2901.323667647059
0.03102000  2900.910925841177
0.03104000  2900.4981840352943
0.03106000  2900.085442229412
0.03108000  2899.6727004235295
0.03110000  2899.2599586176475
0.03112000  2898.847216811765
0.03114000  2898.4344750058826
0.03116000  2898.0217332
0.03118000  2897.6089913941178
0.03120000  2897.1962495882353
0.03122000  2896.7835077823534
0.03124000  2896.370765976471
0.03126000  2895.9580241705885
0.03128000  2895.545282364706
0.03130000  2895.1325405588236
0.03132000  2894.719798752941
0.03134000  2894.307056947059
0.03136000  2893.894315141177
0.03138000  2893.4815733352943
0.03140000  2893.068831529412
0.03142000  2892.6560897235295
0.03144000  2892.243347917647
0.03146000  2891.830606111765
0.03148000  2891.4178643058826
0.03150000  2891.0051225
0.03152000  2890.5923806941178
0.03154000  2890.1796388882353
0.03156000  2889.7668970823534
0.03158000  2889.354155276471
0.03160000  2888.9414134705885
0.03162000  2888.528671664706
0.03164000  2888.1159298588236
0.03166000  2887.703188052941
0.03168000  2887.290446247059
0.03170000  2886.877704441177
0.03172000  2886.4649626352943
0.03174000  2886.052220829412
0.03176000  2885.6394790235295
0.03178000  2885.2267372176475
0.03180000  2884.813995411765
0.03182000  2884.4012536058826
0.03184000  2883.9885118
0.03186000  2883.5757699941178
0.03188000  2883.1630281882353
0.03190000  2882.7502863823534
0.03192000  2882.337544576471
0.03194000  2881.9248027705885
0.03196000  2881.512060964706
0.03198000  2881.0993191588236
0.03200000  2880.686577352941
0.03202000  2880.273835547059
0.03204000  2879.861093741177
0.03206000  2879.4483519352943
0.03208000  2879.035610129412
0.03210000  2878.6228683235295
0.03212000  2878.210126517647
0.03214000  2877.797384711765
0.03216000  2877.3846429058826
0.03218000  2876.9719011
0.03220000  2876.5591592941178
0.03222000  2876.1464174882353
0.03224000  2875.7336756823534
0.03226000  2875.320933876471
0.03228000  2874.9081920705885
0.03230000  2874.495450264706
0.03232000  2874.0827084588236
0.03234000  2873.669966652941
0.03236000  2873.257224847059
0.03238000  2872.8444830411768
0.03240000  2872.4317412352943
0.03242000  2872.018999429412
0.03244000  2871.6062576235295
0.03246000  2871.1935158176475
0.03248000  2870.780774011765
0.03250000  2870.3680322058826
0.03252000  2869.9552904
0.03254000  2869.5425485941178
0.03256000  2869.1298067882353
0.03258000  2868.7170649823533
0.03260000  2868.304323176471
0.03262000  2867.8915813705885
0.03264000  2867.478839564706
0.03266000  2867.0660977588236
0.03268000  2866.653355952941
0.03270000  2866.240614147059
0.03272000  2865.8278723411768
0.03274000  2865.4151305352943
0.03276000  2865.002388729412
0.03278000  2864.5896469235295
0.03280000  2864.176905117647
0.03282000  2863.764163311765
0.03284000  2863.3514215058826
0.03286000  2862.9386797
0.03288000  2862.5259378941178
0.03290000  2862.1131960882353
0.03292000  2861.7004542823533
0.03294000  2861.287712476471
0.03296000  2860.8749706705885
0.03298000  2860.462228864706
0.03300000  2860.0494870588236
0.03302000  2859.636745252941
0.03304000  2859.224003447059
0.03306000  2858.8112616411768
0.03308000  2858.3985198352943
0.03310000  2857.985778029412
0.03312000  2857.5730362235295
0.03314000  2857.1602944176475
0.03316000  2856.747552611765
0.03318000  2856.3348108058826
0.03320000  2855.922069
0.03322000  2855.5093271941178
0.03324000  2855.0965853882353
0.03326000  2854.6838435823533
0.03328000  2854.271101776471
0.03330000  2853.8583599705885
0.03332000  2853.445618164706
0.03334000  2853.0328763588236
0.03336000  2852.620134552941
0.03338000  2852.207392747059
0.03340000  2851.7946509411768
0.03342000  2851.3819091352943
0.03344000  2850.969167329412
0.03346000  2850.5564255235295
0.03348000  2850.143683717647
0.03350000  2849.730941911765
0.03352000  2849.3182001058826
0.03354000  2848.9054583
0.03356000  2848.4927164941178
0.03358000  2848.0799746882353
0.03360000  2847.6672328823533
0.03362000  2847.254491076471
0.03364000  2846.8417492705885
0.03366000  2846.429007464706
0.03368000  2846.0162656588236
0.03370000  2845.603523852941
0.03372000  2845.190782047059
0.03374000  2844.7780402411768
0.03376000  2844.3652984352943
0.03378000  2843.952556629412
0.03380000  2843.5398148235295
0.03382000  2843.1270730176475
0.03384000  2842.714331211765
0.03386000  2842.3015894058826
0.03388000  2841.8888476
0.03390000  2841.4761057941178
0.03392000  2841.0633639882353
0.03394000  2840.6506221823533
0.03396000  2840.237880376471
0.03398000  2839.8251385705885
0.03400000  2839.412396764706
0.03402000  2838.9996549588236
0.03404000  2838.586913152941
0.03406000  2838.174171347059
0.03408000  2837.7614295411768
0.03410000  2837.3486877352943
0.03412000  2836.935945929412
0.03414000  2836.5232041235295
0.03416000  2836.110462317647
0.03418000  2835.697720511765
0.03420000  2835.2849787058826
0.03422000  2834.8722369
0.03424000  2834.4594950941178
0.03426000  2834.0467532882353
0.03428000  2833.6340114823533
0.03430000  2833.221269676471
0.03432000  2832.8085278705885
0.03434000  2832.395786064706
0.03436000  2831.9830442588236
0.03438000  2831.570302452941
0.03440000  2831.157560647059
0.03442000  2830.7448188411768
0.03444000  2830.3320770352943
0.03446000  2829.919335229412
0.03448000  2829.5065934235295
0.03450000  2829.0938516176475
0.03452000  2828.681109811765
0.03454000  2828.2683680058826
0.03456000  2827.8556262
0.03458000  2827.4428843941178
0.03460000  2827.0301425882353
0.03462000  2826.6174007823533
0.03464000  2826.204658976471
0.03466000  2825.7919171705885
0.03468000  2825.379175364706
0.03470000  2824.9664335588236
0.03472000  2824.553691752941
0.03474000  2824.140949947059
0.03476000  2823.7282081411768
0.03478000  2823.3154663352943
0.03480000  2822.902724529412
0.03482000  2822.4899827235295
0.03484000  2822.077240917647
0.03486000  2821.664499111765
0.03488000  2821.2517573058826
0.03490000  2820.8390155
0.03492000  2820.4262736941178
0.03494000  2820.0135318882353
0.03496000  2819.6007900823533
0.03498000  2819.188048276471
0.03500000  2818.7753064705885
0.03502000  2818.362564664706
0.03504000  2817.9498228588236
0.03506000  2817.537081052941
0.03508000  2817.124339247059
0.03510000  2816.7115974411768
0.03512000  2816.2988556352943
0.03514000  2815.886113829412
0.03516000  2815.4733720235295
0.03518000  2815.0606302176475
0.03520000  2814.647888411765
0.03522000  2814.2351466058826
0.03524000  2813.8224048
0.03526000  2813.4096629941178
0.03528000  2812.9969211882353
0.03530000  2812.5841793823533
0.03532000  2812.171437576471
0.03534000  2811.7586957705885
0.03536000  2811.345953964706
0.03538000  2810.9332121588236
0.03540000  2810.520470352941
0.03542000  2810.107728547059
0.03544000  2809.6949867411768
0.03546000  2809.2822449352943
0.03548000  2808.869503129412
0.03550000  2808.4567613235295
0.03552000  2808.044019517647
0.03554000  2807.631277711765
0.03556000  2807.2185359058826
0.03558000  2806.8057941
0.03560000  2806.3930522941178
0.03562000  2805.9803104882353
0.03564000  2805.5675686823533
0.03566000  2805.154826876471
0.03568000  2804.7420850705885
0.03570000  2804.329343264706
0.03572000  2803.9166014588236
0.03574000  2803.503859652941
0.03576000  2803.091117847059
0.03578000  2802.6783760411768
0.03580000  2802.2656342352943
0.03582000  2801.852892429412
0.03584000  2801.4401506235295
0.03586000  2801.0274088176475
0.03588000  2800.614667011765
0.03590000  2800.2019252058826
0.03592000  2799.7891834
0.03594000  2799.3764415941178
0.03596000  2798.9636997882353
0.03598000  2798.550957982353
0.03600000  2798.138216176471
0.03602000  2797.7254743705885
0.03604000  2797.312732564706
0.03606000  2796.8999907588236
0.03608000  2796.4872489529416
0.03610000  2796.074507147059
0.03612000  2795.6617653411768
0.03614000  2795.2490235352943
0.03616000  2794.836281729412
0.03618000  2794.4235399235295
0.03620000  2794.010798117647
0.03622000  2793.598056311765
0.03624000  2793.1853145058826
0.03626000  2792.7725727
0.03628000  2792.3598308941177
0.03630000  2791.9470890882353
0.03632000  2791.5343472823533
0.03634000  2791.121605476471
0.03636000  2790.7088636705885
0.03638000  2790.296121864706
0.03640000  2789.8833800588236
0.03642000  2789.470638252941
0.03644000  2789.057896447059
0.03646000  2788.6451546411768
0.03648000  2788.2324128352943
0.03650000  2787.819671029412
0.03652000  2787.4069292235295
0.03654000  2786.9941874176475
0.03656000  2786.581445611765
0.03658000  2786.1687038058826
0.03660000  2785.755962
0.03662000  2785.3432201941177
0.03664000  2784.9304783882353
0.03666000  2784.517736582353
0.03668000  2784.104994776471
0.03670000  2783.6922529705885
0.03672000  2783.279511164706
0.03674000  2782.8667693588236
0.03676000  2782.4540275529416
0.03678000  2782.041285747059
0.03680000  2781.6285439411768
0.03682000  2781.2158021352943
0.03684000  2780.803060329412
0.03686000  2780.3903185235295
0.03688000  2779.977576717647
0.03690000  2779.564834911765
0.03692000  2779.1520931058826
0.03694000  2778.7393513
0.03696000  2778.3266094941177
0.03698000  2777.9138676882353
0.03700000  2777.5011258823533
0.03702000  2777.088384076471
0.03704000  2776.6756422705885
0.03706000  2776.262900464706
0.03708000  2775.8501586588236
0.03710000  2775.437416852941
0.03712000  2775.024675047059
0.03714000  2774.6119332411768
0.03716000  2774.1991914352943
0.03718000  2773.786449629412
0.03720000  2773.3737078235295
0.03722000  2772.9609660176475
0.03724000  2772.548224211765
0.03726000  2772.1354824058826
0.03728000  2771.7227406
0.03730000  2771.3099987941177
0.03732000  2770.8972569882353
0.03734000  2770.484515182353
0.03736000  2770.071773376471
0.03738000  2769.6590315705885
0.03740000  2769.246289764706
0.03742000  2768.8335479588236
0.03744000  2768.4208061529416
0.03746000  2768.008064347059
0.03748000  2767.5953225411768
0.03750000  2767.1825807352943
0.03752000  2766.769838929412
0.03754000  2766.3570971235295
0.03756000  2765.944355317647
0.03758000  2765.531613511765
0.03760000  2765.1188717058826
0.03762000  2764.7061299
0.03764000  2764.2933880941177
0.03766000  2763.8806462882353
0.03768000  2763.4679044823533
0.03770000  2763.055162676471
0.03772000  2762.6424208705885
0.03774000  2762.229679064706
0.03776000  2761.8169372588236
0.03778000  2761.404195452941
0.03780000  2760.991453647059
0.03782000  2760.5787118411768
0.03784000  2760.1659700352943
0.03786000  2759.753228229412
0.03788000  2759.3404864235295
0.03790000  2758.9277446176475
0.03792000  2758.515002811765
0.03794000  2758.1022610058826
0.03796000  2757.6895192
0.03798000  2757.2767773941177
0.03800000  2756.8640355882353
0.03802000  2756.451293782353
0.03804000  2756.038551976471
0.03806000  2755.6258101705885
0.03808000  2755.213068364706
0.03810000  2754.8003265588236
0.03812000  2754.3875847529416
0.03814000  2753.974842947059
0.03816000  2753.5621011411768
0.03818000  2753.1493593352943
0.03820000  2752.736617529412
0.03822000  2752.3238757235295
0.03824000  2751.911133917647
0.03826000  2751.498392111765
0.03828000  2751.0856503058826
0.03830000  2750.6729085
0.03832000  2750.2601666941177
0.03834000  2749.8474248882353
0.03836000  2749.4346830823533
0.03838000  2749.021941276471
0.03840000  2748.6091994705885
0.03842000  2748.196457664706
0.03844000  2747.7837158588236
0.03846000  2747.370974052941
0.03848000  2746.958232247059
0.03850000  2746.5454904411768
0.03852000  2746.1327486352943
0.03854000  2745.720006829412
0.03856000  2745.3072650235295
0.03858000  2744.8945232176475
0.03860000  2744.481781411765
0.03862000  2744.0690396058826
0.03864000  2743.6562978
0.03866000  2743.2435559941177
0.03868000  2742.8308141882353
0.03870000  2742.4180723823533
0.03872000  2742.005330576471
0.03874000  2741.5925887705885
0.03876000  2741.179846964706
0.03878000  2740.7671051588236
0.03880000  2740.3543633529416
0.03882000  2739.941621547059
0.03884000  2739.5288797411768
0.03886000  2739.1161379352943
0.03888000  2738.703396129412
0.03890000  2738.2906543235295
0.03892000  2737.877912517647
0.03894000  2737.465170711765
0.03896000  2737.0524289058826
0.03898000  2736.6396871
0.03900000  2736.2269452941177
0.03902000  2735.8142034882353
0.03904000  2735.4014616823533
0.03906000  2734.988719876471
0.03908000  2734.5759780705885
0.03910000  2734.163236264706
0.03912000  2733.7504944588236
0.03914000  2733.337752652941
0.03916000  2732.925010847059
0.03918000  2732.5122690411768
0.03920000  2732.0995272352943
0.03922000  2731.686785429412
0.03924000  2731.2740436235295
0.03926000  2730.8613018176475
0.03928000  2730.448560011765
0.03930000  2730.0358182058826
0.03932000  2729.6230764
0.03934000  2729.2103345941177
0.03936000  2728.7975927882353
0.03938000  2728.3848509823533
0.03940000  2727.972109176471
0.03942000  2727.5593673705885
0.03944000  2727.146625564706
0.03946000  2726.7338837588236
0.03948000  2726.3211419529416
0.03950000  2725.908400147059
0.03952000  2725.4956583411767
0.03954000  2725.0829165352943
0.03956000  2724.670174729412
0.03958000  2724.2574329235294
0.03960000  2723.844691117647
0.03962000  2723.431949311765
0.03964000  2723.0192075058826
0.03966000  2722.6064657
0.03968000  2722.1937238941177
0.03970000  2721.7809820882353
0.03972000  2721.3682402823533
0.03974000  2720.955498476471
0.03976000  2720.5427566705885
0.03978000  2720.130014864706
0.03980000  2719.7172730588236
0.03982000  2719.304531252941
0.03984000  2718.891789447059
0.03986000  2718.4790476411767
0.03988000  2718.0663058352943
0.03990000  2717.653564029412
0.03992000  2717.2408222235294
0.03994000  2716.8280804176475
0.03996000  2716.415338611765
0.03998000  2716.0025968058826
0.04000000  2715.589855
0.04002000  2712.580015
0.04004000  2709.807713
0.04006000  2707.24906
0.04008000  2704.876438
0.04010000  2702.530587
0.04012000  2699.728219
0.04014000  2695.969962
0.04016000  2690.909237
0.04018000  2684.151216
0.04020000  2675.256218
0.04022000  2663.164289
0.04024000  2644.688026
0.04026000  2615.940158
0.04028000  2572.026009
0.04030000  2506.106774
0.04032000  2408.897511
0.04034000  2269.343623
0.04036000  2078.162712
0.04038000  1840.257375
0.04040000  1585.78445
0.04042000  1337.868304
0.04044000  1094.829342
0.04046000  841.887416
0.04048000  576.355441
0.04050000  343.718832
0.04052000  198.713531
0.04054000  124.901961
0.04056000  92.566011
0.04058000  83.700896
0.04060000  95.644826
0.04062000  138.632287
0.04064000  238.226022
0.04066000  429.202528
0.04068000  719.131377
0.04070000  1075.924516
0.04072000  1452.209497
0.04074000  1806.267178
0.04076000  2113.452783
0.04078000  2363.906379
0.04080000  2556.867607
0.04082000  2699.119338
0.04084000  2801.401503
0.04086000  2874.368627
0.04088000  2926.556957
0.04090000  2964.156704
0.04092000  2991.481981
0.04094000  3011.505766
0.04096000  3026.281075
0.04098000  3037.246228
0.04100000  3045.422333
0.04102000  3051.531824
0.04104000  3056.103789
0.04106000  3059.519961
0.04108000  3062.062265
0.04110000  3063.950282
0.04112000  3065.343612
0.04114000  3066.363419
0.04116000  3067.09625
0.04118000  3067.612991
0.04120000  3067.962406
0.04122000  3068.183946
0.04124000  3068.309722
0.04126000  3068.359312
0.04128000  3068.35577
0.04130000  3068.311493
0.04132000  3068.237096
0.04134000  3068.146736
0.04136000  3068.047493
0.04138000  3067.948223
0.04140000  3067.852473
0.04142000  3067.76202
0.04144000  3067.678642
0.04146000  3067.600569
0.04148000  3067.527804
0.04150000  3067.462127
0.04152000  3067.403539
0.04154000  3067.35027
0.04156000  3067.300546
0.04158000  3067.256143
0.04160000  3067.215288
0.04162000  3067.177981
0.04164000  3067.142448
0.04166000  3067.110465
0.04168000  3067.080257
0.04170000  3067.050046
0.04172000  3067.023387
0.04174000  3066.996726
0.04176000  3066.971841
0.04178000  3066.946954
0.04180000  3066.923844
0.04182000  3066.900732
0.04184000  3066.879396
0.04186000  3066.85806
0.04188000  3066.836722
0.04190000  3066.817161
0.04192000  3066.797599
0.04194000  3066.778036
0.04196000  3066.760251
0.04198000  3066.742465
0.04200000  3066.726457
0.04202000  3066.708669
0.04204000  3066.692659
0.04206000  3066.678428
0.04208000  3066.662417
0.04210000  3066.648184
0.04212000  3066.633951
0.04214000  3066.621497
0.04216000  3066.607263
0.04218000  3066.594807
0.04220000  3066.582352
0.04222000  3066.571675
0.04224000  3066.560998
0.04226000  3066.550321
0.04228000  3066.539643
0.04230000  3066.528965
0.04232000  3066.520067
0.04234000  3066.511168
0.04236000  3066.502269
0.04238000  3066.49515
0.04240000  3066.486251
0.04242000  3066.479131
0.04244000  3066.472012
0.04246000  3066.466672
0.04248000  3066.459552
0.04250000  3066.454212
0.04252000  3066.448872
0.04254000  3066.443532
0.04256000  3066.439971
0.04258000  3066.434631
0.04260000  3066.431071
0.04262000  3066.42751
0.04264000  3066.42395
0.04266000  3066.42217
0.04268000  3066.41861
0.04270000  3066.416829
0.04272000  3066.415049
0.04274000  3066.413269
0.04276000  3066.413269
0.04278000  3066.411489
0.04280000  3066.411489
0.04282000  3066.411489
0.04284000  3066.411489
0.04286000  3066.411489
0.04288000  3066.411489
0.04290000  3066.413269
0.04292000  3066.413269
0.04294000  3066.415049
0.04296000  3066.416829
0.04298000  3066.41861
0.04300000  3066.42039
0.04302000  3066.007648194118
0.04304000  3065.5949063882354
0.04306000  3065.1821645823534
0.04308000  3064.769422776471
0.04310000  3064.3566809705885
0.04312000  3063.943939164706
0.04314000  3063.5311973588236
0.04316000  3063.118455552941
0.04318000  3062.7057137470592
0.04320000  3062.292971941177
0.04322000  3061.8802301352944
0.04324000  3061.467488329412
0.04326000  3061.0547465235295
0.04328000  3060.642004717647
0.04330000  3060.229262911765
0.04332000  3059.8165211058827
0.04334000  3059.4037793
0.04336000  3058.991037494118
0.04338000  3058.5782956882354
0.04340000  3058.1655538823534
0.04342000  3057.752812076471
0.04344000  3057.3400702705885
0.04346000  3056.927328464706
0.04348000  3056.5145866588236
0.04350000  3056.101844852941
0.04352000  3055.6891030470592
0.04354000  3055.276361241177
0.04356000  3054.8636194352944
0.04358000  3054.450877629412
0.04360000  3054.0381358235295
0.04362000  3053.625394017647
0.04364000  3053.212652211765
0.04366000  3052.7999104058827
0.04368000  3052.3871686
0.04370000  3051.974426794118
0.04372000  3051.5616849882354
0.04374000  3051.1489431823534
0.04376000  3050.736201376471
0.04378000  3050.3234595705885
0.04380000  3049.910717764706
0.04382000  3049.4979759588236
0.04384000  3049.085234152941
0.04386000  3048.6724923470592
0.04388000  3048.259750541177
0.04390000  3047.8470087352944
0.04392000  3047.434266929412
0.04394000  3047.0215251235295
0.04396000  3046.608783317647
0.04398000  3046.196041511765
0.04400000  3045.7832997058827
0.04402000  3045.3705579
0.04404000  3044.957816094118
0.04406000  3044.5450742882354
0.04408000  3044.1323324823534
0.04410000  3043.719590676471
0.04412000  3043.3068488705885
0.04414000  3042.894107064706
0.04416000  3042.4813652588236
0.04418000  3042.068623452941
0.04420000  3041.6558816470592
0.04422000  3041.243139841177
0.04424000  3040.8303980352944
0.04426000  3040.417656229412
0.04428000  3040.0049144235295
0.04430000  3039.592172617647
0.04432000  3039.179430811765
0.04434000  3038.7666890058827
0.04436000  3038.3539472
0.04438000  3037.941205394118
0.04440000  3037.5284635882354
0.04442000  3037.1157217823534
0.04444000  3036.702979976471
0.04446000  3036.2902381705885
0.04448000  3035.877496364706
0.04450000  3035.4647545588236
0.04452000  3035.052012752941
0.04454000  3034.6392709470592
0.04456000  3034.226529141177
0.04458000  3033.8137873352944
0.04460000  3033.401045529412
0.04462000  3032.9883037235295
0.04464000  3032.575561917647
0.04466000  3032.162820111765
0.04468000  3031.7500783058827
0.04470000  3031.3373365
0.04472000  3030.924594694118
0.04474000  3030.5118528882354
0.04476000  3030.0991110823534
0.04478000  3029.686369276471
0.04480000  3029.2736274705885
0.04482000  3028.860885664706
0.04484000  3028.4481438588236
0.04486000  3028.035402052941
0.04488000  3027.6226602470592
0.04490000  3027.209918441177
0.04492000  3026.7971766352944
0.04494000  3026.384434829412
0.04496000  3025.9716930235295
0.04498000  3025.558951217647
0.04500000  3025.146209411765
0.04502000  3024.7334676058827
0.04504000  3024.3207258
0.04506000  3023.907983994118
0.04508000  3023.4952421882354
0.04510000  3023.0825003823534
0.04512000  3022.669758576471
0.04514000  3022.2570167705885
0.04516000  3021.844274964706
0.04518000  3021.4315331588236
0.04520000  3021.018791352941
0.04522000  3020.6060495470592
0.04524000  3020.193307741177
0.04526000  3019.7805659352944
0.04528000  3019.367824129412
0.04530000  3018.9550823235295
0.04532000  3018.542340517647
0.04534000  3018.129598711765
0.04536000  3017.7168569058827
0.04538000  3017.3041151
0.04540000  3016.891373294118
0.04542000  3016.4786314882354
0.04544000  3016.0658896823534
0.04546000  3015.653147876471
0.04548000  3015.2404060705885
0.04550000  3014.827664264706
0.04552000  3014.4149224588236
0.04554000  3014.002180652941
0.04556000  3013.5894388470592
0.04558000  3013.176697041177
0.04560000  3012.7639552352944
0.04562000  3012.351213429412
0.04564000  3011.9384716235295
0.04566000  3011.525729817647
0.04568000  3011.112988011765
0.04570000  3010.7002462058826
0.04572000  3010.2875044
0.04574000  3009.874762594118
0.04576000  3009.4620207882353
0.04578000  3009.0492789823534
0.04580000  3008.636537176471
0.04582000  3008.2237953705885
0.04584000  3007.811053564706
0.04586000  3007.3983117588236
0.04588000  3006.985569952941
0.04590000  3006.572828147059
0.04592000  3006.160086341177
0.04594000  3005.7473445352944
0.04596000  3005.334602729412
0.04598000  3004.9218609235295
0.04600000  3004.509119117647
0.04602000  3004.096377311765
0.04604000  3003.6836355058826
0.04606000  3003.2708937
0.04608000  3002.858151894118
0.04610000  3002.4454100882353
0.04612000  3002.0326682823534
0.04614000  3001.619926476471
0.04616000  3001.2071846705885
0.04618000  3000.794442864706
0.04620000  3000.3817010588236
0.04622000  2999.968959252941
0.04624000  2999.556217447059
0.04626000  2999.143475641177
0.04628000  2998.7307338352944
0.04630000  2998.317992029412
0.04632000  2997.9052502235295
0.04634000  2997.492508417647
0.04636000  2997.079766611765
0.04638000  2996.6670248058826
0.04640000  2996.254283
0.04642000  2995.841541194118
0.04644000  2995.4287993882353
0.04646000  2995.0160575823534
0.04648000  2994.603315776471
0.04650000  2994.1905739705885
0.04652000  2993.777832164706
0.04654000  2993.3650903588236
0.04656000  2992.952348552941
0.04658000  2992.539606747059
0.04660000  2992.126864941177
0.04662000  2991.7141231352944
0.04664000  2991.301381329412
0.04666000  2990.8886395235295
0.04668000  2990.475897717647
0.04670000  2990.063155911765
0.04672000  2989.6504141058826
0.04674000  2989.2376723
0.04676000  2988.824930494118
0.04678000  2988.4121886882353
0.04680000  2987.9994468823534
0.04682000  2987.586705076471
0.04684000  2987.1739632705885
0.04686000  2986.761221464706
0.04688000  2986.3484796588236
0.04690000  2985.935737852941
0.04692000  2985.522996047059
0.04694000  2985.110254241177
0.04696000  2984.6975124352944
0.04698000  2984.284770629412
0.04700000  2983.8720288235295
0.04702000  2983.459287017647
0.04704000  2983.046545211765
0.04706000  2982.6338034058826
0.04708000  2982.2210616
0.04710000  2981.808319794118
0.04712000  2981.3955779882353
0.04714000  2980.9828361823534
0.04716000  2980.570094376471
0.04718000  2980.1573525705885
0.04720000  2979.744610764706
0.04722000  2979.3318689588236
0.04724000  2978.919127152941
0.04726000  2978.506385347059
0.04728000  2978.093643541177
0.04730000  2977.6809017352944
0.04732000  2977.268159929412
0.04734000  2976.8554181235295
0.04736000  2976.442676317647
0.04738000  2976.029934511765
0.04740000  2975.6171927058826
0.04742000  2975.2044509
0.04744000  2974.791709094118
0.04746000  2974.3789672882353
0.04748000  2973.9662254823534
0.04750000  2973.553483676471
0.04752000  2973.1407418705885
0.04754000  2972.728000064706
0.04756000  2972.3152582588236
0.04758000  2971.902516452941
0.04760000  2971.489774647059
0.04762000  2971.077032841177
0.04764000  2970.6642910352944
0.04766000  2970.251549229412
0.04768000  2969.8388074235295
0.04770000  2969.426065617647
0.04772000  2969.013323811765
0.04774000  2968.6005820058826
0.04776000  2968.1878402
0.04778000  2967.775098394118
0.04780000  2967.3623565882353
0.04782000  2966.9496147823534
0.04784000  2966.536872976471
0.04786000  2966.1241311705885
0.04788000  2965.711389364706
0.04790000  2965.2986475588236
0.04792000  2964.885905752941
0.04794000  2964.473163947059
0.04796000  2964.060422141177
0.04798000  2963.6476803352944
0.04800000  2963.234938529412
0.04802000  2962.8221967235295
0.04804000  2962.409454917647
0.04806000  2961.996713111765
0.04808000  2961.5839713058826
0.04810000  2961.1712295
0.04812000  2960.758487694118
0.04814000  2960.3457458882353
0.04816000  2959.9330040823534
0.04818000  2959.520262276471
0.04820000  2959.1075204705885
0.04822000  2958.694778664706
0.04824000  2958.2820368588236
0.04826000  2957.869295052941
0.04828000  2957.456553247059
0.04830000  2957.043811441177
0.04832000  2956.6310696352944
0.04834000  2956.218327829412
0.04836000  2955.8055860235295
0.04838000  2955.392844217647
0.04840000  2954.980102411765
0.04842000  2954.5673606058826
0.04844000  2954.1546188
0.04846000  2953.741876994118
0.04848000  2953.3291351882353
0.04850000  2952.9163933823534
0.04852000  2952.503651576471
0.04854000  2952.0909097705885
0.04856000  2951.678167964706
0.04858000  2951.2654261588236
0.04860000  2950.852684352941
0.04862000  2950.439942547059
0.04864000  2950.027200741177
0.04866000  2949.6144589352944
0.04868000  2949.201717129412
0.04870000  2948.7889753235295
0.04872000  2948.376233517647
0.04874000  2947.963491711765
0.04876000  2947.5507499058826
0.04878000  2947.1380081
0.04880000  2946.725266294118
0.04882000  2946.3125244882353
0.04884000  2945.8997826823534
0.04886000  2945.487040876471
0.04888000  2945.0742990705885
0.04890000  2944.661557264706
0.04892000  2944.2488154588236
0.04894000  2943.836073652941
0.04896000  2943.423331847059
0.04898000  2943.010590041177
0.04900000  2942.5978482352944
0.04902000  2942.185106429412
0.04904000  2941.7723646235295
0.04906000  2941.359622817647
0.04908000  2940.946881011765
0.04910000  2940.5341392058826
0.04912000  2940.1213974
0.04914000  2939.7086555941178
0.04916000  2939.2959137882353
0.04918000  2938.8831719823534
0.04920000  2938.470430176471
0.04922000  2938.0576883705885
0.04924000  2937.644946564706
0.04926000  2937.2322047588236
0.04928000  2936.819462952941
0.04930000  2936.406721147059
0.04932000  2935.993979341177
0.04934000  2935.5812375352943
0.04936000  2935.168495729412
0.04938000  2934.7557539235295
0.04940000  2934.343012117647
0.04942000  2933.930270311765
0.04944000  2933.5175285058826
0.04946000  2933.1047867
0.04948000  2932.6920448941178
0.04950000  2932.2793030882353
0.04952000  2931.8665612823534
0.04954000  2931.453819476471
0.04956000  2931.0410776705885
0.04958000  2930.628335864706
0.04960000  2930.2155940588236
0.04962000  2929.802852252941
0.04964000  2929.390110447059
0.04966000  2928.977368641177
0.04968000  2928.5646268352943
0.04970000  2928.151885029412
0.04972000  2927.7391432235295
0.04974000  2927.3264014176475
0.04976000  2926.913659611765
0.04978000  2926.5009178058826
0.04980000  2926.088176
0.04982000  2925.6754341941178
0.04984000  2925.2626923882353
0.04986000  2924.8499505823534
0.04988000  2924.437208776471
0.04990000  2924.0244669705885
0.04992000  2923.611725164706
0.04994000  2923.1989833588236
0.04996000  2922.786241552941
0.04998000  2922.373499747059
0.05000000  2921.960757941177
0.05002000  2921.5480161352943
0.05004000  2921.135274329412
0.05006000  2920.7225325235295
0.05008000  2920.309790717647
0.05010000  2919.897048911765
0.05012000  2919.4843071058826
0.05014000  2919.0715653
0.05016000  2918.6588234941178
0.05018000  2918.2460816882353
0.05020000  2917.8333398823534
0.05022000  2917.420598076471
0.05024000  2917.0078562705885
0.05026000  2916.595114464706
0.05028000  2916.1823726588236
0.05030000  2915.769630852941
0.05032000  2915.356889047059
0.05034000  2914.944147241177
0.05036000  2914.5314054352943
0.05038000  2914.118663629412
0.05040000  2913.7059218235295
0.05042000  2913.2931800176475
0.05044000  2912.880438211765
0.05046000  2912.4676964058826
0.05048000  2912.0549546
0.05050000  2911.6422127941178
0.05052000  2911.2294709882353
0.05054000  2910.8167291823534
0.05056000  2910.403987376471
0.05058000  2909.9912455705885
0.05060000  2909.578503764706
0.05062000  2909.1657619588236
0.05064000  2908.753020152941
0.05066000  2908.340278347059
0.05068000  2907.927536541177
0.05070000  2907.5147947352943
0.05072000  2907.102052929412
0.05074000  2906.6893111235295
0.05076000  2906.276569317647
0.05078000  2905.863827511765
0.05080000  2905.4510857058826
0.05082000  2905.0383439
0.05084000  2904.6256020941178
0.05086000  2904.2128602882353
0.05088000  2903.8001184823534
0.05090000  2903.387376676471
0.05092000  2902.9746348705885
0.05094000  2902.561893064706
0.05096000  2902.1491512588236
0.05098000  2901.736409452941
0.05100000  2901.323667647059
0.05102000  2900.910925841177
0.05104000  2900.4981840352943
0.05106000  2900.085442229412
0.05108000  2899.6727004235295
0.05110000  2899.2599586176475
0.05112000  2898.847216811765
0.05114000  2898.4344750058826
0.05116000  2898.0217332
0.05118000  2897.6089913941178
0.05120000  2897.1962495882353
0.05122000  2896.7835077823534
0.05124000  2896.370765976471
0.05126000  2895.9580241705885
0.05128000  2895.545282364706
0.05130000  2895.1325405588236
0.05132000  2894.719798752941
0.05134000  2894.307056947059
0.05136000  2893.894315141177
0.05138000  2893.4815733352943
0.05140000  2893.068831529412
0.05142000  2892.6560897235295
0.05144000  2892.243347917647
0.05146000  2891.830606111765
0.05148000  2891.4178643058826
0.05150000  2891.0051225
0.05152000  2890.5923806941178
0.05154000  2890.1796388882353
0.05156000  2889.7668970823534
0.05158000  2889.354155276471
0.05160000  2888.9414134705885
0.05162000  2888.528671664706
0.05164000  2888.1159298588236
0.05166000  2887.703188052941
0.05168000  2887.290446247059
0.05170000  2886.877704441177
0.05172000  2886.4649626352943
0.05174000  2886.052220829412
0.05176000  2885.6394790235295
0.05178000  2885.2267372176475
0.05180000  2884.813995411765
0.05182000  2884.4012536058826
0.05184000  2883.9885118
0.05186000  2883.5757699941178
0.05188000  2883.1630281882353
0.05190000  2882.7502863823534
0.05192000  2882.337544576471
0.05194000  2881.9248027705885
0.05196000  2881.512060964706
0.05198000  2881.0993191588236
0.05200000  2880.686577352941
0.05202000  2880.273835547059
0.05204000  2879.861093741177
0.05206000  2879.4483519352943
0.05208000  2879.035610129412
0.05210000  2878.6228683235295
0.05212000  2878.210126517647
0.05214000  2877.797384711765
0.05216000  2877.3846429058826
0.05218000  2876.9719011
0.05220000  2876.5591592941178
0.05222000  2876.1464174882353
0.05224000  2875.7336756823534
0.05226000  2875.320933876471
0.05228000  2874.9081920705885
0.05230000  2874.495450264706
0.05232000  2874.0827084588236
0.05234000  2873.669966652941
0.05236000  2873.257224847059
0.05238000  2872.8444830411768
0.05240000  2872.4317412352943
0.05242000  2872.018999429412
0.05244000  2871.6062576235295
0.05246000  2871.1935158176475
0.05248000  2870.780774011765
0.05250000  2870.3680322058826
0.05252000  2869.9552904
0.05254000  2869.5425485941178
0.05256000  2869.1298067882353
0.05258000  2868.7170649823533
0.05260000  2868.304323176471
0.05262000  2867.8915813705885
0.05264000  2867.478839564706
0.05266000  2867.0660977588236
0.05268000  2866.653355952941
0.05270000  2866.240614147059
0.05272000  2865.8278723411768
0.05274000  2865.4151305352943
0.05276000  2865.002388729412
0.05278000  2864.5896469235295
0.05280000  2864.176905117647
0.05282000  2863.764163311765
0.05284000  2863.3514215058826
0.05286000  2862.9386797
0.05288000  2862.5259378941178
0.05290000  2862.1131960882353
0.05292000  2861.7004542823533
0.05294000  2861.287712476471
0.05296000  2860.8749706705885
0.05298000  2860.462228864706
0.05300000  2860.0494870588236
0.05302000  2859.636745252941
0.05304000  2859.224003447059
0.05306000  2858.8112616411768
0.05308000  2858.3985198352943
0.05310000  2857.985778029412
0.05312000  2857.5730362235295
0.05314000  2857.1602944176475
0.05316000  2856.747552611765
0.05318000  2856.3348108058826
0.05320000  2855.922069
0.05322000  2855.5093271941178
0.05324000  2855.0965853882353
0.05326000  2854.6838435823533
0.05328000  2854.271101776471
0.05330000  2853.8583599705885
0.05332000  2853.445618164706
0.05334000  2853.0328763588236
0.05336000  2852.620134552941
0.05338000  2852.207392747059
0.05340000  2851.7946509411768
0.05342000  2851.3819091352943
0.05344000  2850.969167329412
0.05346000  2850.5564255235295
0.05348000  2850.143683717647
0.05350000  2849.730941911765
0.05352000  2849.3182001058826
0.05354000  2848.9054583
0.05356000  2848.4927164941178
0.05358000  2848.0799746882353
0.05360000  2847.6672328823533
0.05362000  2847.254491076471
0.05364000  2846.8417492705885
0.05366000  2846.429007464706
0.05368000  2846.0162656588236
0.05370000  2845.603523852941
0.05372000  2845.190782047059
0.05374000  2844.7780402411768
0.05376000  2844.3652984352943
0.05378000  2843.952556629412
0.05380000  2843.5398148235295
0.05382000  2843.1270730176475
0.05384000  2842.714331211765
0.05386000  2842.3015894058826
0.05388000  2841.8888476
0.05390000  2841.4761057941178
0.05392000  2841.0633639882353
0.05394000  2840.6506221823533
0.05396000  2840.237880376471
0.05398000  2839.8251385705885
0.05400000  2839.412396764706
0.05402000  2838.9996549588236
0.05404000  2838.586913152941
0.05406000  2838.174171347059
0.05408000  2837.7614295411768
0.05410000  2837.3486877352943
0.05412000  2836.935945929412
0.05414000  2836.5232041235295
0.05416000  2836.110462317647
0.05418000  2835.697720511765
0.05420000  2835.2849787058826
0.05422000  2834.8722369
0.05424000  2834.4594950941178
0.05426000  2834.0467532882353
0.05428000  2833.6340114823533
0.05430000  2833.221269676471
0.05432000  2832.8085278705885
0.05434000  2832.395786064706
0.05436000  2831.9830442588236
0.05438000  2831.570302452941
0.05440000  2831.157560647059
0.05442000  2830.7448188411768
0.05444000  2830.3320770352943
0.05446000  2829.919335229412
0.05448000  2829.5065934235295
0.05450000  2829.0938516176475
0.05452000  2828.681109811765
0.05454000  2828.2683680058826
0.05456000  2827.8556262
0.05458000  2827.4428843941178
0.05460000  2827.0301425882353
0.05462000  2826.6174007823533
0.05464000  2826.204658976471
0.05466000  2825.7919171705885
0.05468000  2825.379175364706
0.05470000  2824.9664335588236
0.05472000  2824.553691752941
0.05474000  2824.140949947059
0.05476000  2823.7282081411768
0.05478000  2823.3154663352943
0.05480000  2822.902724529412
0.05482000  2822.4899827235295
0.05484000  2822.077240917647
0.05486000  2821.664499111765
0.05488000  2821.2517573058826
0.05490000  2820.8390155
0.05492000  2820.4262736941178
0.05494000  2820.0135318882353
0.05496000  2819.6007900823533
0.05498000  2819.188048276471
0.05500000  2818.7753064705885
0.05502000  2818.362564664706
0.05504000  2817.9498228588236
0.05506000  2817.537081052941
0.05508000  2817.124339247059
0.05510000  2816.7115974411768
0.05512000  2816.2988556352943
0.05514000  2815.886113829412
0.05516000  2815.4733720235295
0.05518000  2815.0606302176475
0.05520000  2814.647888411765
0.05522000  2814.2351466058826
0.05524000  2813.8224048
0.05526000  2813.4096629941178
0.05528000  2812.9969211882353
0.05530000  2812.5841793823533
0.05532000  2812.171437576471
0.05534000  2811.7586957705885
0.05536000  2811.345953964706
0.05538000  2810.9332121588236
0.05540000  2810.520470352941
0.05542000  2810.107728547059
0.05544000  2809.6949867411768
0.05546000  2809.2822449352943
0.05548000  2808.869503129412
0.05550000  2808.4567613235295
0.05552000  2808.044019517647
0.05554000  2807.631277711765
0.05556000  2807.2185359058826
0.05558000  2806.8057941
0.05560000  2806.3930522941178
0.05562000  2805.9803104882353
0.05564000  2805.5675686823533
0.05566000  2805.154826876471
0.05568000  2804.7420850705885
0.05570000  2804.329343264706
0.05572000  2803.9166014588236
0.05574000  2803.503859652941
0.05576000  2803.091117847059
0.05578000  2802.6783760411768
0.05580000  2802.2656342352943
0.05582000  2801.852892429412
0.05584000  2801.4401506235295
0.05586000  2801.0274088176475
0.05588000  2800.614667011765
0.05590000  2800.2019252058826
0.05592000  2799.7891834
0.05594000  2799.3764415941178
0.05596000  2798.9636997882353
0.05598000  2798.550957982353
0.05600000  2798.138216176471
0.05602000  2797.7254743705885
0.05604000  2797.312732564706
0.05606000  2796.8999907588236
0.05608000  2796.4872489529416
0.05610000  2796.074507147059
0.05612000  2795.6617653411768
0.05614000  2795.2490235352943
0.05616000  2794.836281729412
0.05618000  2794.4235399235295
0.05620000  2794.010798117647
0.05622000  2793.598056311765
0.05624000  2793.1853145058826
0.05626000  2792.7725727
0.05628000  2792.3598308941177
0.05630000  2791.9470890882353
0.05632000  2791.5343472823533
0.05634000  2791.121605476471
0.05636000  2790.7088636705885
0.05638000  2790.296121864706
0.05640000  2789.8833800588236
0.05642000  2789.470638252941
0.05644000  2789.057896447059
0.05646000  2788.6451546411768
0.05648000  2788.2324128352943
0.05650000  2787.819671029412
0.05652000  2787.4069292235295
0.05654000  2786.9941874176475
0.05656000  2786.581445611765
0.05658000  2786.1687038058826
0.05660000  2785.755962
0.05662000  2785.3432201941177
0.05664000  2784.9304783882353
0.05666000  2784.517736582353
0.05668000  2784.104994776471
0.05670000  2783.6922529705885
0.05672000  2783.279511164706
0.05674000  2782.8667693588236
0.05676000  2782.4540275529416
0.05678000  2782.041285747059
0.05680000  2781.6285439411768
0.05682000  2781.2158021352943
0.05684000  2780.803060329412
0.05686000  2780.3903185235295
0.05688000  2779.977576717647
0.05690000  2779.564834911765
0.05692000  2779.1520931058826
0.05694000  2778.7393513
0.05696000  2778.3266094941177
0.05698000  2777.9138676882353
0.05700000  2777.5011258823533
0.05702000  2777.088384076471
0.05704000  2776.6756422705885
0.05706000  2776.262900464706
0.05708000  2775.8501586588236
0.05710000  2775.437416852941
0.05712000  2775.024675047059
0.05714000  2774.6119332411768
0.05716000  2774.1991914352943
0.05718000  2773.786449629412
0.05720000  2773.3737078235295
0.05722000  2772.9609660176475
0.05724000  2772.548224211765
0.05726000  2772.1354824058826
0.05728000  2771.7227406
0.05730000  2771.3099987941177
0.05732000  2770.8972569882353
0.05734000  2770.484515182353
0.05736000  2770.071773376471
0.05738000  2769.6590315705885
0.05740000  2769.246289764706
0.05742000  2768.8335479588236
0.05744000  2768.4208061529416
0.05746000  2768.008064347059
0.05748000  2767.5953225411768
0.05750000  2767.1825807352943
0.05752000  2766.769838929412
0.05754000  2766.3570971235295
0.05756000  2765.944355317647
0.05758000  2765.531613511765
0.05760000  2765.1188717058826
0.05762000  2764.7061299
0.05764000  2764.2933880941177
0.05766000  2763.8806462882353
0.05768000  2763.4679044823533
0.05770000  2763.055162676471
0.05772000  2762.6424208705885
0.05774000  2762.229679064706
0.05776000  2761.8169372588236
0.05778000  2761.404195452941
0.05780000  2760.991453647059
0.05782000  2760.5787118411768
0.05784000  2760.1659700352943
0.05786000  2759.753228229412
0.05788000  2759.3404864235295
0.05790000  2758.9277446176475
0.05792000  2758.515002811765
0.05794000  2758.1022610058826
0.05796000  2757.6895192
0.05798000  2757.2767773941177
0.05800000  2756.8640355882353
0.05802000  2756.451293782353
0.05804000  2756.038551976471
0.05806000  2755.6258101705885
0.05808000  2755.213068364706
0.05810000  2754.8003265588236
0.05812000  2754.3875847529416
0.05814000  2753.974842947059
0.05816000  2753.5621011411768
0.05818000  2753.1493593352943
0.05820000  2752.736617529412
0.05822000  2752.3238757235295
0.05824000  2751.911133917647
0.05826000  2751.498392111765
0.05828000  2751.0856503058826
0.05830000  2750.6729085
0.05832000  2750.2601666941177
0.05834000  2749.8474248882353
0.05836000  2749.4346830823533
0.05838000  2749.021941276471
0.05840000  2748.6091994705885
0.05842000  2748.196457664706
0.05844000  2747.7837158588236
0.05846000  2747.370974052941
0.05848000  2746.958232247059
0.05850000  2746.5454904411768
0.05852000  2746.1327486352943
0.05854000  2745.720006829412
0.05856000  2745.3072650235295
0.05858000  2744.8945232176475
0.05860000  2744.481781411765
0.05862000  2744.0690396058826
0.05864000  2743.6562978
0.05866000  2743.2435559941177
0.05868000  2742.8308141882353
0.05870000  2742.4180723823533
0.05872000  2742.005330576471
0.05874000  2741.5925887705885
0.05876000  2741.179846964706
0.05878000  2740.7671051588236
0.05880000  2740.3543633529416
0.05882000  2739.941621547059
0.05884000  2739.5288797411768
0.05886000  2739.1161379352943
0.05888000  2738.703396129412
0.05890000  2738.2906543235295
0.05892000  2737.877912517647
0.05894000  2737.465170711765
0.05896000  2737.0524289058826
0.05898000  2736.6396871
0.05900000  2736.2269452941177
0.05902000  2735.8142034882353
0.05904000  2735.4014616823533
0.05906000  2734.988719876471
0.05908000  2734.5759780705885
0.05910000  2734.163236264706
0.05912000  2733.7504944588236
0.05914000  2733.337752652941
0.05916000  2732.925010847059
0.05918000  2732.5122690411768
0.05920000  2732.0995272352943
0.05922000  2731.686785429412
0.05924000  2731.2740436235295
0.05926000  2730.8613018176475
0.05928000  2730.448560011765
0.05930000  2730.0358182058826
0.05932000  2729.6230764
0.05934000  2729.2103345941177
0.05936000  2728.7975927882353
0.05938000  2728.3848509823533
0.05940000  2727.972109176471
0.05942000  2727.5593673705885
0.05944000  2727.146625564706
0.05946000  2726.7338837588236
0.05948000  2726.3211419529416
0.05950000  2725.908400147059
0.05952000  2725.4956583411767
0.05954000  2725.0829165352943
0.05956000  2724.670174729412
0.05958000  2724.2574329235294
0.05960000  2723.844691117647
0.05962000  2723.431949311765
0.05964000  2723.0192075058826
0.05966000  2722.6064657
0.05968000  2722.1937238941177
0.05970000  2721.7809820882353
0.05972000  2721.3682402823533
0.05974000  2720.955498476471
0.05976000  2720.5427566705885
0.05978000  2720.130014864706
0.05980000  2719.7172730588236
0.05982000  2719.304531252941
0.05984000  2718.891789447059
0.05986000  2718.4790476411767
0.05988000  2718.0663058352943
0.05990000  2717.653564029412
0.05992000  2717.2408222235294
0.05994000  2716.8280804176475
0.05996000  2716.415338611765
0.05998000  2716.0025968058826
0.06000000  2715.589855
0.06002000  2712.580015
0.06004000  2709.807713
0.06006000  2707.24906
0.06008000  2704.876438
0.06010000  2702.530587
0.06012000  2699.728219
0.06014000  2695.969962
0.06016000  2690.909237
0.06018000  2684.151216
0.06020000  2675.256218
0.06022000  2663.164289
0.06024000  2644.688026
0.06026000  2615.940158
0.06028000  2572.026009
0.06030000  2506.106774
0.06032000  2408.897511
0.06034000  2269.343623
0.06036000  2078.162712
0.06038000  1840.257375
0.06040000  1585.78445
0.06042000  1337.868304
0.06044000  1094.829342
0.06046000  841.887416
0.06048000  576.355441
0.06050000  343.718832
0.06052000  198.713531
0.06054000  124.901961
0.06056000  92.566011
0.06058000  83.700896
0.06060000  95.644826
0.06062000  138.632287
0.06064000  238.226022
0.06066000  429.202528
0.06068000  719.131377
0.06070000  1075.924516
0.06072000  1452.209497
0.06074000  1806.267178
0.06076000  2113.452783
0.06078000  2363.906379
0.06080000  2556.867607
0.06082000  2699.119338
0.06084000  2801.401503
0.06086000  2874.368627
0.06088000  2926.556957
0.06090000  2964.156704
0.06092000  2991.481981
0.06094000  3011.505766
0.06096000  3026.281075
0.06098000  3037.246228
0.06100000  3045.422333
0.06102000  3051.531824
0.06104000  3056.103789
0.06106000  3059.519961
0.06108000  3062.062265
0.06110000  3063.950282
0.06112000  3065.343612
0.06114000  3066.363419
0.06116000  3067.09625
0.06118000  3067.612991
0.06120000  3067.962406
0.06122000  3068.183946
0.06124000  3068.309722
0.06126000  3068.359312
0.06128000  3068.35577
0.06130000  3068.311493
0.06132000  3068.237096
0.06134000  3068.146736
0.06136000  3068.047493
0.06138000  3067.948223
0.06140000  3067.852473
0.06142000  3067.76202
0.06144000  3067.678642
0.06146000  3067.600569
0.06148000  3067.527804
0.06150000  3067.462127
0.06152000  3067.403539
0.06154000  3067.35027
0.06156000  3067.300546
0.06158000  3067.256143
0.06160000  3067.215288
0.06162000  3067.177981
0.06164000  3067.142448
0.06166000  3067.110465
0.06168000  3067.080257
0.06170000  3067.050046
0.06172000  3067.023387
0.06174000  3066.996726
0.06176000  3066.971841
0.06178000  3066.946954
0.06180000  3066.923844
0.06182000  3066.900732
0.06184000  3066.879396
0.06186000  3066.85806
0.06188000  3066.836722
0.06190000  3066.817161
0.06192000  3066.797599
0.06194000  3066.778036
0.06196000  3066.760251
0.06198000  3066.742465
0.06200000  3066.726457
0.06202000  3066.708669
0.06204000  3066.692659
0.06206000  3066.678428
0.06208000  3066.662417
0.06210000  3066.648184
0.06212000  3066.633951
0.06214000  3066.621497
0.06216000  3066.607263
0.06218000  3066.594807
0.06220000  3066.582352
0.06222000  3066.571675
0.06224000  3066.560998
0.06226000  3066.550321
0.06228000  3066.539643
0.06230000  3066.528965
0.06232000  3066.520067
0.06234000  3066.511168
0.06236000  3066.502269
0.06238000  3066.49515
0.06240000  3066.486251
0.06242000  3066.479131
0.06244000  3066.472012
0.06246000  3066.466672
0.06248000  3066.459552
0.06250000  3066.454212
0.06252000  3066.448872
0.06254000  3066.443532
0.06256000  3066.439971
0.06258000  3066.434631
0.06260000  3066.431071
0.06262000  3066.42751
0.06264000  3066.42395
0.06266000  3066.42217
0.06268000  3066.41861
0.06270000  3066.416829
0.06272000  3066.415049
0.06274000  3066.413269
0.06276000  3066.413269
0.06278000  3066.411489
0.06280000  3066.411489
0.06282000  3066.411489
0.06284000  3066.411489
0.06286000  3066.411489
0.06288000  3066.411489
0.06290000  3066.413269
0.06292000  3066.413269
0.06294000  3066.415049
0.06296000  3066.416829
0.06298000  3066.41861
0.06300000  3066.42039
