0.00000000  2715.576916
0.00002000  2712.567034
0.00004000  2709.791439
0.00006000  2707.232741
0.00008000  2704.863349
0.00010000  2702.517465
0.00012000  2699.715059
0.00014000  2695.953446
0.00016000  2690.892633
0.00018000  2684.134496
0.00020000  2675.239346
0.00022000  2663.147213
0.00024000  2644.67412
0.00026000  2615.918741
0.00028000  2571.988947
0.00030000  2506.032697
0.00032000  2408.718837
0.00034000  2268.923831
0.00036000  2077.254265
0.00038000  1838.493865
0.00040000  1582.77067
0.00042000  1333.309755
0.00044000  1088.641154
0.00046000  834.432308
0.00048000  568.664566
0.00050000  337.034768
0.00052000  193.15277
0.00054000  119.970601
0.00056000  87.564855
0.00058000  77.735584
0.00060000  86.898989
0.00062000  122.865653
0.00064000  206.278298
0.00066000  366.391809
0.00068000  613.586483
0.00070000  929.098042
0.00072000  1279.036574
0.00074000  1627.070529
0.00076000  1945.491127
0.00078000  2217.3828
0.00080000  2434.865065
0.00082000  2599.906985
0.00084000  2721.223183
0.00086000  2809.283779
0.00088000  2873.194841
0.00090000  2919.859916
0.00092000  2954.22738
0.00094000  2979.761136
0.00096000  2998.882163
0.00098000  3013.304093
0.00100000  3024.246935
0.00102000  3032.585591
0.00104000  3038.956874
0.00106000  3043.834963
0.00108000  3047.566486
0.00110000  3050.4236
0.00112000  3052.607406
0.00114000  3054.272237
0.00116000  3055.5327
0.00118000  3056.480394
0.00120000  3057.183262
0.00122000  3057.693636
0.00124000  3058.054136
0.00126000  3058.299738
0.00128000  3058.454296
0.00130000  3058.541548
0.00132000  3058.577898
0.00134000  3058.579715
0.00136000  3058.559723
0.00138000  3058.527008
0.00140000  3058.494289
0.00142000  3058.45975
0.00144000  3058.427026
0.00146000  3058.396117
0.00148000  3058.368842
0.00150000  3058.347021
0.00152000  3058.330655
0.00154000  3058.317924
0.00156000  3058.31065
0.00158000  3058.307013
0.00160000  3058.305194
0.00162000  3058.308831
0.00164000  3058.314287
0.00166000  3058.321562
0.00168000  3058.330655
0.00170000  3058.341566
0.00172000  3058.352476
0.00174000  3058.365205
0.00176000  3058.379752
0.00178000  3058.394298
0.00180000  3058.410662
0.00182000  3058.425207
0.00184000  3058.44157
0.00186000  3058.45975
0.00188000  3058.476111
0.00190000  3058.494289
0.00192000  3058.512466
0.00194000  3058.530643
0.00196000  3058.548818
0.00198000  3058.568811
0.00200000  3058.588802
0.00202000  3058.606975
0.00204000  3058.626964
0.00206000  3058.648769
0.00208000  3058.668756
0.00210000  3058.688742
0.00212000  3058.710543
0.00214000  3058.730527
0.00216000  3058.752326
0.00218000  3058.774124
0.00220000  3058.795921
0.00222000  3058.817717
0.00224000  3058.841327
0.00226000  3058.86312
0.00228000  3058.886728
0.00230000  3058.908518
0.00232000  3058.932123
0.00234000  3058.955727
0.00236000  3058.979329
0.00238000  3059.002929
0.00240000  3059.026528
0.00242000  3059.050126
0.00244000  3059.073722
0.00246000  3059.099132
0.00248000  3059.122725
0.00250000  3059.148131
0.00252000  3059.173536
0.00254000  3059.198939
0.00256000  3059.222526
0.00258000  3059.247926
0.00260000  3059.273324
0.00262000  3059.300534
0.00264000  3059.325929
0.00266000  3059.351322
0.00268000  3059.376713
0.00270000  3059.403916
0.00272000  3059.429304
0.00274000  3059.456503
0.00276000  3059.4837
0.00278000  3059.509083
0.00280000  3059.536277
0.00282000  3059.563468
0.00284000  3059.590658
0.00286000  3059.617846
0.00288000  3059.645032
0.00290000  3059.672216
0.00292000  3059.699398
0.00294000  3059.726578
0.00296000  3059.753756
0.00298000  3059.780933
0.00300000  3059.809919
0.00302000  3059.4049389964703
0.00304000  3058.999958992941
0.00306000  3058.5949789894116
0.00308000  3058.189998985882
0.00310000  3057.7850189823525
0.00312000  3057.3800389788234
0.00314000  3056.975058975294
0.00316000  3056.5700789717644
0.00318000  3056.1650989682353
0.00320000  3055.7601189647057
0.00322000  3055.355138961176
0.00324000  3054.950158957647
0.00326000  3054.5451789541175
0.00328000  3054.140198950588
0.00330000  3053.7352189470585
0.00332000  3053.3302389435294
0.00334000  3052.92525894
0.00336000  3052.5202789364703
0.00338000  3052.115298932941
0.00340000  3051.7103189294116
0.00342000  3051.305338925882
0.00344000  3050.9003589223526
0.00346000  3050.4953789188235
0.00348000  3050.090398915294
0.00350000  3049.6854189117644
0.00352000  3049.2804389082353
0.00354000  3048.8754589047057
0.00356000  3048.470478901176
0.00358000  3048.0654988976466
0.00360000  3047.6605188941176
0.00362000  3047.255538890588
0.00364000  3046.8505588870585
0.00366000  3046.4455788835294
0.00368000  3046.04059888
0.00370000  3045.6356188764703
0.00372000  3045.230638872941
0.00374000  3044.8256588694117
0.00376000  3044.420678865882
0.00378000  3044.0156988623526
0.00380000  3043.6107188588235
0.00382000  3043.205738855294
0.00384000  3042.8007588517644
0.00386000  3042.3957788482353
0.00388000  3041.9907988447058
0.00390000  3041.585818841176
0.00392000  3041.1808388376467
0.00394000  3040.7758588341176
0.00396000  3040.370878830588
0.00398000  3039.9658988270585
0.00400000  3039.5609188235294
0.00402000  3039.15593882
0.00404000  3038.7509588164703
0.00406000  3038.345978812941
0.00408000  3037.9409988094117
0.00410000  3037.536018805882
0.00412000  3037.1310388023526
0.00414000  3036.7260587988235
0.00416000  3036.321078795294
0.00418000  3035.9160987917644
0.00420000  3035.5111187882353
0.00422000  3035.1061387847058
0.00424000  3034.701158781176
0.00426000  3034.2961787776467
0.00428000  3033.8911987741176
0.00430000  3033.486218770588
0.00432000  3033.0812387670585
0.00434000  3032.6762587635294
0.00436000  3032.27127876
0.00438000  3031.8662987564703
0.00440000  3031.461318752941
0.00442000  3031.0563387494117
0.00444000  3030.651358745882
0.00446000  3030.2463787423526
0.00448000  3029.8413987388235
0.00450000  3029.436418735294
0.00452000  3029.0314387317644
0.00454000  3028.6264587282353
0.00456000  3028.221478724706
0.00458000  3027.8164987211762
0.00460000  3027.4115187176467
0.00462000  3027.0065387141176
0.00464000  3026.601558710588
0.00466000  3026.1965787070585
0.00468000  3025.7915987035294
0.00470000  3025.3866187
0.00472000  3024.9816386964703
0.00474000  3024.576658692941
0.00476000  3024.1716786894117
0.00478000  3023.766698685882
0.00480000  3023.3617186823526
0.00482000  3022.9567386788235
0.00484000  3022.551758675294
0.00486000  3022.1467786717644
0.00488000  3021.7417986682353
0.00490000  3021.336818664706
0.00492000  3020.9318386611762
0.00494000  3020.5268586576467
0.00496000  3020.1218786541176
0.00498000  3019.716898650588
0.00500000  3019.3119186470585
0.00502000  3018.9069386435294
0.00504000  3018.50195864
0.00506000  3018.0969786364703
0.00508000  3017.691998632941
0.00510000  3017.2870186294117
0.00512000  3016.882038625882
0.00514000  3016.4770586223526
0.00516000  3016.0720786188235
0.00518000  3015.667098615294
0.00520000  3015.2621186117644
0.00522000  3014.8571386082353
0.00524000  3014.452158604706
0.00526000  3014.0471786011763
0.00528000  3013.6421985976467
0.00530000  3013.2372185941176
0.00532000  3012.832238590588
0.00534000  3012.4272585870585
0.00536000  3012.0222785835294
0.00538000  3011.61729858
0.00540000  3011.2123185764704
0.00542000  3010.807338572941
0.00544000  3010.4023585694117
0.00546000  3009.997378565882
0.00548000  3009.5923985623526
0.00550000  3009.1874185588235
0.00552000  3008.782438555294
0.00554000  3008.3774585517644
0.00556000  3007.972478548235
0.00558000  3007.567498544706
0.00560000  3007.1625185411763
0.00562000  3006.7575385376467
0.00564000  3006.3525585341176
0.00566000  3005.947578530588
0.00568000  3005.5425985270585
0.00570000  3005.1376185235295
0.00572000  3004.73263852
0.00574000  3004.3276585164704
0.00576000  3003.922678512941
0.00578000  3003.5176985094117
0.00580000  3003.112718505882
0.00582000  3002.7077385023526
0.00584000  3002.3027584988236
0.00586000  3001.897778495294
0.00588000  3001.4927984917645
0.00590000  3001.087818488235
0.00592000  3000.682838484706
0.00594000  3000.2778584811763
0.00596000  2999.8728784776467
0.00598000  2999.4678984741176
0.00600000  2999.062918470588
0.00602000  2998.6579384670586
0.00604000  2998.2529584635295
0.00606000  2997.84797846
0.00608000  2997.4429984564704
0.00610000  2997.038018452941
0.00612000  2996.6330384494117
0.00614000  2996.228058445882
0.00616000  2995.8230784423527
0.00618000  2995.4180984388236
0.00620000  2995.013118435294
0.00622000  2994.6081384317645
0.00624000  2994.203158428235
0.00626000  2993.798178424706
0.00628000  2993.3931984211763
0.00630000  2992.9882184176467
0.00632000  2992.5832384141177
0.00634000  2992.178258410588
0.00636000  2991.7732784070586
0.00638000  2991.3682984035295
0.00640000  2990.9633184
0.00642000  2990.5583383964704
0.00644000  2990.153358392941
0.00646000  2989.7483783894118
0.00648000  2989.343398385882
0.00650000  2988.9384183823527
0.00652000  2988.5334383788236
0.00654000  2988.128458375294
0.00656000  2987.7234783717645
0.00658000  2987.318498368235
0.00660000  2986.913518364706
0.00662000  2986.5085383611763
0.00664000  2986.1035583576468
0.00666000  2985.6985783541177
0.00668000  2985.293598350588
0.00670000  2984.8886183470586
0.00672000  2984.4836383435295
0.00674000  2984.07865834
0.00676000  2983.6736783364704
0.00678000  2983.268698332941
0.00680000  2982.8637183294118
0.00682000  2982.458738325882
0.00684000  2982.0537583223527
0.00686000  2981.6487783188236
0.00688000  2981.243798315294
0.00690000  2980.8388183117645
0.00692000  2980.433838308235
0.00694000  2980.028858304706
0.00696000  2979.6238783011763
0.00698000  2979.218898297647
0.00700000  2978.8139182941177
0.00702000  2978.408938290588
0.00704000  2978.0039582870586
0.00706000  2977.598978283529
0.00708000  2977.19399828
0.00710000  2976.7890182764704
0.00712000  2976.384038272941
0.00714000  2975.979058269412
0.00716000  2975.5740782658822
0.00718000  2975.1690982623527
0.00720000  2974.7641182588236
0.00722000  2974.359138255294
0.00724000  2973.9541582517645
0.00726000  2973.549178248235
0.00728000  2973.144198244706
0.00730000  2972.7392182411763
0.00732000  2972.334238237647
0.00734000  2971.9292582341177
0.00736000  2971.524278230588
0.00738000  2971.1192982270586
0.00740000  2970.714318223529
0.00742000  2970.30933822
0.00744000  2969.9043582164704
0.00746000  2969.499378212941
0.00748000  2969.094398209412
0.00750000  2968.6894182058822
0.00752000  2968.2844382023527
0.00754000  2967.879458198823
0.00756000  2967.474478195294
0.00758000  2967.0694981917645
0.00760000  2966.664518188235
0.00762000  2966.259538184706
0.00764000  2965.8545581811763
0.00766000  2965.449578177647
0.00768000  2965.0445981741177
0.00770000  2964.639618170588
0.00772000  2964.2346381670586
0.00774000  2963.829658163529
0.00776000  2963.42467816
0.00778000  2963.0196981564704
0.00780000  2962.614718152941
0.00782000  2962.209738149412
0.00784000  2961.8047581458823
0.00786000  2961.3997781423527
0.00788000  2960.994798138823
0.00790000  2960.589818135294
0.00792000  2960.1848381317645
0.00794000  2959.779858128235
0.00796000  2959.374878124706
0.00798000  2958.9698981211764
0.00800000  2958.564918117647
0.00802000  2958.1599381141177
0.00804000  2957.754958110588
0.00806000  2957.3499781070586
0.00808000  2956.944998103529
0.00810000  2956.5400181
0.00812000  2956.1350380964705
0.00814000  2955.730058092941
0.00816000  2955.325078089412
0.00818000  2954.9200980858823
0.00820000  2954.5151180823527
0.00822000  2954.110138078823
0.00824000  2953.705158075294
0.00826000  2953.3001780717645
0.00828000  2952.895198068235
0.00830000  2952.490218064706
0.00832000  2952.0852380611764
0.00834000  2951.680258057647
0.00836000  2951.2752780541177
0.00838000  2950.870298050588
0.00840000  2950.4653180470586
0.00842000  2950.060338043529
0.00844000  2949.65535804
0.00846000  2949.2503780364705
0.00848000  2948.845398032941
0.00850000  2948.440418029412
0.00852000  2948.0354380258823
0.00854000  2947.6304580223527
0.00856000  2947.225478018823
0.00858000  2946.820498015294
0.00860000  2946.4155180117646
0.00862000  2946.010538008235
0.00864000  2945.605558004706
0.00866000  2945.2005780011764
0.00868000  2944.795597997647
0.00870000  2944.3906179941177
0.00872000  2943.985637990588
0.00874000  2943.5806579870587
0.00876000  2943.175677983529
0.00878000  2942.77069798
0.00880000  2942.3657179764705
0.00882000  2941.960737972941
0.00884000  2941.555757969412
0.00886000  2941.1507779658823
0.00888000  2940.7457979623528
0.00890000  2940.340817958823
0.00892000  2939.935837955294
0.00894000  2939.5308579517646
0.00896000  2939.125877948235
0.00898000  2938.720897944706
0.00900000  2938.3159179411764
0.00902000  2937.910937937647
0.00904000  2937.5059579341173
0.00906000  2937.100977930588
0.00908000  2936.6959979270587
0.00910000  2936.291017923529
0.00912000  2935.88603792
0.00914000  2935.4810579164705
0.00916000  2935.076077912941
0.00918000  2934.671097909412
0.00920000  2934.2661179058823
0.00922000  2933.8611379023528
0.00924000  2933.456157898823
0.00926000  2933.051177895294
0.00928000  2932.6461978917646
0.00930000  2932.241217888235
0.00932000  2931.836237884706
0.00934000  2931.4312578811764
0.00936000  2931.026277877647
0.00938000  2930.6212978741173
0.00940000  2930.2163178705882
0.00942000  2929.8113378670587
0.00944000  2929.406357863529
0.00946000  2929.00137786
0.00948000  2928.5963978564705
0.00950000  2928.191417852941
0.00952000  2927.7864378494114
0.00954000  2927.3814578458823
0.00956000  2926.976477842353
0.00958000  2926.5714978388232
0.00960000  2926.166517835294
0.00962000  2925.7615378317646
0.00964000  2925.356557828235
0.00966000  2924.951577824706
0.00968000  2924.5465978211764
0.00970000  2924.141617817647
0.00972000  2923.7366378141173
0.00974000  2923.3316578105882
0.00976000  2922.9266778070587
0.00978000  2922.521697803529
0.00980000  2922.1167178
0.00982000  2921.7117377964705
0.00984000  2921.306757792941
0.00986000  2920.9017777894114
0.00988000  2920.4967977858823
0.00990000  2920.091817782353
0.00992000  2919.6868377788232
0.00994000  2919.281857775294
0.00996000  2918.8768777717646
0.00998000  2918.471897768235
0.01000000  2918.066917764706
0.01002000  2917.6619377611764
0.01004000  2917.256957757647
0.01006000  2916.8519777541173
0.01008000  2916.4469977505883
0.01010000  2916.0420177470587
0.01012000  2915.637037743529
0.01014000  2915.23205774
0.01016000  2914.8270777364705
0.01018000  2914.422097732941
0.01020000  2914.0171177294114
0.01022000  2913.6121377258823
0.01024000  2913.207157722353
0.01026000  2912.8021777188233
0.01028000  2912.397197715294
0.01030000  2911.9922177117646
0.01032000  2911.587237708235
0.01034000  2911.182257704706
0.01036000  2910.7772777011764
0.01038000  2910.372297697647
0.01040000  2909.9673176941174
0.01042000  2909.5623376905883
0.01044000  2909.1573576870587
0.01046000  2908.752377683529
0.01048000  2908.34739768
0.01050000  2907.9424176764705
0.01052000  2907.537437672941
0.01054000  2907.1324576694115
0.01056000  2906.7274776658824
0.01058000  2906.322497662353
0.01060000  2905.9175176588233
0.01062000  2905.512537655294
0.01064000  2905.1075576517646
0.01066000  2904.702577648235
0.01068000  2904.297597644706
0.01070000  2903.8926176411765
0.01072000  2903.487637637647
0.01074000  2903.0826576341174
0.01076000  2902.6776776305883
0.01078000  2902.2726976270587
0.01080000  2901.867717623529
0.01082000  2901.46273762
0.01084000  2901.0577576164706
0.01086000  2900.652777612941
0.01088000  2900.2477976094115
0.01090000  2899.8428176058824
0.01092000  2899.437837602353
0.01094000  2899.0328575988233
0.01096000  2898.627877595294
0.01098000  2898.2228975917646
0.01100000  2897.817917588235
0.01102000  2897.412937584706
0.01104000  2897.0079575811765
0.01106000  2896.602977577647
0.01108000  2896.1979975741174
0.01110000  2895.7930175705883
0.01112000  2895.3880375670587
0.01114000  2894.983057563529
0.01116000  2894.5780775599997
0.01118000  2894.1730975564706
0.01120000  2893.768117552941
0.01122000  2893.3631375494115
0.01124000  2892.9581575458824
0.01126000  2892.553177542353
0.01128000  2892.1481975388233
0.01130000  2891.743217535294
0.01132000  2891.3382375317647
0.01134000  2890.933257528235
0.01136000  2890.5282775247056
0.01138000  2890.1232975211765
0.01140000  2889.718317517647
0.01142000  2889.3133375141174
0.01144000  2888.9083575105883
0.01146000  2888.5033775070588
0.01148000  2888.098397503529
0.01150000  2887.6934174999997
0.01152000  2887.2884374964706
0.01154000  2886.883457492941
0.01156000  2886.4784774894115
0.01158000  2886.0734974858824
0.01160000  2885.668517482353
0.01162000  2885.2635374788233
0.01164000  2884.858557475294
0.01166000  2884.4535774717647
0.01168000  2884.048597468235
0.01170000  2883.6436174647056
0.01172000  2883.2386374611765
0.01174000  2882.833657457647
0.01176000  2882.4286774541174
0.01178000  2882.0236974505883
0.01180000  2881.6187174470588
0.01182000  2881.213737443529
0.01184000  2880.8087574399997
0.01186000  2880.4037774364706
0.01188000  2879.998797432941
0.01190000  2879.5938174294115
0.01192000  2879.1888374258824
0.01194000  2878.783857422353
0.01196000  2878.3788774188233
0.01198000  2877.9738974152942
0.01200000  2877.5689174117647
0.01202000  2877.163937408235
0.01204000  2876.7589574047056
0.01206000  2876.3539774011765
0.01208000  2875.948997397647
0.01210000  2875.5440173941174
0.01212000  2875.1390373905883
0.01214000  2874.734057387059
0.01216000  2874.3290773835292
0.01218000  2873.9240973799997
0.01220000  2873.5191173764706
0.01222000  2873.114137372941
0.01224000  2872.7091573694115
0.01226000  2872.3041773658824
0.01228000  2871.899197362353
0.01230000  2871.4942173588233
0.01232000  2871.0892373552942
0.01234000  2870.6842573517647
0.01236000  2870.279277348235
0.01238000  2869.8742973447056
0.01240000  2869.4693173411765
0.01242000  2869.064337337647
0.01244000  2868.6593573341174
0.01246000  2868.2543773305883
0.01248000  2867.849397327059
0.01250000  2867.4444173235293
0.01252000  2867.0394373199997
0.01254000  2866.6344573164706
0.01256000  2866.229477312941
0.01258000  2865.8244973094115
0.01260000  2865.4195173058824
0.01262000  2865.014537302353
0.01264000  2864.6095572988233
0.01266000  2864.2045772952943
0.01268000  2863.7995972917647
0.01270000  2863.394617288235
0.01272000  2862.9896372847056
0.01274000  2862.5846572811765
0.01276000  2862.179677277647
0.01278000  2861.7746972741174
0.01280000  2861.3697172705884
0.01282000  2860.964737267059
0.01284000  2860.5597572635293
0.01286000  2860.1547772599997
0.01288000  2859.7497972564706
0.01290000  2859.344817252941
0.01292000  2858.9398372494115
0.01294000  2858.5348572458824
0.01296000  2858.129877242353
0.01298000  2857.7248972388234
0.01300000  2857.3199172352943
0.01302000  2856.9149372317647
0.01304000  2856.509957228235
0.01306000  2856.1049772247056
0.01308000  2855.6999972211765
0.01310000  2855.295017217647
0.01312000  2854.8900372141175
0.01314000  2854.4850572105884
0.01316000  2854.080077207059
0.01318000  2853.6750972035293
0.01320000  2853.2701171999997
0.01322000  2852.8651371964706
0.01324000  2852.460157192941
0.01326000  2852.0551771894116
0.01328000  2851.6501971858825
0.01330000  2851.245217182353
0.01332000  2850.8402371788234
0.01334000  2850.435257175294
0.01336000  2850.0302771717647
0.01338000  2849.625297168235
0.01340000  2849.2203171647056
0.01342000  2848.8153371611766
0.01344000  2848.410357157647
0.01346000  2848.0053771541175
0.01348000  2847.600397150588
0.01350000  2847.195417147059
0.01352000  2846.7904371435293
0.01354000  2846.3854571399997
0.01356000  2845.9804771364707
0.01358000  2845.575497132941
0.01360000  2845.1705171294116
0.01362000  2844.7655371258825
0.01364000  2844.360557122353
0.01366000  2843.9555771188234
0.01368000  2843.550597115294
0.01370000  2843.1456171117648
0.01372000  2842.740637108235
0.01374000  2842.3356571047057
0.01376000  2841.9306771011766
0.01378000  2841.525697097647
0.01380000  2841.1207170941175
0.01382000  2840.715737090588
0.01384000  2840.310757087059
0.01386000  2839.9057770835293
0.01388000  2839.5007970799998
0.01390000  2839.0958170764707
0.01392000  2838.690837072941
0.01394000  2838.2858570694116
0.01396000  2837.8808770658825
0.01398000  2837.475897062353
0.01400000  2837.0709170588234
0.01402000  2836.665937055294
0.01404000  2836.2609570517648
0.01406000  2835.855977048235
0.01408000  2835.4509970447057
0.01410000  2835.0460170411766
0.01412000  2834.641037037647
0.01414000  2834.2360570341175
0.01416000  2833.831077030588
0.01418000  2833.426097027059
0.01420000  2833.0211170235293
0.01422000  2832.6161370199998
0.01424000  2832.2111570164707
0.01426000  2831.806177012941
0.01428000  2831.4011970094116
0.01430000  2830.9962170058825
0.01432000  2830.591237002353
0.01434000  2830.1862569988234
0.01436000  2829.781276995294
0.01438000  2829.376296991765
0.01440000  2828.9713169882352
0.01442000  2828.5663369847057
0.01444000  2828.1613569811766
0.01446000  2827.756376977647
0.01448000  2827.3513969741175
0.01450000  2826.946416970588
0.01452000  2826.541436967059
0.01454000  2826.1364569635293
0.01456000  2825.73147696
0.01458000  2825.3264969564707
0.01460000  2824.921516952941
0.01462000  2824.5165369494116
0.01464000  2824.1115569458825
0.01466000  2823.706576942353
0.01468000  2823.3015969388234
0.01470000  2822.896616935294
0.01472000  2822.491636931765
0.01474000  2822.0866569282352
0.01476000  2821.6816769247057
0.01478000  2821.2766969211766
0.01480000  2820.871716917647
0.01482000  2820.4667369141175
0.01484000  2820.061756910588
0.01486000  2819.656776907059
0.01488000  2819.2517969035293
0.01490000  2818.8468169
0.01492000  2818.4418368964707
0.01494000  2818.036856892941
0.01496000  2817.6318768894116
0.01498000  2817.2268968858825
0.01500000  2816.821916882353
0.01502000  2816.4169368788234
0.01504000  2816.011956875294
0.01506000  2815.606976871765
0.01508000  2815.2019968682353
0.01510000  2814.7970168647057
0.01512000  2814.3920368611766
0.01514000  2813.987056857647
0.01516000  2813.5820768541175
0.01518000  2813.177096850588
0.01520000  2812.772116847059
0.01522000  2812.3671368435294
0.01524000  2811.96215684
0.01526000  2811.5571768364707
0.01528000  2811.152196832941
0.01530000  2810.7472168294116
0.01532000  2810.3422368258825
0.01534000  2809.937256822353
0.01536000  2809.5322768188234
0.01538000  2809.127296815294
0.01540000  2808.722316811765
0.01542000  2808.3173368082353
0.01544000  2807.9123568047057
0.01546000  2807.507376801176
0.01548000  2807.102396797647
0.01550000  2806.6974167941175
0.01552000  2806.292436790588
0.01554000  2805.887456787059
0.01556000  2805.4824767835294
0.01558000  2805.07749678
0.01560000  2804.6725167764707
0.01562000  2804.267536772941
0.01564000  2803.8625567694116
0.01566000  2803.4575767658825
0.01568000  2803.052596762353
0.01570000  2802.6476167588235
0.01572000  2802.242636755294
0.01574000  2801.837656751765
0.01576000  2801.4326767482353
0.01578000  2801.0276967447057
0.01580000  2800.622716741176
0.01582000  2800.217736737647
0.01584000  2799.8127567341176
0.01586000  2799.407776730588
0.01588000  2799.002796727059
0.01590000  2798.5978167235294
0.01592000  2798.19283672
0.01594000  2797.7878567164707
0.01596000  2797.382876712941
0.01598000  2796.9778967094117
0.01600000  2796.572916705882
0.01602000  2796.167936702353
0.01604000  2795.7629566988235
0.01606000  2795.357976695294
0.01608000  2794.952996691765
0.01610000  2794.5480166882353
0.01612000  2794.1430366847057
0.01614000  2793.738056681176
0.01616000  2793.333076677647
0.01618000  2792.9280966741176
0.01620000  2792.523116670588
0.01622000  2792.118136667059
0.01624000  2791.7131566635294
0.01626000  2791.30817666
0.01628000  2790.9031966564708
0.01630000  2790.498216652941
0.01632000  2790.0932366494117
0.01634000  2789.688256645882
0.01636000  2789.283276642353
0.01638000  2788.8782966388235
0.01640000  2788.473316635294
0.01642000  2788.068336631765
0.01644000  2787.6633566282353
0.01646000  2787.2583766247058
0.01648000  2786.853396621176
0.01650000  2786.448416617647
0.01652000  2786.0434366141176
0.01654000  2785.638456610588
0.01656000  2785.233476607059
0.01658000  2784.8284966035294
0.01660000  2784.4235166
0.01662000  2784.0185365964708
0.01664000  2783.613556592941
0.01666000  2783.2085765894117
0.01668000  2782.803596585882
0.01670000  2782.398616582353
0.01672000  2781.9936365788235
0.01674000  2781.588656575294
0.01676000  2781.1836765717644
0.01678000  2780.7786965682353
0.01680000  2780.373716564706
0.01682000  2779.9687365611762
0.01684000  2779.563756557647
0.01686000  2779.1587765541176
0.01688000  2778.753796550588
0.01690000  2778.348816547059
0.01692000  2777.9438365435294
0.01694000  2777.53885654
0.01696000  2777.133876536471
0.01698000  2776.7288965329412
0.01700000  2776.3239165294117
0.01702000  2775.918936525882
0.01704000  2775.513956522353
0.01706000  2775.1089765188235
0.01708000  2774.703996515294
0.01710000  2774.2990165117644
0.01712000  2773.8940365082353
0.01714000  2773.489056504706
0.01716000  2773.0840765011762
0.01718000  2772.679096497647
0.01720000  2772.2741164941176
0.01722000  2771.869136490588
0.01724000  2771.464156487059
0.01726000  2771.0591764835294
0.01728000  2770.65419648
0.01730000  2770.249216476471
0.01732000  2769.8442364729412
0.01734000  2769.4392564694117
0.01736000  2769.034276465882
0.01738000  2768.629296462353
0.01740000  2768.2243164588235
0.01742000  2767.819336455294
0.01744000  2767.4143564517644
0.01746000  2767.0093764482353
0.01748000  2766.604396444706
0.01750000  2766.1994164411763
0.01752000  2765.794436437647
0.01754000  2765.3894564341176
0.01756000  2764.984476430588
0.01758000  2764.579496427059
0.01760000  2764.1745164235294
0.01762000  2763.76953642
0.01764000  2763.364556416471
0.01766000  2762.9595764129413
0.01768000  2762.5545964094117
0.01770000  2762.149616405882
0.01772000  2761.744636402353
0.01774000  2761.3396563988235
0.01776000  2760.934676395294
0.01778000  2760.5296963917644
0.01780000  2760.1247163882354
0.01782000  2759.719736384706
0.01784000  2759.3147563811763
0.01786000  2758.909776377647
0.01788000  2758.5047963741176
0.01790000  2758.099816370588
0.01792000  2757.694836367059
0.01794000  2757.2898563635295
0.01796000  2756.88487636
0.01798000  2756.4798963564704
0.01800000  2756.0749163529413
0.01802000  2755.6699363494117
0.01804000  2755.264956345882
0.01806000  2754.859976342353
0.01808000  2754.4549963388235
0.01810000  2754.050016335294
0.01812000  2753.6450363317645
0.01814000  2753.2400563282354
0.01816000  2752.835076324706
0.01818000  2752.4300963211763
0.01820000  2752.025116317647
0.01822000  2751.6201363141176
0.01824000  2751.215156310588
0.01826000  2750.810176307059
0.01828000  2750.4051963035295
0.01830000  2750.0002163
0.01832000  2749.5952362964704
0.01834000  2749.1902562929413
0.01836000  2748.7852762894117
0.01838000  2748.380296285882
0.01840000  2747.975316282353
0.01842000  2747.5703362788236
0.01844000  2747.165356275294
0.01846000  2746.7603762717645
0.01848000  2746.3553962682354
0.01850000  2745.950416264706
0.01852000  2745.5454362611763
0.01854000  2745.140456257647
0.01856000  2744.7354762541177
0.01858000  2744.330496250588
0.01860000  2743.925516247059
0.01862000  2743.5205362435295
0.01864000  2743.11555624
0.01866000  2742.7105762364704
0.01868000  2742.3055962329413
0.01870000  2741.9006162294118
0.01872000  2741.495636225882
0.01874000  2741.090656222353
0.01876000  2740.6856762188236
0.01878000  2740.280696215294
0.01880000  2739.8757162117645
0.01882000  2739.4707362082354
0.01884000  2739.065756204706
0.01886000  2738.6607762011763
0.01888000  2738.255796197647
0.01890000  2737.8508161941177
0.01892000  2737.445836190588
0.01894000  2737.040856187059
0.01896000  2736.6358761835295
0.01898000  2736.23089618
0.01900000  2735.8259161764704
0.01902000  2735.4209361729413
0.01904000  2735.0159561694118
0.01906000  2734.610976165882
0.01908000  2734.2059961623527
0.01910000  2733.8010161588236
0.01912000  2733.396036155294
0.01914000  2732.9910561517645
0.01916000  2732.5860761482354
0.01918000  2732.181096144706
0.01920000  2731.7761161411763
0.01922000  2731.371136137647
0.01924000  2730.9661561341177
0.01926000  2730.561176130588
0.01928000  2730.156196127059
0.01930000  2729.7512161235295
0.01932000  2729.34623612
0.01934000  2728.9412561164704
0.01936000  2728.5362761129413
0.01938000  2728.131296109412
0.01940000  2727.7263161058822
0.01942000  2727.3213361023527
0.01944000  2726.9163560988236
0.01946000  2726.511376095294
0.01948000  2726.1063960917645
0.01950000  2725.7014160882354
0.01952000  2725.296436084706
0.01954000  2724.8914560811763
0.01956000  2724.4864760776472
0.01958000  2724.0814960741177
0.01960000  2723.676516070588
0.01962000  2723.271536067059
0.01964000  2722.8665560635295
0.01966000  2722.46157606
0.01968000  2722.0565960564704
0.01970000  2721.6516160529413
0.01972000  2721.246636049412
0.01974000  2720.8416560458822
0.01976000  2720.4366760423527
0.01978000  2720.0316960388236
0.01980000  2719.626716035294
0.01982000  2719.2217360317645
0.01984000  2718.8167560282354
0.01986000  2718.411776024706
0.01988000  2718.0067960211763
0.01990000  2717.6018160176473
0.01992000  2717.1968360141177
0.01994000  2716.791856010588
0.01996000  2716.386876007059
0.01998000  2715.9818960035295
0.02000000  2715.576916
0.02002000  2712.567034
0.02004000  2709.791439
0.02006000  2707.232741
0.02008000  2704.863349
0.02010000  2702.517465
0.02012000  2699.715059
0.02014000  2695.953446
0.02016000  2690.892633
0.02018000  2684.134496
0.02020000  2675.239346
0.02022000  2663.147213
0.02024000  2644.67412
0.02026000  2615.918741
0.02028000  2571.988947
0.02030000  2506.032697
0.02032000  2408.718837
0.02034000  2268.923831
0.02036000  2077.254265
0.02038000  1838.493865
0.02040000  1582.77067
0.02042000  1333.309755
0.02044000  1088.641154
0.02046000  834.432308
0.02048000  568.664566
0.02050000  337.034768
0.02052000  193.15277
0.02054000  119.970601
0.02056000  87.564855
0.02058000  77.735584
0.02060000  86.898989
0.02062000  122.865653
0.02064000  206.278298
0.02066000  366.391809
0.02068000  613.586483
0.02070000  929.098042
0.02072000  1279.036574
0.02074000  1627.070529
0.02076000  1945.491127
0.02078000  2217.3828
0.02080000  2434.865065
0.02082000  2599.906985
0.02084000  2721.223183
0.02086000  2809.283779
0.02088000  2873.194841
0.02090000  2919.859916
0.02092000  2954.22738
0.02094000  2979.761136
0.02096000  2998.882163
0.02098000  3013.304093
0.02100000  3024.246935
0.02102000  3032.585591
0.02104000  3038.956874
0.02106000  3043.834963
0.02108000  3047.566486
0.02110000  3050.4236
0.02112000  3052.607406
0.02114000  3054.272237
0.02116000  3055.5327
0.02118000  3056.480394
0.02120000  3057.183262
0.02122000  3057.693636
0.02124000  3058.054136
0.02126000  3058.299738
0.02128000  3058.454296
0.02130000  3058.541548
0.02132000  3058.577898
0.02134000  3058.579715
0.02136000  3058.559723
0.02138000  3058.527008
0.02140000  3058.494289
0.02142000  3058.45975
0.02144000  3058.427026
0.02146000  3058.396117
0.02148000  3058.368842
0.02150000  3058.347021
0.02152000  3058.330655
0.02154000  3058.317924
0.02156000  3058.31065
0.02158000  3058.307013
0.02160000  3058.305194
0.02162000  3058.308831
0.02164000  3058.314287
0.02166000  3058.321562
0.02168000  3058.330655
0.02170000  3058.341566
0.02172000  3058.352476
0.02174000  3058.365205
0.02176000  3058.379752
0.02178000  3058.394298
0.02180000  3058.410662
0.02182000  3058.425207
0.02184000  3058.44157
0.02186000  3058.45975
0.02188000  3058.476111
0.02190000  3058.494289
0.02192000  3058.512466
0.02194000  3058.530643
0.02196000  3058.548818
0.02198000  3058.568811
0.02200000  3058.588802
0.02202000  3058.606975
0.02204000  3058.626964
0.02206000  3058.648769
0.02208000  3058.668756
0.02210000  3058.688742
0.02212000  3058.710543
0.02214000  3058.730527
0.02216000  3058.752326
0.02218000  3058.774124
0.02220000  3058.795921
0.02222000  3058.817717
0.02224000  3058.841327
0.02226000  3058.86312
0.02228000  3058.886728
0.02230000  3058.908518
0.02232000  3058.932123
0.02234000  3058.955727
0.02236000  3058.979329
0.02238000  3059.002929
0.02240000  3059.026528
0.02242000  3059.050126
0.02244000  3059.073722
0.02246000  3059.099132
0.02248000  3059.122725
0.02250000  3059.148131
0.02252000  3059.173536
0.02254000  3059.198939
0.02256000  3059.222526
0.02258000  3059.247926
0.02260000  3059.273324
0.02262000  3059.300534
0.02264000  3059.325929
0.02266000  3059.351322
0.02268000  3059.376713
0.02270000  3059.403916
0.02272000  3059.429304
0.02274000  3059.456503
0.02276000  3059.4837
0.02278000  3059.509083
0.02280000  3059.536277
0.02282000  3059.563468
0.02284000  3059.590658
0.02286000  3059.617846
0.02288000  3059.645032
0.02290000  3059.672216
0.02292000  3059.699398
0.02294000  3059.726578
0.02296000  3059.753756
0.02298000  3059.780933
0.02300000  3059.809919
0.02302000  3059.4049389964703
0.02304000  3058.999958992941
0.02306000  3058.5949789894116
0.02308000  3058.189998985882
0.02310000  3057.7850189823525
0.02312000  3057.3800389788234
0.02314000  3056.975058975294
0.02316000  3056.5700789717644
0.02318000  3056.1650989682353
0.02320000  3055.7601189647057
0.02322000  3055.355138961176
0.02324000  3054.950158957647
0.02326000  3054.5451789541175
0.02328000  3054.140198950588
0.02330000  3053.7352189470585
0.02332000  3053.3302389435294
0.02334000  3052.92525894
0.02336000  3052.5202789364703
0.02338000  3052.115298932941
0.02340000  3051.7103189294116
0.02342000  3051.305338925882
0.02344000  3050.9003589223526
0.02346000  3050.4953789188235
0.02348000  3050.090398915294
0.02350000  3049.6854189117644
0.02352000  3049.2804389082353
0.02354000  3048.8754589047057
0.02356000  3048.470478901176
0.02358000  3048.0654988976466
0.02360000  3047.6605188941176
0.02362000  3047.255538890588
0.02364000  3046.8505588870585
0.02366000  3046.4455788835294
0.02368000  3046.04059888
0.02370000  3045.6356188764703
0.02372000  3045.230638872941
0.02374000  3044.8256588694117
0.02376000  3044.420678865882
0.02378000  3044.0156988623526
0.02380000  3043.6107188588235
0.02382000  3043.205738855294
0.02384000  3042.8007588517644
0.02386000  3042.3957788482353
0.02388000  3041.9907988447058
0.02390000  3041.585818841176
0.02392000  3041.1808388376467
0.02394000  3040.7758588341176
0.02396000  3040.370878830588
0.02398000  3039.9658988270585
0.02400000  3039.5609188235294
0.02402000  3039.15593882
0.02404000  3038.7509588164703
0.02406000  3038.345978812941
0.02408000  3037.9409988094117
0.02410000  3037.536018805882
0.02412000  3037.1310388023526
0.02414000  3036.7260587988235
0.02416000  3036.321078795294
0.02418000  3035.9160987917644
0.02420000  3035.5111187882353
0.02422000  3035.1061387847058
0.02424000  3034.701158781176
0.02426000  3034.2961787776467
0.02428000  3033.8911987741176
0.02430000  3033.486218770588
0.02432000  3033.0812387670585
0.02434000  3032.6762587635294
0.02436000  3032.27127876
0.02438000  3031.8662987564703
0.02440000  3031.461318752941
0.02442000  3031.0563387494117
0.02444000  3030.651358745882
0.02446000  3030.2463787423526
0.02448000  3029.8413987388235
0.02450000  3029.436418735294
0.02452000  3029.0314387317644
0.02454000  3028.6264587282353
0.02456000  3028.221478724706
0.02458000  3027.8164987211762
0.02460000  3027.4115187176467
0.02462000  3027.0065387141176
0.02464000  3026.601558710588
0.02466000  3026.1965787070585
0.02468000  3025.7915987035294
0.02470000  3025.3866187
0.02472000  3024.9816386964703
0.02474000  3024.576658692941
0.02476000  3024.1716786894117
0.02478000  3023.766698685882
0.02480000  3023.3617186823526
0.02482000  3022.9567386788235
0.02484000  3022.551758675294
0.02486000  3022.1467786717644
0.02488000  3021.7417986682353
0.02490000  3021.336818664706
0.02492000  3020.9318386611762
0.02494000  3020.5268586576467
0.02496000  3020.1218786541176
0.02498000  3019.716898650588
0.02500000  3019.3119186470585
0.02502000  3018.9069386435294
0.02504000  3018.50195864
0.02506000  3018.0969786364703
0.02508000  3017.691998632941
0.02510000  3017.2870186294117
0.02512000  3016.882038625882
0.02514000  3016.4770586223526
0.02516000  3016.0720786188235
0.02518000  3015.667098615294
0.02520000  3015.2621186117644
0.02522000  3014.8571386082353
0.02524000  3014.452158604706
0.02526000  3014.0471786011763
0.02528000  3013.6421985976467
0.02530000  3013.2372185941176
0.02532000  3012.832238590588
0.02534000  3012.4272585870585
0.02536000  3012.0222785835294
0.02538000  3011.61729858
0.02540000  3011.2123185764704
0.02542000  3010.807338572941
0.02544000  3010.4023585694117
0.02546000  3009.997378565882
0.02548000  3009.5923985623526
0.02550000  3009.1874185588235
0.02552000  3008.782438555294
0.02554000  3008.3774585517644
0.02556000  3007.972478548235
0.02558000  3007.567498544706
0.02560000  3007.1625185411763
0.02562000  3006.7575385376467
0.02564000  3006.3525585341176
0.02566000  3005.947578530588
0.02568000  3005.5425985270585
0.02570000  3005.1376185235295
0.02572000  3004.73263852
0.02574000  3004.3276585164704
0.02576000  3003.922678512941
0.02578000  3003.5176985094117
0.02580000  3003.112718505882
0.02582000  3002.7077385023526
0.02584000  3002.3027584988236
0.02586000  3001.897778495294
0.02588000  3001.4927984917645
0.02590000  3001.087818488235
0.02592000  3000.682838484706
0.02594000  3000.2778584811763
0.02596000  2999.8728784776467
0.02598000  2999.4678984741176
0.02600000  2999.062918470588
0.02602000  2998.6579384670586
0.02604000  2998.2529584635295
0.02606000  2997.84797846
0.02608000  2997.4429984564704
0.02610000  2997.038018452941
0.02612000  2996.6330384494117
0.02614000  2996.228058445882
0.02616000  2995.8230784423527
0.02618000  2995.4180984388236
0.02620000  2995.013118435294
0.02622000  2994.6081384317645
0.02624000  2994.203158428235
0.02626000  2993.798178424706
0.02628000  2993.3931984211763
0.02630000  2992.9882184176467
0.02632000  2992.5832384141177
0.02634000  2992.178258410588
0.02636000  2991.7732784070586
0.02638000  2991.3682984035295
0.02640000  2990.9633184
0.02642000  2990.5583383964704
0.02644000  2990.153358392941
0.02646000  2989.7483783894118
0.02648000  2989.343398385882
0.02650000  2988.9384183823527
0.02652000  2988.5334383788236
0.02654000  2988.128458375294
0.02656000  2987.7234783717645
0.02658000  2987.318498368235
0.02660000  2986.913518364706
0.02662000  2986.5085383611763
0.02664000  2986.1035583576468
0.02666000  2985.6985783541177
0.02668000  2985.293598350588
0.02670000  2984.8886183470586
0.02672000  2984.4836383435295
0.02674000  2984.07865834
0.02676000  2983.6736783364704
0.02678000  2983.268698332941
0.02680000  2982.8637183294118
0.02682000  2982.458738325882
0.02684000  2982.0537583223527
0.02686000  2981.6487783188236
0.02688000  2981.243798315294
0.02690000  2980.8388183117645
0.02692000  2980.433838308235
0.02694000  2980.028858304706
0.02696000  2979.6238783011763
0.02698000  2979.218898297647
0.02700000  2978.8139182941177
0.02702000  2978.408938290588
0.02704000  2978.0039582870586
0.02706000  2977.598978283529
0.02708000  2977.19399828
0.02710000  2976.7890182764704
0.02712000  2976.384038272941
0.02714000  2975.979058269412
0.02716000  2975.5740782658822
0.02718000  2975.1690982623527
0.02720000  2974.7641182588236
0.02722000  2974.359138255294
0.02724000  2973.9541582517645
0.02726000  2973.549178248235
0.02728000  2973.144198244706
0.02730000  2972.7392182411763
0.02732000  2972.334238237647
0.02734000  2971.9292582341177
0.02736000  2971.524278230588
0.02738000  2971.1192982270586
0.02740000  2970.714318223529
0.02742000  2970.30933822
0.02744000  2969.9043582164704
0.02746000  2969.499378212941
0.02748000  2969.094398209412
0.02750000  2968.6894182058822
0.02752000  2968.2844382023527
0.02754000  2967.879458198823
0.02756000  2967.474478195294
0.02758000  2967.0694981917645
0.02760000  2966.664518188235
0.02762000  2966.259538184706
0.02764000  2965.8545581811763
0.02766000  2965.449578177647
0.02768000  2965.0445981741177
0.02770000  2964.639618170588
0.02772000  2964.2346381670586
0.02774000  2963.829658163529
0.02776000  2963.42467816
0.02778000  2963.0196981564704
0.02780000  2962.614718152941
0.02782000  2962.209738149412
0.02784000  2961.8047581458823
0.02786000  2961.3997781423527
0.02788000  2960.994798138823
0.02790000  2960.589818135294
0.02792000  2960.1848381317645
0.02794000  2959.779858128235
0.02796000  2959.374878124706
0.02798000  2958.9698981211764
0.02800000  2958.564918117647
0.02802000  2958.1599381141177
0.02804000  2957.754958110588
0.02806000  2957.3499781070586
0.02808000  2956.944998103529
0.02810000  2956.5400181
0.02812000  2956.1350380964705
0.02814000  2955.730058092941
0.02816000  2955.325078089412
0.02818000  2954.9200980858823
0.02820000  2954.5151180823527
0.02822000  2954.110138078823
0.02824000  2953.705158075294
0.02826000  2953.3001780717645
0.02828000  2952.895198068235
0.02830000  2952.490218064706
0.02832000  2952.0852380611764
0.02834000  2951.680258057647
0.02836000  2951.2752780541177
0.02838000  2950.870298050588
0.02840000  2950.4653180470586
0.02842000  2950.060338043529
0.02844000  2949.65535804
0.02846000  2949.2503780364705
0.02848000  2948.845398032941
0.02850000  2948.440418029412
0.02852000  2948.0354380258823
0.02854000  2947.6304580223527
0.02856000  2947.225478018823
0.02858000  2946.820498015294
0.02860000  2946.4155180117646
0.02862000  2946.010538008235
0.02864000  2945.605558004706
0.02866000  2945.2005780011764
0.02868000  2944.795597997647
0.02870000  2944.3906179941177
0.02872000  2943.985637990588
0.02874000  2943.5806579870587
0.02876000  2943.175677983529
0.02878000  2942.77069798
0.02880000  2942.3657179764705
0.02882000  2941.960737972941
0.02884000  2941.555757969412
0.02886000  2941.1507779658823
0.02888000  2940.7457979623528
0.02890000  2940.340817958823
0.02892000  2939.935837955294
0.02894000  2939.5308579517646
0.02896000  2939.125877948235
0.02898000  2938.720897944706
0.02900000  2938.3159179411764
0.02902000  2937.910937937647
0.02904000  2937.5059579341173
0.02906000  2937.100977930588
0.02908000  2936.6959979270587
0.02910000  2936.291017923529
0.02912000  2935.88603792
0.02914000  2935.4810579164705
0.02916000  2935.076077912941
0.02918000  2934.671097909412
0.02920000  2934.2661179058823
0.02922000  2933.8611379023528
0.02924000  2933.456157898823
0.02926000  2933.051177895294
0.02928000  2932.6461978917646
0.02930000  2932.241217888235
0.02932000  2931.836237884706
0.02934000  2931.4312578811764
0.02936000  2931.026277877647
0.02938000  2930.6212978741173
0.02940000  2930.2163178705882
0.02942000  2929.8113378670587
0.02944000  2929.406357863529
0.02946000  2929.00137786
0.02948000  2928.5963978564705
0.02950000  2928.191417852941
0.02952000  2927.7864378494114
0.02954000  2927.3814578458823
0.02956000  2926.976477842353
0.02958000  2926.5714978388232
0.02960000  2926.166517835294
0.02962000  2925.7615378317646
0.02964000  2925.356557828235
0.02966000  2924.951577824706
0.02968000  2924.5465978211764
0.02970000  2924.141617817647
0.02972000  2923.7366378141173
0.02974000  2923.3316578105882
0.02976000  2922.9266778070587
0.02978000  2922.521697803529
0.02980000  2922.1167178
0.02982000  2921.7117377964705
0.02984000  2921.306757792941
0.02986000  2920.9017777894114
0.02988000  2920.4967977858823
0.02990000  2920.091817782353
0.02992000  2919.6868377788232
0.02994000  2919.281857775294
0.02996000  2918.8768777717646
0.02998000  2918.471897768235
0.03000000  2918.066917764706
0.03002000  2917.6619377611764
0.03004000  2917.256957757647
0.03006000  2916.8519777541173
0.03008000  2916.4469977505883
0.03010000  2916.0420177470587
0.03012000  2915.637037743529
0.03014000  2915.23205774
0.03016000  2914.8270777364705
0.03018000  2914.422097732941
0.03020000  2914.0171177294114
0.03022000  2913.6121377258823
0.03024000  2913.207157722353
0.03026000  2912.8021777188233
0.03028000  2912.397197715294
0.03030000  2911.9922177117646
0.03032000  2911.587237708235
0.03034000  2911.182257704706
0.03036000  2910.7772777011764
0.03038000  2910.372297697647
0.03040000  2909.9673176941174
0.03042000  2909.5623376905883
0.03044000  2909.1573576870587
0.03046000  2908.752377683529
0.03048000  2908.34739768
0.03050000  2907.9424176764705
0.03052000  2907.537437672941
0.03054000  2907.1324576694115
0.03056000  2906.7274776658824
0.03058000  2906.322497662353
0.03060000  2905.9175176588233
0.03062000  2905.512537655294
0.03064000  2905.1075576517646
0.03066000  2904.702577648235
0.03068000  2904.297597644706
0.03070000  2903.8926176411765
0.03072000  2903.487637637647
0.03074000  2903.0826576341174
0.03076000  2902.6776776305883
0.03078000  2902.2726976270587
0.03080000  2901.867717623529
0.03082000  2901.46273762
0.03084000  2901.0577576164706
0.03086000  2900.652777612941
0.03088000  2900.2477976094115
0.03090000  2899.8428176058824
0.03092000  2899.437837602353
0.03094000  2899.0328575988233
0.03096000  2898.627877595294
0.03098000  2898.2228975917646
0.03100000  2897.817917588235
0.03102000  2897.412937584706
0.03104000  2897.0079575811765
0.03106000  2896.602977577647
0.03108000  2896.1979975741174
0.03110000  2895.7930175705883
0.03112000  2895.3880375670587
0.03114000  2894.983057563529
0.03116000  2894.5780775599997
0.03118000  2894.1730975564706
0.03120000  2893.768117552941
0.03122000  2893.3631375494115
0.03124000  2892.9581575458824
0.03126000  2892.553177542353
0.03128000  2892.1481975388233
0.03130000  2891.743217535294
0.03132000  2891.3382375317647
0.03134000  2890.933257528235
0.03136000  2890.5282775247056
0.03138000  2890.1232975211765
0.03140000  2889.718317517647
0.03142000  2889.3133375141174
0.03144000  2888.9083575105883
0.03146000  2888.5033775070588
0.03148000  2888.098397503529
0.03150000  2887.6934174999997
0.03152000  2887.2884374964706
0.03154000  2886.883457492941
0.03156000  2886.4784774894115
0.03158000  2886.0734974858824
0.03160000  2885.668517482353
0.03162000  2885.2635374788233
0.03164000  2884.858557475294
0.03166000  2884.4535774717647
0.03168000  2884.048597468235
0.03170000  2883.6436174647056
0.03172000  2883.2386374611765
0.03174000  2882.833657457647
0.03176000  2882.4286774541174
0.03178000  2882.0236974505883
0.03180000  2881.6187174470588
0.03182000  2881.213737443529
0.03184000  2880.8087574399997
0.03186000  2880.4037774364706
0.03188000  2879.998797432941
0.03190000  2879.5938174294115
0.03192000  2879.1888374258824
0.03194000  2878.783857422353
0.03196000  2878.3788774188233
0.03198000  2877.9738974152942
0.03200000  2877.5689174117647
0.03202000  2877.163937408235
0.03204000  2876.7589574047056
0.03206000  2876.3539774011765
0.03208000  2875.948997397647
0.03210000  2875.5440173941174
0.03212000  2875.1390373905883
0.03214000  2874.734057387059
0.03216000  2874.3290773835292
0.03218000  2873.9240973799997
0.03220000  2873.5191173764706
0.03222000  2873.114137372941
0.03224000  2872.7091573694115
0.03226000  2872.3041773658824
0.03228000  2871.899197362353
0.03230000  2871.4942173588233
0.03232000  2871.0892373552942
0.03234000  2870.6842573517647
0.03236000  2870.279277348235
0.03238000  2869.8742973447056
0.03240000  2869.4693173411765
0.03242000  2869.064337337647
0.03244000  2868.6593573341174
0.03246000  2868.2543773305883
0.03248000  2867.849397327059
0.03250000  2867.4444173235293
0.03252000  2867.0394373199997
0.03254000  2866.6344573164706
0.03256000  2866.229477312941
0.03258000  2865.8244973094115
0.03260000  2865.4195173058824
0.03262000  2865.014537302353
0.03264000  2864.6095572988233
0.03266000  2864.2045772952943
0.03268000  2863.7995972917647
0.03270000  2863.394617288235
0.03272000  2862.9896372847056
0.03274000  2862.5846572811765
0.03276000  2862.179677277647
0.03278000  2861.7746972741174
0.03280000  2861.3697172705884
0.03282000  2860.964737267059
0.03284000  2860.5597572635293
0.03286000  2860.1547772599997
0.03288000  2859.7497972564706
0.03290000  2859.344817252941
0.03292000  2858.9398372494115
0.03294000  2858.5348572458824
0.03296000  2858.129877242353
0.03298000  2857.7248972388234
0.03300000  2857.3199172352943
0.03302000  2856.9149372317647
0.03304000  2856.509957228235
0.03306000  2856.1049772247056
0.03308000  2855.6999972211765
0.03310000  2855.295017217647
0.03312000  2854.8900372141175
0.03314000  2854.4850572105884
0.03316000  2854.080077207059
0.03318000  2853.6750972035293
0.03320000  2853.2701171999997
0.03322000  2852.8651371964706
0.03324000  2852.460157192941
0.03326000  2852.0551771894116
0.03328000  2851.6501971858825
0.03330000  2851.245217182353
0.03332000  2850.8402371788234
0.03334000  2850.435257175294
0.03336000  2850.0302771717647
0.03338000  2849.625297168235
0.03340000  2849.2203171647056
0.03342000  2848.8153371611766
0.03344000  2848.410357157647
0.03346000  2848.0053771541175
0.03348000  2847.600397150588
0.03350000  2847.195417147059
0.03352000  2846.7904371435293
0.03354000  2846.3854571399997
0.03356000  2845.9804771364707
0.03358000  2845.575497132941
0.03360000  2845.1705171294116
0.03362000  2844.7655371258825
0.03364000  2844.360557122353
0.03366000  2843.9555771188234
0.03368000  2843.550597115294
0.03370000  2843.1456171117648
0.03372000  2842.740637108235
0.03374000  2842.3356571047057
0.03376000  2841.9306771011766
0.03378000  2841.525697097647
0.03380000  2841.1207170941175
0.03382000  2840.715737090588
0.03384000  2840.310757087059
0.03386000  2839.9057770835293
0.03388000  2839.5007970799998
0.03390000  2839.0958170764707
0.03392000  2838.690837072941
0.03394000  2838.2858570694116
0.03396000  2837.8808770658825
0.03398000  2837.475897062353
0.03400000  2837.0709170588234
0.03402000  2836.665937055294
0.03404000  2836.2609570517648
0.03406000  2835.855977048235
0.03408000  2835.4509970447057
0.03410000  2835.0460170411766
0.03412000  2834.641037037647
0.03414000  2834.2360570341175
0.03416000  2833.831077030588
0.03418000  2833.426097027059
0.03420000  2833.0211170235293
0.03422000  2832.6161370199998
0.03424000  2832.2111570164707
0.03426000  2831.806177012941
0.03428000  2831.4011970094116
0.03430000  2830.9962170058825
0.03432000  2830.591237002353
0.03434000  2830.1862569988234
0.03436000  2829.781276995294
0.03438000  2829.376296991765
0.03440000  2828.9713169882352
0.03442000  2828.5663369847057
0.03444000  2828.1613569811766
0.03446000  2827.756376977647
0.03448000  2827.3513969741175
0.03450000  2826.946416970588
0.03452000  2826.541436967059
0.03454000  2826.1364569635293
0.03456000  2825.73147696
0.03458000  2825.3264969564707
0.03460000  2824.921516952941
0.03462000  2824.5165369494116
0.03464000  2824.1115569458825
0.03466000  2823.706576942353
0.03468000  2823.3015969388234
0.03470000  2822.896616935294
0.03472000  2822.491636931765
0.03474000  2822.0866569282352
0.03476000  2821.6816769247057
0.03478000  2821.2766969211766
0.03480000  2820.871716917647
0.03482000  2820.4667369141175
0.03484000  2820.061756910588
0.03486000  2819.656776907059
0.03488000  2819.2517969035293
0.03490000  2818.8468169
0.03492000  2818.4418368964707
0.03494000  2818.036856892941
0.03496000  2817.6318768894116
0.03498000  2817.2268968858825
0.03500000  2816.821916882353
0.03502000  2816.4169368788234
0.03504000  2816.011956875294
0.03506000  2815.606976871765
0.03508000  2815.2019968682353
0.03510000  2814.7970168647057
0.03512000  2814.3920368611766
0.03514000  2813.987056857647
0.03516000  2813.5820768541175
0.03518000  2813.177096850588
0.03520000  2812.772116847059
0.03522000  2812.3671368435294
0.03524000  2811.96215684
0.03526000  2811.5571768364707
0.03528000  2811.152196832941
0.03530000  2810.7472168294116
0.03532000  2810.3422368258825
0.03534000  2809.937256822353
0.03536000  2809.5322768188234
0.03538000  2809.127296815294
0.03540000  2808.722316811765
0.03542000  2808.3173368082353
0.03544000  2807.9123568047057
0.03546000  2807.507376801176
0.03548000  2807.102396797647
0.03550000  2806.6974167941175
0.03552000  2806.292436790588
0.03554000  2805.887456787059
0.03556000  2805.4824767835294
0.03558000  2805.07749678
0.03560000  2804.6725167764707
0.03562000  2804.267536772941
0.03564000  2803.8625567694116
0.03566000  2803.4575767658825
0.03568000  2803.052596762353
0.03570000  2802.6476167588235
0.03572000  2802.242636755294
0.03574000  2801.837656751765
0.03576000  2801.4326767482353
0.03578000  2801.0276967447057
0.03580000  2800.622716741176
0.03582000  2800.217736737647
0.03584000  2799.8127567341176
0.03586000  2799.407776730588
0.03588000  2799.002796727059
0.03590000  2798.5978167235294
0.03592000  2798.19283672
0.03594000  2797.7878567164707
0.03596000  2797.382876712941
0.03598000  2796.9778967094117
0.03600000  2796.572916705882
0.03602000  2796.167936702353
0.03604000  2795.7629566988235
0.03606000  2795.357976695294
0.03608000  2794.952996691765
0.03610000  2794.5480166882353
0.03612000  2794.1430366847057
0.03614000  2793.738056681176
0.03616000  2793.333076677647
0.03618000  2792.9280966741176
0.03620000  2792.523116670588
0.03622000  2792.118136667059
0.03624000  2791.7131566635294
0.03626000  2791.30817666
0.03628000  2790.9031966564708
0.03630000  2790.498216652941
0.03632000  2790.0932366494117
0.03634000  2789.688256645882
0.03636000  2789.283276642353
0.03638000  2788.8782966388235
0.03640000  2788.473316635294
0.03642000  2788.068336631765
0.03644000  2787.6633566282353
0.03646000  2787.2583766247058
0.03648000  2786.853396621176
0.03650000  2786.448416617647
0.03652000  2786.0434366141176
0.03654000  2785.638456610588
0.03656000  2785.233476607059
0.03658000  2784.8284966035294
0.03660000  2784.4235166
0.03662000  2784.0185365964708
0.03664000  2783.613556592941
0.03666000  2783.2085765894117
0.03668000  2782.803596585882
0.03670000  2782.398616582353
0.03672000  2781.9936365788235
0.03674000  2781.588656575294
0.03676000  2781.1836765717644
0.03678000  2780.7786965682353
0.03680000  2780.373716564706
0.03682000  2779.9687365611762
0.03684000  2779.563756557647
0.03686000  2779.1587765541176
0.03688000  2778.753796550588
0.03690000  2778.348816547059
0.03692000  2777.9438365435294
0.03694000  2777.53885654
0.03696000  2777.133876536471
0.03698000  2776.7288965329412
0.03700000  2776.3239165294117
0.03702000  2775.918936525882
0.03704000  2775.513956522353
0.03706000  2775.1089765188235
0.03708000  2774.703996515294
0.03710000  2774.2990165117644
0.03712000  2773.8940365082353
0.03714000  2773.489056504706
0.03716000  2773.0840765011762
0.03718000  2772.679096497647
0.03720000  2772.2741164941176
0.03722000  2771.869136490588
0.03724000  2771.464156487059
0.03726000  2771.0591764835294
0.03728000  2770.65419648
0.03730000  2770.249216476471
0.03732000  2769.8442364729412
0.03734000  2769.4392564694117
0.03736000  2769.034276465882
0.03738000  2768.629296462353
0.03740000  2768.2243164588235
0.03742000  2767.819336455294
0.03744000  2767.4143564517644
0.03746000  2767.0093764482353
0.03748000  2766.604396444706
0.03750000  2766.1994164411763
0.03752000  2765.794436437647
0.03754000  2765.3894564341176
0.03756000  2764.984476430588
0.03758000  2764.579496427059
0.03760000  2764.1745164235294
0.03762000  2763.76953642
0.03764000  2763.364556416471
0.03766000  2762.9595764129413
0.03768000  2762.5545964094117
0.03770000  2762.149616405882
0.03772000  2761.744636402353
0.03774000  2761.3396563988235
0.03776000  2760.934676395294
0.03778000  2760.5296963917644
0.03780000  2760.1247163882354
0.03782000  2759.719736384706
0.03784000  2759.3147563811763
0.03786000  2758.909776377647
0.03788000  2758.5047963741176
0.03790000  2758.099816370588
0.03792000  2757.694836367059
0.03794000  2757.2898563635295
0.03796000  2756.88487636
0.03798000  2756.4798963564704
0.03800000  2756.0749163529413
0.03802000  2755.6699363494117
0.03804000  2755.264956345882
0.03806000  2754.859976342353
0.03808000  2754.4549963388235
0.03810000  2754.050016335294
0.03812000  2753.6450363317645
0.03814000  2753.2400563282354
0.03816000  2752.835076324706
0.03818000  2752.4300963211763
0.03820000  2752.025116317647
0.03822000  2751.6201363141176
0.03824000  2751.215156310588
0.03826000  2750.810176307059
0.03828000  2750.4051963035295
0.03830000  2750.0002163
0.03832000  2749.5952362964704
0.03834000  2749.1902562929413
0.03836000  2748.7852762894117
0.03838000  2748.380296285882
0.03840000  2747.975316282353
0.03842000  2747.5703362788236
0.03844000  2747.165356275294
0.03846000  2746.7603762717645
0.03848000  2746.3553962682354
0.03850000  2745.950416264706
0.03852000  2745.5454362611763
0.03854000  2745.140456257647
0.03856000  2744.7354762541177
0.03858000  2744.330496250588
0.03860000  2743.925516247059
0.03862000  2743.5205362435295
0.03864000  2743.11555624
0.03866000  2742.7105762364704
0.03868000  2742.3055962329413
0.03870000  2741.9006162294118
0.03872000  2741.495636225882
0.03874000  2741.090656222353
0.03876000  2740.6856762188236
0.03878000  2740.280696215294
0.03880000  2739.8757162117645
0.03882000  2739.4707362082354
0.03884000  2739.065756204706
0.03886000  2738.6607762011763
0.03888000  2738.255796197647
0.03890000  2737.8508161941177
0.03892000  2737.445836190588
0.03894000  2737.040856187059
0.03896000  2736.6358761835295
0.03898000  2736.23089618
0.03900000  2735.8259161764704
0.03902000  2735.4209361729413
0.03904000  2735.0159561694118
0.03906000  2734.610976165882
0.03908000  2734.2059961623527
0.03910000  2733.8010161588236
0.03912000  2733.396036155294
0.03914000  2732.9910561517645
0.03916000  2732.5860761482354
0.03918000  2732.181096144706
0.03920000  2731.7761161411763
0.03922000  2731.371136137647
0.03924000  2730.9661561341177
0.03926000  2730.561176130588
0.03928000  2730.156196127059
0.03930000  2729.7512161235295
0.03932000  2729.34623612
0.03934000  2728.9412561164704
0.03936000  2728.5362761129413
0.03938000  2728.131296109412
0.03940000  2727.7263161058822
0.03942000  2727.3213361023527
0.03944000  2726.9163560988236
0.03946000  2726.511376095294
0.03948000  2726.1063960917645
0.03950000  2725.7014160882354
0.03952000  2725.296436084706
0.03954000  2724.8914560811763
0.03956000  2724.4864760776472
0.03958000  2724.0814960741177
0.03960000  2723.676516070588
0.03962000  2723.271536067059
0.03964000  2722.8665560635295
0.03966000  2722.46157606
0.03968000  2722.0565960564704
0.03970000  2721.6516160529413
0.03972000  2721.246636049412
0.03974000  2720.8416560458822
0.03976000  2720.4366760423527
0.03978000  2720.0316960388236
0.03980000  2719.626716035294
0.03982000  2719.2217360317645
0.03984000  2718.8167560282354
0.03986000  2718.411776024706
0.03988000  2718.0067960211763
0.03990000  2717.6018160176473
0.03992000  2717.1968360141177
0.03994000  2716.791856010588
0.03996000  2716.386876007059
0.03998000  2715.9818960035295
0.04000000  2715.576916
0.04002000  2712.567034
0.04004000  2709.791439
0.04006000  2707.232741
0.04008000  2704.863349
0.04010000  2702.517465
0.04012000  2699.715059
0.04014000  2695.953446
0.04016000  2690.892633
0.04018000  2684.134496
0.04020000  2675.239346
0.04022000  2663.147213
0.04024000  2644.67412
0.04026000  2615.918741
0.04028000  2571.988947
0.04030000  2506.032697
0.04032000  2408.718837
0.04034000  2268.923831
0.04036000  2077.254265
0.04038000  1838.493865
0.04040000  1582.77067
0.04042000  1333.309755
0.04044000  1088.641154
0.04046000  834.432308
0.04048000  568.664566
0.04050000  337.034768
0.04052000  193.15277
0.04054000  119.970601
0.04056000  87.564855
0.04058000  77.735584
0.04060000  86.898989
0.04062000  122.865653
0.04064000  206.278298
0.04066000  366.391809
0.04068000  613.586483
0.04070000  929.098042
0.04072000  1279.036574
0.04074000  1627.070529
0.04076000  1945.491127
0.04078000  2217.3828
0.04080000  2434.865065
0.04082000  2599.906985
0.04084000  2721.223183
0.04086000  2809.283779
0.04088000  2873.194841
0.04090000  2919.859916
0.04092000  2954.22738
0.04094000  2979.761136
0.04096000  2998.882163
0.04098000  3013.304093
0.04100000  3024.246935
0.04102000  3032.585591
0.04104000  3038.956874
0.04106000  3043.834963
0.04108000  3047.566486
0.04110000  3050.4236
0.04112000  3052.607406
0.04114000  3054.272237
0.04116000  3055.5327
0.04118000  3056.480394
0.04120000  3057.183262
0.04122000  3057.693636
0.04124000  3058.054136
0.04126000  3058.299738
0.04128000  3058.454296
0.04130000  3058.541548
0.04132000  3058.577898
0.04134000  3058.579715
0.04136000  3058.559723
0.04138000  3058.527008
0.04140000  3058.494289
0.04142000  3058.45975
0.04144000  3058.427026
0.04146000  3058.396117
0.04148000  3058.368842
0.04150000  3058.347021
0.04152000  3058.330655
0.04154000  3058.317924
0.04156000  3058.31065
0.04158000  3058.307013
0.04160000  3058.305194
0.04162000  3058.308831
0.04164000  3058.314287
0.04166000  3058.321562
0.04168000  3058.330655
0.04170000  3058.341566
0.04172000  3058.352476
0.04174000  3058.365205
0.04176000  3058.379752
0.04178000  3058.394298
0.04180000  3058.410662
0.04182000  3058.425207
0.04184000  3058.44157
0.04186000  3058.45975
0.04188000  3058.476111
0.04190000  3058.494289
0.04192000  3058.512466
0.04194000  3058.530643
0.04196000  3058.548818
0.04198000  3058.568811
0.04200000  3058.588802
0.04202000  3058.606975
0.04204000  3058.626964
0.04206000  3058.648769
0.04208000  3058.668756
0.04210000  3058.688742
0.04212000  3058.710543
0.04214000  3058.730527
0.04216000  3058.752326
0.04218000  3058.774124
0.04220000  3058.795921
0.04222000  3058.817717
0.04224000  3058.841327
0.04226000  3058.86312
0.04228000  3058.886728
0.04230000  3058.908518
0.04232000  3058.932123
0.04234000  3058.955727
0.04236000  3058.979329
0.04238000  3059.002929
0.04240000  3059.026528
0.04242000  3059.050126
0.04244000  3059.073722
0.04246000  3059.099132
0.04248000  3059.122725
0.04250000  3059.148131
0.04252000  3059.173536
0.04254000  3059.198939
0.04256000  3059.222526
0.04258000  3059.247926
0.04260000  3059.273324
0.04262000  3059.300534
0.04264000  3059.325929
0.04266000  3059.351322
0.04268000  3059.376713
0.04270000  3059.403916
0.04272000  3059.429304
0.04274000  3059.456503
0.04276000  3059.4837
0.04278000  3059.509083
0.04280000  3059.536277
0.04282000  3059.563468
0.04284000  3059.590658
0.04286000  3059.617846
0.04288000  3059.645032
0.04290000  3059.672216
0.04292000  3059.699398
0.04294000  3059.726578
0.04296000  3059.753756
0.04298000  3059.780933
0.04300000  3059.809919
0.04302000  3059.4049389964703
0.04304000  3058.999958992941
0.04306000  3058.5949789894116
0.04308000  3058.189998985882
0.04310000  3057.7850189823525
0.04312000  3057.3800389788234
0.04314000  3056.975058975294
0.04316000  3056.5700789717644
0.04318000  3056.1650989682353
0.04320000  3055.7601189647057
0.04322000  3055.355138961176
0.04324000  3054.950158957647
0.04326000  3054.5451789541175
0.04328000  3054.140198950588
0.04330000  3053.7352189470585
0.04332000  3053.3302389435294
0.04334000  3052.92525894
0.04336000  3052.5202789364703
0.04338000  3052.115298932941
0.04340000  3051.7103189294116
0.04342000  3051.305338925882
0.04344000  3050.9003589223526
0.04346000  3050.4953789188235
0.04348000  3050.090398915294
0.04350000  3049.6854189117644
0.04352000  3049.2804389082353
0.04354000  3048.8754589047057
0.04356000  3048.470478901176
0.04358000  3048.0654988976466
0.04360000  3047.6605188941176
0.04362000  3047.255538890588
0.04364000  3046.8505588870585
0.04366000  3046.4455788835294
0.04368000  3046.04059888
0.04370000  3045.6356188764703
0.04372000  3045.230638872941
0.04374000  3044.8256588694117
0.04376000  3044.420678865882
0.04378000  3044.0156988623526
0.04380000  3043.6107188588235
0.04382000  3043.205738855294
0.04384000  3042.8007588517644
0.04386000  3042.3957788482353
0.04388000  3041.9907988447058
0.04390000  3041.585818841176
0.04392000  3041.1808388376467
0.04394000  3040.7758588341176
0.04396000  3040.370878830588
0.04398000  3039.9658988270585
0.04400000  3039.5609188235294
0.04402000  3039.15593882
0.04404000  3038.7509588164703
0.04406000  3038.345978812941
0.04408000  3037.9409988094117
0.04410000  3037.536018805882
0.04412000  3037.1310388023526
0.04414000  3036.7260587988235
0.04416000  3036.321078795294
0.04418000  3035.9160987917644
0.04420000  3035.5111187882353
0.04422000  3035.1061387847058
0.04424000  3034.701158781176
0.04426000  3034.2961787776467
0.04428000  3033.8911987741176
0.04430000  3033.486218770588
0.04432000  3033.0812387670585
0.04434000  3032.6762587635294
0.04436000  3032.27127876
0.04438000  3031.8662987564703
0.04440000  3031.461318752941
0.04442000  3031.0563387494117
0.04444000  3030.651358745882
0.04446000  3030.2463787423526
0.04448000  3029.8413987388235
0.04450000  3029.436418735294
0.04452000  3029.0314387317644
0.04454000  3028.6264587282353
0.04456000  3028.221478724706
0.04458000  3027.8164987211762
0.04460000  3027.4115187176467
0.04462000  3027.0065387141176
0.04464000  3026.601558710588
0.04466000  3026.1965787070585
0.04468000  3025.7915987035294
0.04470000  3025.3866187
0.04472000  3024.9816386964703
0.04474000  3024.576658692941
0.04476000  3024.1716786894117
0.04478000  3023.766698685882
0.04480000  3023.3617186823526
0.04482000  3022.9567386788235
0.04484000  3022.551758675294
0.04486000  3022.1467786717644
0.04488000  3021.7417986682353
0.04490000  3021.336818664706
0.04492000  3020.9318386611762
0.04494000  3020.5268586576467
0.04496000  3020.1218786541176
0.04498000  3019.716898650588
0.04500000  3019.3119186470585
0.04502000  3018.9069386435294
0.04504000  3018.50195864
0.04506000  3018.0969786364703
0.04508000  3017.691998632941
0.04510000  3017.2870186294117
0.04512000  3016.882038625882
0.04514000  3016.4770586223526
0.04516000  3016.0720786188235
0.04518000  3015.667098615294
0.04520000  3015.2621186117644
0.04522000  3014.8571386082353
0.04524000  3014.452158604706
0.04526000  3014.0471786011763
0.04528000  3013.6421985976467
0.04530000  3013.2372185941176
0.04532000  3012.832238590588
0.04534000  3012.4272585870585
0.04536000  3012.0222785835294
0.04538000  3011.61729858
0.04540000  3011.2123185764704
0.04542000  3010.807338572941
0.04544000  3010.4023585694117
0.04546000  3009.997378565882
0.04548000  3009.5923985623526
0.04550000  3009.1874185588235
0.04552000  3008.782438555294
0.04554000  3008.3774585517644
0.04556000  3007.972478548235
0.04558000  3007.567498544706
0.04560000  3007.1625185411763
0.04562000  3006.7575385376467
0.04564000  3006.3525585341176
0.04566000  3005.947578530588
0.04568000  3005.5425985270585
0.04570000  3005.1376185235295
0.04572000  3004.73263852
0.04574000  3004.3276585164704
0.04576000  3003.922678512941
0.04578000  3003.5176985094117
0.04580000  3003.112718505882
0.04582000  3002.7077385023526
0.04584000  3002.3027584988236
0.04586000  3001.897778495294
0.04588000  3001.4927984917645
0.04590000  3001.087818488235
0.04592000  3000.682838484706
0.04594000  3000.2778584811763
0.04596000  2999.8728784776467
0.04598000  2999.4678984741176
0.04600000  2999.062918470588
0.04602000  2998.6579384670586
0.04604000  2998.2529584635295
0.04606000  2997.84797846
0.04608000  2997.4429984564704
0.04610000  2997.038018452941
0.04612000  2996.6330384494117
0.04614000  2996.228058445882
0.04616000  2995.8230784423527
0.04618000  2995.4180984388236
0.04620000  2995.013118435294
0.04622000  2994.6081384317645
0.04624000  2994.203158428235
0.04626000  2993.798178424706
0.04628000  2993.3931984211763
0.04630000  2992.9882184176467
0.04632000  2992.5832384141177
0.04634000  2992.178258410588
0.04636000  2991.7732784070586
0.04638000  2991.3682984035295
0.04640000  2990.9633184
0.04642000  2990.5583383964704
0.04644000  2990.153358392941
0.04646000  2989.7483783894118
0.04648000  2989.343398385882
0.04650000  2988.9384183823527
0.04652000  2988.5334383788236
0.04654000  2988.128458375294
0.04656000  2987.7234783717645
0.04658000  2987.318498368235
0.04660000  2986.913518364706
0.04662000  2986.5085383611763
0.04664000  2986.1035583576468
0.04666000  2985.6985783541177
0.04668000  2985.293598350588
0.04670000  2984.8886183470586
0.04672000  2984.4836383435295
0.04674000  2984.07865834
0.04676000  2983.6736783364704
0.04678000  2983.268698332941
0.04680000  2982.8637183294118
0.04682000  2982.458738325882
0.04684000  2982.0537583223527
0.04686000  2981.6487783188236
0.04688000  2981.243798315294
0.04690000  2980.8388183117645
0.04692000  2980.433838308235
0.04694000  2980.028858304706
0.04696000  2979.6238783011763
0.04698000  2979.218898297647
0.04700000  2978.8139182941177
0.04702000  2978.408938290588
0.04704000  2978.0039582870586
0.04706000  2977.598978283529
0.04708000  2977.19399828
0.04710000  2976.7890182764704
0.04712000  2976.384038272941
0.04714000  2975.979058269412
0.04716000  2975.5740782658822
0.04718000  2975.1690982623527
0.04720000  2974.7641182588236
0.04722000  2974.359138255294
0.04724000  2973.9541582517645
0.04726000  2973.549178248235
0.04728000  2973.144198244706
0.04730000  2972.7392182411763
0.04732000  2972.334238237647
0.04734000  2971.9292582341177
0.04736000  2971.524278230588
0.04738000  2971.1192982270586
0.04740000  2970.714318223529
0.04742000  2970.30933822
0.04744000  2969.9043582164704
0.04746000  2969.499378212941
0.04748000  2969.094398209412
0.04750000  2968.6894182058822
0.04752000  2968.2844382023527
0.04754000  2967.879458198823
0.04756000  2967.474478195294
0.04758000  2967.0694981917645
0.04760000  2966.664518188235
0.04762000  2966.259538184706
0.04764000  2965.8545581811763
0.04766000  2965.449578177647
0.04768000  2965.0445981741177
0.04770000  2964.639618170588
0.04772000  2964.2346381670586
0.04774000  2963.829658163529
0.04776000  2963.42467816
0.04778000  2963.0196981564704
0.04780000  2962.614718152941
0.04782000  2962.209738149412
0.04784000  2961.8047581458823
0.04786000  2961.3997781423527
0.04788000  2960.994798138823
0.04790000  2960.589818135294
0.04792000  2960.1848381317645
0.04794000  2959.779858128235
0.04796000  2959.374878124706
0.04798000  2958.9698981211764
0.04800000  2958.564918117647
0.04802000  2958.1599381141177
0.04804000  2957.754958110588
0.04806000  2957.3499781070586
0.04808000  2956.944998103529
0.04810000  2956.5400181
0.04812000  2956.1350380964705
0.04814000  2955.730058092941
0.04816000  2955.325078089412
0.04818000  2954.9200980858823
0.04820000  2954.5151180823527
0.04822000  2954.110138078823
0.04824000  2953.705158075294
0.04826000  2953.3001780717645
0.04828000  2952.895198068235
0.04830000  2952.490218064706
0.04832000  2952.0852380611764
0.04834000  2951.680258057647
0.04836000  2951.2752780541177
0.04838000  2950.870298050588
0.04840000  2950.4653180470586
0.04842000  2950.060338043529
0.04844000  2949.65535804
0.04846000  2949.2503780364705
0.04848000  2948.845398032941
0.04850000  2948.440418029412
0.04852000  2948.0354380258823
0.04854000  2947.6304580223527
0.04856000  2947.225478018823
0.04858000  2946.820498015294
0.04860000  2946.4155180117646
0.04862000  2946.010538008235
0.04864000  2945.605558004706
0.04866000  2945.2005780011764
0.04868000  2944.795597997647
0.04870000  2944.3906179941177
0.04872000  2943.985637990588
0.04874000  2943.5806579870587
0.04876000  2943.175677983529
0.04878000  2942.77069798
0.04880000  2942.3657179764705
0.04882000  2941.960737972941
0.04884000  2941.555757969412
0.04886000  2941.1507779658823
0.04888000  2940.7457979623528
0.04890000  2940.340817958823
0.04892000  2939.935837955294
0.04894000  2939.5308579517646
0.04896000  2939.125877948235
0.04898000  2938.720897944706
0.04900000  2938.3159179411764
0.04902000  2937.910937937647
0.04904000  2937.5059579341173
0.04906000  2937.100977930588
0.04908000  2936.6959979270587
0.04910000  2936.291017923529
0.04912000  2935.88603792
0.04914000  2935.4810579164705
0.04916000  2935.076077912941
0.04918000  2934.671097909412
0.04920000  2934.2661179058823
0.04922000  2933.8611379023528
0.04924000  2933.456157898823
0.04926000  2933.051177895294
0.04928000  2932.6461978917646
0.04930000  2932.241217888235
0.04932000  2931.836237884706
0.04934000  2931.4312578811764
0.04936000  2931.026277877647
0.04938000  2930.6212978741173
0.04940000  2930.2163178705882
0.04942000  2929.8113378670587
0.04944000  2929.406357863529
0.04946000  2929.00137786
0.04948000  2928.5963978564705
0.04950000  2928.191417852941
0.04952000  2927.7864378494114
0.04954000  2927.3814578458823
0.04956000  2926.976477842353
0.04958000  2926.5714978388232
0.04960000  2926.166517835294
0.04962000  2925.7615378317646
0.04964000  2925.356557828235
0.04966000  2924.951577824706
0.04968000  2924.5465978211764
0.04970000  2924.141617817647
0.04972000  2923.7366378141173
0.04974000  2923.3316578105882
0.04976000  2922.9266778070587
0.04978000  2922.521697803529
0.04980000  2922.1167178
0.04982000  2921.7117377964705
0.04984000  2921.306757792941
0.04986000  2920.9017777894114
0.04988000  2920.4967977858823
0.04990000  2920.091817782353
0.04992000  2919.6868377788232
0.04994000  2919.281857775294
0.04996000  2918.8768777717646
0.04998000  2918.471897768235
0.05000000  2918.066917764706
0.05002000  2917.6619377611764
0.05004000  2917.256957757647
0.05006000  2916.8519777541173
0.05008000  2916.4469977505883
0.05010000  2916.0420177470587
0.05012000  2915.637037743529
0.05014000  2915.23205774
0.05016000  2914.8270777364705
0.05018000  2914.422097732941
0.05020000  2914.0171177294114
0.05022000  2913.6121377258823
0.05024000  2913.207157722353
0.05026000  2912.8021777188233
0.05028000  2912.397197715294
0.05030000  2911.9922177117646
0.05032000  2911.587237708235
0.05034000  2911.182257704706
0.05036000  2910.7772777011764
0.05038000  2910.372297697647
0.05040000  2909.9673176941174
0.05042000  2909.5623376905883
0.05044000  2909.1573576870587
0.05046000  2908.752377683529
0.05048000  2908.34739768
0.05050000  2907.9424176764705
0.05052000  2907.537437672941
0.05054000  2907.1324576694115
0.05056000  2906.7274776658824
0.05058000  2906.322497662353
0.05060000  2905.9175176588233
0.05062000  2905.512537655294
0.05064000  2905.1075576517646
0.05066000  2904.702577648235
0.05068000  2904.297597644706
0.05070000  2903.8926176411765
0.05072000  2903.487637637647
0.05074000  2903.0826576341174
0.05076000  2902.6776776305883
0.05078000  2902.2726976270587
0.05080000  2901.867717623529
0.05082000  2901.46273762
0.05084000  2901.0577576164706
0.05086000  2900.652777612941
0.05088000  2900.2477976094115
0.05090000  2899.8428176058824
0.05092000  2899.437837602353
0.05094000  2899.0328575988233
0.05096000  2898.627877595294
0.05098000  2898.2228975917646
0.05100000  2897.817917588235
0.05102000  2897.412937584706
0.05104000  2897.0079575811765
0.05106000  2896.602977577647
0.05108000  2896.1979975741174
0.05110000  2895.7930175705883
0.05112000  2895.3880375670587
0.05114000  2894.983057563529
0.05116000  2894.5780775599997
0.05118000  2894.1730975564706
0.05120000  2893.768117552941
0.05122000  2893.3631375494115
0.05124000  2892.9581575458824
0.05126000  2892.553177542353
0.05128000  2892.1481975388233
0.05130000  2891.743217535294
0.05132000  2891.3382375317647
0.05134000  2890.933257528235
0.05136000  2890.5282775247056
0.05138000  2890.1232975211765
0.05140000  2889.718317517647
0.05142000  2889.3133375141174
0.05144000  2888.9083575105883
0.05146000  2888.5033775070588
0.05148000  2888.098397503529
0.05150000  2887.6934174999997
0.05152000  2887.2884374964706
0.05154000  2886.883457492941
0.05156000  2886.4784774894115
0.05158000  2886.0734974858824
0.05160000  2885.668517482353
0.05162000  2885.2635374788233
0.05164000  2884.858557475294
0.05166000  2884.4535774717647
0.05168000  2884.048597468235
0.05170000  2883.6436174647056
0.05172000  2883.2386374611765
0.05174000  2882.833657457647
0.05176000  2882.4286774541174
0.05178000  2882.0236974505883
0.05180000  2881.6187174470588
0.05182000  2881.213737443529
0.05184000  2880.8087574399997
0.05186000  2880.4037774364706
0.05188000  2879.998797432941
0.05190000  2879.5938174294115
0.05192000  2879.1888374258824
0.05194000  2878.783857422353
0.05196000  2878.3788774188233
0.05198000  2877.9738974152942
0.05200000  2877.5689174117647
0.05202000  2877.163937408235
0.05204000  2876.7589574047056
0.05206000  2876.3539774011765
0.05208000  2875.948997397647
0.05210000  2875.5440173941174
0.05212000  2875.1390373905883
0.05214000  2874.734057387059
0.05216000  2874.3290773835292
0.05218000  2873.9240973799997
0.05220000  2873.5191173764706
0.05222000  2873.114137372941
0.05224000  2872.7091573694115
0.05226000  2872.3041773658824
0.05228000  2871.899197362353
0.05230000  2871.4942173588233
0.05232000  2871.0892373552942
0.05234000  2870.6842573517647
0.05236000  2870.279277348235
0.05238000  2869.8742973447056
0.05240000  2869.4693173411765
0.05242000  2869.064337337647
0.05244000  2868.6593573341174
0.05246000  2868.2543773305883
0.05248000  2867.849397327059
0.05250000  2867.4444173235293
0.05252000  2867.0394373199997
0.05254000  2866.6344573164706
0.05256000  2866.229477312941
0.05258000  2865.8244973094115
0.05260000  2865.4195173058824
0.05262000  2865.014537302353
0.05264000  2864.6095572988233
0.05266000  2864.2045772952943
0.05268000  2863.7995972917647
0.05270000  2863.394617288235
0.05272000  2862.9896372847056
0.05274000  2862.5846572811765
0.05276000  2862.179677277647
0.05278000  2861.7746972741174
0.05280000  2861.3697172705884
0.05282000  2860.964737267059
0.05284000  2860.5597572635293
0.05286000  2860.1547772599997
0.05288000  2859.7497972564706
0.05290000  2859.344817252941
0.05292000  2858.9398372494115
0.05294000  2858.5348572458824
0.05296000  2858.129877242353
0.05298000  2857.7248972388234
0.05300000  2857.3199172352943
0.05302000  2856.9149372317647
0.05304000  2856.509957228235
0.05306000  2856.1049772247056
0.05308000  2855.6999972211765
0.05310000  2855.295017217647
0.05312000  2854.8900372141175
0.05314000  2854.4850572105884
0.05316000  2854.080077207059
0.05318000  2853.6750972035293
0.05320000  2853.2701171999997
0.05322000  2852.8651371964706
0.05324000  2852.460157192941
0.05326000  2852.0551771894116
0.05328000  2851.6501971858825
0.05330000  2851.245217182353
0.05332000  2850.8402371788234
0.05334000  2850.435257175294
0.05336000  2850.0302771717647
0.05338000  2849.625297168235
0.05340000  2849.2203171647056
0.05342000  2848.8153371611766
0.05344000  2848.410357157647
0.05346000  2848.0053771541175
0.05348000  2847.600397150588
0.05350000  2847.195417147059
0.05352000  2846.7904371435293
0.05354000  2846.3854571399997
0.05356000  2845.9804771364707
0.05358000  2845.575497132941
0.05360000  2845.1705171294116
0.05362000  2844.7655371258825
0.05364000  2844.360557122353
0.05366000  2843.9555771188234
0.05368000  2843.550597115294
0.05370000  2843.1456171117648
0.05372000  2842.740637108235
0.05374000  2842.3356571047057
0.05376000  2841.9306771011766
0.05378000  2841.525697097647
0.05380000  2841.1207170941175
0.05382000  2840.715737090588
0.05384000  2840.310757087059
0.05386000  2839.9057770835293
0.05388000  2839.5007970799998
0.05390000  2839.0958170764707
0.05392000  2838.690837072941
0.05394000  2838.2858570694116
0.05396000  2837.8808770658825
0.05398000  2837.475897062353
0.05400000  2837.0709170588234
0.05402000  2836.665937055294
0.05404000  2836.2609570517648
0.05406000  2835.855977048235
0.05408000  2835.4509970447057
0.05410000  2835.0460170411766
0.05412000  2834.641037037647
0.05414000  2834.2360570341175
0.05416000  2833.831077030588
0.05418000  2833.426097027059
0.05420000  2833.0211170235293
0.05422000  2832.6161370199998
0.05424000  2832.2111570164707
0.05426000  2831.806177012941
0.05428000  2831.4011970094116
0.05430000  2830.9962170058825
0.05432000  2830.591237002353
0.05434000  2830.1862569988234
0.05436000  2829.781276995294
0.05438000  2829.376296991765
0.05440000  2828.9713169882352
0.05442000  2828.5663369847057
0.05444000  2828.1613569811766
0.05446000  2827.756376977647
0.05448000  2827.3513969741175
0.05450000  2826.946416970588
0.05452000  2826.541436967059
0.05454000  2826.1364569635293
0.05456000  2825.73147696
0.05458000  2825.3264969564707
0.05460000  2824.921516952941
0.05462000  2824.5165369494116
0.05464000  2824.1115569458825
0.05466000  2823.706576942353
0.05468000  2823.3015969388234
0.05470000  2822.896616935294
0.05472000  2822.491636931765
0.05474000  2822.0866569282352
0.05476000  2821.6816769247057
0.05478000  2821.2766969211766
0.05480000  2820.871716917647
0.05482000  2820.4667369141175
0.05484000  2820.061756910588
0.05486000  2819.656776907059
0.05488000  2819.2517969035293
0.05490000  2818.8468169
0.05492000  2818.4418368964707
0.05494000  2818.036856892941
0.05496000  2817.6318768894116
0.05498000  2817.2268968858825
0.05500000  2816.821916882353
0.05502000  2816.4169368788234
0.05504000  2816.011956875294
0.05506000  2815.606976871765
0.05508000  2815.2019968682353
0.05510000  2814.7970168647057
0.05512000  2814.3920368611766
0.05514000  2813.987056857647
0.05516000  2813.5820768541175
0.05518000  2813.177096850588
0.05520000  2812.772116847059
0.05522000  2812.3671368435294
0.05524000  2811.96215684
0.05526000  2811.5571768364707
0.05528000  2811.152196832941
0.05530000  2810.7472168294116
0.05532000  2810.3422368258825
0.05534000  2809.937256822353
0.05536000  2809.5322768188234
0.05538000  2809.127296815294
0.05540000  2808.722316811765
0.05542000  2808.3173368082353
0.05544000  2807.9123568047057
0.05546000  2807.507376801176
0.05548000  2807.102396797647
0.05550000  2806.6974167941175
0.05552000  2806.292436790588
0.05554000  2805.887456787059
0.05556000  2805.4824767835294
0.05558000  2805.07749678
0.05560000  2804.6725167764707
0.05562000  2804.267536772941
0.05564000  2803.8625567694116
0.05566000  2803.4575767658825
0.05568000  2803.052596762353
0.05570000  2802.6476167588235
0.05572000  2802.242636755294
0.05574000  2801.837656751765
0.05576000  2801.4326767482353
0.05578000  2801.0276967447057
0.05580000  2800.622716741176
0.05582000  2800.217736737647
0.05584000  2799.8127567341176
0.05586000  2799.407776730588
0.05588000  2799.002796727059
0.05590000  2798.5978167235294
0.05592000  2798.19283672
0.05594000  2797.7878567164707
0.05596000  2797.382876712941
0.05598000  2796.9778967094117
0.05600000  2796.572916705882
0.05602000  2796.167936702353
0.05604000  2795.7629566988235
0.05606000  2795.357976695294
0.05608000  2794.952996691765
0.05610000  2794.5480166882353
0.05612000  2794.1430366847057
0.05614000  2793.738056681176
0.05616000  2793.333076677647
0.05618000  2792.9280966741176
0.05620000  2792.523116670588
0.05622000  2792.118136667059
0.05624000  2791.7131566635294
0.05626000  2791.30817666
0.05628000  2790.9031966564708
0.05630000  2790.498216652941
0.05632000  2790.0932366494117
0.05634000  2789.688256645882
0.05636000  2789.283276642353
0.05638000  2788.8782966388235
0.05640000  2788.473316635294
0.05642000  2788.068336631765
0.05644000  2787.6633566282353
0.05646000  2787.2583766247058
0.05648000  2786.853396621176
0.05650000  2786.448416617647
0.05652000  2786.0434366141176
0.05654000  2785.638456610588
0.05656000  2785.233476607059
0.05658000  2784.8284966035294
0.05660000  2784.4235166
0.05662000  2784.0185365964708
0.05664000  2783.613556592941
0.05666000  2783.2085765894117
0.05668000  2782.803596585882
0.05670000  2782.398616582353
0.05672000  2781.9936365788235
0.05674000  2781.588656575294
0.05676000  2781.1836765717644
0.05678000  2780.7786965682353
0.05680000  2780.373716564706
0.05682000  2779.9687365611762
0.05684000  2779.563756557647
0.05686000  2779.1587765541176
0.05688000  2778.753796550588
0.05690000  2778.348816547059
0.05692000  2777.9438365435294
0.05694000  2777.53885654
0.05696000  2777.133876536471
0.05698000  2776.7288965329412
0.05700000  2776.3239165294117
0.05702000  2775.918936525882
0.05704000  2775.513956522353
0.05706000  2775.1089765188235
0.05708000  2774.703996515294
0.05710000  2774.2990165117644
0.05712000  2773.8940365082353
0.05714000  2773.489056504706
0.05716000  2773.0840765011762
0.05718000  2772.679096497647
0.05720000  2772.2741164941176
0.05722000  2771.869136490588
0.05724000  2771.464156487059
0.05726000  2771.0591764835294
0.05728000  2770.65419648
0.05730000  2770.249216476471
0.05732000  2769.8442364729412
0.05734000  2769.4392564694117
0.05736000  2769.034276465882
0.05738000  2768.629296462353
0.05740000  2768.2243164588235
0.05742000  2767.819336455294
0.05744000  2767.4143564517644
0.05746000  2767.0093764482353
0.05748000  2766.604396444706
0.05750000  2766.1994164411763
0.05752000  2765.794436437647
0.05754000  2765.3894564341176
0.05756000  2764.984476430588
0.05758000  2764.579496427059
0.05760000  2764.1745164235294
0.05762000  2763.76953642
0.05764000  2763.364556416471
0.05766000  2762.9595764129413
0.05768000  2762.5545964094117
0.05770000  2762.149616405882
0.05772000  2761.744636402353
0.05774000  2761.3396563988235
0.05776000  2760.934676395294
0.05778000  2760.5296963917644
0.05780000  2760.1247163882354
0.05782000  2759.719736384706
0.05784000  2759.3147563811763
0.05786000  2758.909776377647
0.05788000  2758.5047963741176
0.05790000  2758.099816370588
0.05792000  2757.694836367059
0.05794000  2757.2898563635295
0.05796000  2756.88487636
0.05798000  2756.4798963564704
0.05800000  2756.0749163529413
0.05802000  2755.6699363494117
0.05804000  2755.264956345882
0.05806000  2754.859976342353
0.05808000  2754.4549963388235
0.05810000  2754.050016335294
0.05812000  2753.6450363317645
0.05814000  2753.2400563282354
0.05816000  2752.835076324706
0.05818000  2752.4300963211763
0.05820000  2752.025116317647
0.05822000  2751.6201363141176
0.05824000  2751.215156310588
0.05826000  2750.810176307059
0.05828000  2750.4051963035295
0.05830000  2750.0002163
0.05832000  2749.5952362964704
0.05834000  2749.1902562929413
0.05836000  2748.7852762894117
0.05838000  2748.380296285882
0.05840000  2747.975316282353
0.05842000  2747.5703362788236
0.05844000  2747.165356275294
0.05846000  2746.7603762717645
0.05848000  2746.3553962682354
0.05850000  2745.950416264706
0.05852000  2745.5454362611763
0.05854000  2745.140456257647
0.05856000  2744.7354762541177
0.05858000  2744.330496250588
0.05860000  2743.925516247059
0.05862000  2743.5205362435295
0.05864000  2743.11555624
0.05866000  2742.7105762364704
0.05868000  2742.3055962329413
0.05870000  2741.9006162294118
0.05872000  2741.495636225882
0.05874000  2741.090656222353
0.05876000  2740.6856762188236
0.05878000  2740.280696215294
0.05880000  2739.8757162117645
0.05882000  2739.4707362082354
0.05884000  2739.065756204706
0.05886000  2738.6607762011763
0.05888000  2738.255796197647
0.05890000  2737.8508161941177
0.05892000  2737.445836190588
0.05894000  2737.040856187059
0.05896000  2736.6358761835295
0.05898000  2736.23089618
0.05900000  2735.8259161764704
0.05902000  2735.4209361729413
0.05904000  2735.0159561694118
0.05906000  2734.610976165882
0.05908000  2734.2059961623527
0.05910000  2733.8010161588236
0.05912000  2733.396036155294
0.05914000  2732.9910561517645
0.05916000  2732.5860761482354
0.05918000  2732.181096144706
0.05920000  2731.7761161411763
0.05922000  2731.371136137647
0.05924000  2730.9661561341177
0.05926000  2730.561176130588
0.05928000  2730.156196127059
0.05930000  2729.7512161235295
0.05932000  2729.34623612
0.05934000  2728.9412561164704
0.05936000  2728.5362761129413
0.05938000  2728.131296109412
0.05940000  2727.7263161058822
0.05942000  2727.3213361023527
0.05944000  2726.9163560988236
0.05946000  2726.511376095294
0.05948000  2726.1063960917645
0.05950000  2725.7014160882354
0.05952000  2725.296436084706
0.05954000  2724.8914560811763
0.05956000  2724.4864760776472
0.05958000  2724.0814960741177
0.05960000  2723.676516070588
0.05962000  2723.271536067059
0.05964000  2722.8665560635295
0.05966000  2722.46157606
0.05968000  2722.0565960564704
0.05970000  2721.6516160529413
0.05972000  2721.246636049412
0.05974000  2720.8416560458822
0.05976000  2720.4366760423527
0.05978000  2720.0316960388236
0.05980000  2719.626716035294
0.05982000  2719.2217360317645
0.05984000  2718.8167560282354
0.05986000  2718.411776024706
0.05988000  2718.0067960211763
0.05990000  2717.6018160176473
0.05992000  2717.1968360141177
0.05994000  2716.791856010588
0.05996000  2716.386876007059
0.05998000  2715.9818960035295
0.06000000  2715.576916
0.06002000  2712.567034
0.06004000  2709.791439
0.06006000  2707.232741
0.06008000  2704.863349
0.06010000  2702.517465
0.06012000  2699.715059
0.06014000  2695.953446
0.06016000  2690.892633
0.06018000  2684.134496
0.06020000  2675.239346
0.06022000  2663.147213
0.06024000  2644.67412
0.06026000  2615.918741
0.06028000  2571.988947
0.06030000  2506.032697
0.06032000  2408.718837
0.06034000  2268.923831
0.06036000  2077.254265
0.06038000  1838.493865
0.06040000  1582.77067
0.06042000  1333.309755
0.06044000  1088.641154
0.06046000  834.432308
0.06048000  568.664566
0.06050000  337.034768
0.06052000  193.15277
0.06054000  119.970601
0.06056000  87.564855
0.06058000  77.735584
0.06060000  86.898989
0.06062000  122.865653
0.06064000  206.278298
0.06066000  366.391809
0.06068000  613.586483
0.06070000  929.098042
0.06072000  1279.036574
0.06074000  1627.070529
0.06076000  1945.491127
0.06078000  2217.3828
0.06080000  2434.865065
0.06082000  2599.906985
0.06084000  2721.223183
0.06086000  2809.283779
0.06088000  2873.194841
0.06090000  2919.859916
0.06092000  2954.22738
0.06094000  2979.761136
0.06096000  2998.882163
0.06098000  3013.304093
0.06100000  3024.246935
0.06102000  3032.585591
0.06104000  3038.956874
0.06106000  3043.834963
0.06108000  3047.566486
0.06110000  3050.4236
0.06112000  3052.607406
0.06114000  3054.272237
0.06116000  3055.5327
0.06118000  3056.480394
0.06120000  3057.183262
0.06122000  3057.693636
0.06124000  3058.054136
0.06126000  3058.299738
0.06128000  3058.454296
0.06130000  3058.541548
0.06132000  3058.577898
0.06134000  3058.579715
0.06136000  3058.559723
0.06138000  3058.527008
0.06140000  3058.494289
0.06142000  3058.45975
0.06144000  3058.427026
0.06146000  3058.396117
0.06148000  3058.368842
0.06150000  3058.347021
0.06152000  3058.330655
0.06154000  3058.317924
0.06156000  3058.31065
0.06158000  3058.307013
0.06160000  3058.305194
0.06162000  3058.308831
0.06164000  3058.314287
0.06166000  3058.321562
0.06168000  3058.330655
0.06170000  3058.341566
0.06172000  3058.352476
0.06174000  3058.365205
0.06176000  3058.379752
0.06178000  3058.394298
0.06180000  3058.410662
0.06182000  3058.425207
0.06184000  3058.44157
0.06186000  3058.45975
0.06188000  3058.476111
0.06190000  3058.494289
0.06192000  3058.512466
0.06194000  3058.530643
0.06196000  3058.548818
0.06198000  3058.568811
0.06200000  3058.588802
0.06202000  3058.606975
0.06204000  3058.626964
0.06206000  3058.648769
0.06208000  3058.668756
0.06210000  3058.688742
0.06212000  3058.710543
0.06214000  3058.730527
0.06216000  3058.752326
0.06218000  3058.774124
0.06220000  3058.795921
0.06222000  3058.817717
0.06224000  3058.841327
0.06226000  3058.86312
0.06228000  3058.886728
0.06230000  3058.908518
0.06232000  3058.932123
0.06234000  3058.955727
0.06236000  3058.979329
0.06238000  3059.002929
0.06240000  3059.026528
0.06242000  3059.050126
0.06244000  3059.073722
0.06246000  3059.099132
0.06248000  3059.122725
0.06250000  3059.148131
0.06252000  3059.173536
0.06254000  3059.198939
0.06256000  3059.222526
0.06258000  3059.247926
0.06260000  3059.273324
0.06262000  3059.300534
0.06264000  3059.325929
0.06266000  3059.351322
0.06268000  3059.376713
0.06270000  3059.403916
0.06272000  3059.429304
0.06274000  3059.456503
0.06276000  3059.4837
0.06278000  3059.509083
0.06280000  3059.536277
0.06282000  3059.563468
0.06284000  3059.590658
0.06286000  3059.617846
0.06288000  3059.645032
0.06290000  3059.672216
0.06292000  3059.699398
0.06294000  3059.726578
0.06296000  3059.753756
0.06298000  3059.780933
0.06300000  3059.809919
