0.00000000  2715.563978
0.00002000  2712.557299
0.00004000  2709.781674
0.00006000  2707.222949
0.00008000  2704.850259
0.00010000  2702.504343
0.00012000  2699.701898
0.00014000  2695.943536
0.00016000  2690.88267
0.00018000  2684.124464
0.00020000  2675.225849
0.00022000  2663.133553
0.00024000  2644.660214
0.00026000  2615.900893
0.00028000  2571.963002
0.00030000  2505.970313
0.00032000  2408.57339
0.00034000  2268.512896
0.00036000  2075.757223
0.00038000  1834.736044
0.00040000  1578.041237
0.00042000  1328.287366
0.00044000  1083.183289
0.00046000  828.567124
0.00048000  561.286043
0.00050000  328.42095
0.00052000  186.725126
0.00054000  114.888335
0.00056000  83.015261
0.00058000  72.620555
0.00060000  79.862919
0.00062000  110.863263
0.00064000  182.494942
0.00066000  319.03474
0.00068000  529.616691
0.00070000  805.085142
0.00072000  1123.830175
0.00074000  1457.045651
0.00076000  1777.803597
0.00078000  2064.589196
0.00080000  2303.043742
0.00082000  2489.726761
0.00084000  2630.306876
0.00086000  2734.313355
0.00088000  2810.982923
0.00090000  2867.724276
0.00092000  2910.047143
0.00094000  2941.885326
0.00096000  2966.035119
0.00098000  2984.5062
0.00100000  2998.729315
0.00102000  3009.743089
0.00104000  3018.308864
0.00106000  3024.989895
0.00108000  3030.211218
0.00110000  3034.302051
0.00112000  3037.510753
0.00114000  3040.0267
0.00116000  3041.998796
0.00118000  3043.53864
0.00120000  3044.733924
0.00122000  3045.657175
0.00124000  3046.362752
0.00126000  3046.896737
0.00128000  3047.295354
0.00130000  3047.587047
0.00132000  3047.798204
0.00134000  3047.947628
0.00136000  3048.055926
0.00138000  3048.138063
0.00140000  3048.205253
0.00142000  3048.263103
0.00144000  3048.311615
0.00146000  3048.358256
0.00148000  3048.404891
0.00150000  3048.449656
0.00152000  3048.498145
0.00154000  3048.546629
0.00156000  3048.6007
0.00158000  3048.654763
0.00160000  3048.712547
0.00162000  3048.772186
0.00164000  3048.83368
0.00166000  3048.897026
0.00168000  3048.962226
0.00170000  3049.025552
0.00172000  3049.092593
0.00174000  3049.15776
0.00176000  3049.224778
0.00178000  3049.291785
0.00180000  3049.35878
0.00182000  3049.425764
0.00184000  3049.492737
0.00186000  3049.561558
0.00188000  3049.628508
0.00190000  3049.695447
0.00192000  3049.762374
0.00194000  3049.831148
0.00196000  3049.898053
0.00198000  3049.964945
0.00200000  3050.031827
0.00202000  3050.098697
0.00204000  3050.165556
0.00206000  3050.232404
0.00208000  3050.297384
0.00210000  3050.364209
0.00212000  3050.431023
0.00214000  3050.49597
0.00216000  3050.562762
0.00218000  3050.627688
0.00220000  3050.692603
0.00222000  3050.759361
0.00224000  3050.824254
0.00226000  3050.889137
0.00228000  3050.954009
0.00230000  3051.01887
0.00232000  3051.083721
0.00234000  3051.146708
0.00236000  3051.211538
0.00238000  3051.276356
0.00240000  3051.339313
0.00242000  3051.404111
0.00244000  3051.467047
0.00246000  3051.529973
0.00248000  3051.592889
0.00250000  3051.655795
0.00252000  3051.718691
0.00254000  3051.781577
0.00256000  3051.844453
0.00258000  3051.907319
0.00260000  3051.970174
0.00262000  3052.031172
0.00264000  3052.094008
0.00266000  3052.154986
0.00268000  3052.215955
0.00270000  3052.278761
0.00272000  3052.33971
0.00274000  3052.40065
0.00276000  3052.461581
0.00278000  3052.522502
0.00280000  3052.583414
0.00282000  3052.64247
0.00284000  3052.703363
0.00286000  3052.764247
0.00288000  3052.823276
0.00290000  3052.884141
0.00292000  3052.943153
0.00294000  3053.002155
0.00296000  3053.061149
0.00298000  3053.121977
0.00300000  3053.180953
0.00302000  3052.7837565588234
0.00304000  3052.386560117647
0.00306000  3051.9893636764705
0.00308000  3051.5921672352943
0.00310000  3051.1949707941176
0.00312000  3050.7977743529414
0.00314000  3050.4005779117647
0.00316000  3050.0033814705885
0.00318000  3049.606185029412
0.00320000  3049.208988588235
0.00322000  3048.811792147059
0.00324000  3048.414595705882
0.00326000  3048.017399264706
0.00328000  3047.6202028235293
0.00330000  3047.223006382353
0.00332000  3046.8258099411764
0.00334000  3046.4286135
0.00336000  3046.0314170588235
0.00338000  3045.6342206176473
0.00340000  3045.2370241764706
0.00342000  3044.839827735294
0.00344000  3044.4426312941177
0.00346000  3044.045434852941
0.00348000  3043.648238411765
0.00350000  3043.251041970588
0.00352000  3042.853845529412
0.00354000  3042.4566490882353
0.00356000  3042.059452647059
0.00358000  3041.6622562058824
0.00360000  3041.2650597647057
0.00362000  3040.8678633235295
0.00364000  3040.470666882353
0.00366000  3040.0734704411766
0.00368000  3039.676274
0.00370000  3039.2790775588237
0.00372000  3038.881881117647
0.00374000  3038.484684676471
0.00376000  3038.087488235294
0.00378000  3037.690291794118
0.00380000  3037.2930953529412
0.00382000  3036.8958989117646
0.00384000  3036.4987024705883
0.00386000  3036.1015060294117
0.00388000  3035.7043095882354
0.00390000  3035.3071131470588
0.00392000  3034.9099167058826
0.00394000  3034.512720264706
0.00396000  3034.1155238235297
0.00398000  3033.718327382353
0.00400000  3033.3211309411763
0.00402000  3032.9239345
0.00404000  3032.5267380588234
0.00406000  3032.129541617647
0.00408000  3031.7323451764705
0.00410000  3031.3351487352943
0.00412000  3030.9379522941176
0.00414000  3030.5407558529414
0.00416000  3030.1435594117647
0.00418000  3029.7463629705885
0.00420000  3029.349166529412
0.00422000  3028.951970088235
0.00424000  3028.554773647059
0.00426000  3028.1575772058823
0.00428000  3027.760380764706
0.00430000  3027.3631843235294
0.00432000  3026.965987882353
0.00434000  3026.5687914411765
0.00436000  3026.1715950000003
0.00438000  3025.7743985588236
0.00440000  3025.377202117647
0.00442000  3024.9800056764707
0.00444000  3024.582809235294
0.00446000  3024.185612794118
0.00448000  3023.788416352941
0.00450000  3023.391219911765
0.00452000  3022.994023470588
0.00454000  3022.596827029412
0.00456000  3022.1996305882353
0.00458000  3021.802434147059
0.00460000  3021.4052377058824
0.00462000  3021.0080412647058
0.00464000  3020.6108448235295
0.00466000  3020.213648382353
0.00468000  3019.8164519411766
0.00470000  3019.4192555
0.00472000  3019.0220590588237
0.00474000  3018.624862617647
0.00476000  3018.227666176471
0.00478000  3017.830469735294
0.00480000  3017.4332732941175
0.00482000  3017.0360768529413
0.00484000  3016.6388804117646
0.00486000  3016.2416839705884
0.00488000  3015.8444875294117
0.00490000  3015.4472910882355
0.00492000  3015.050094647059
0.00494000  3014.6528982058826
0.00496000  3014.255701764706
0.00498000  3013.8585053235292
0.00500000  3013.461308882353
0.00502000  3013.0641124411763
0.00504000  3012.666916
0.00506000  3012.2697195588235
0.00508000  3011.8725231176472
0.00510000  3011.4753266764706
0.00512000  3011.0781302352943
0.00514000  3010.6809337941177
0.00516000  3010.2837373529414
0.00518000  3009.8865409117648
0.00520000  3009.489344470588
0.00522000  3009.092148029412
0.00524000  3008.694951588235
0.00526000  3008.297755147059
0.00528000  3007.9005587058823
0.00530000  3007.503362264706
0.00532000  3007.1061658235294
0.00534000  3006.708969382353
0.00536000  3006.3117729411765
0.00538000  3005.9145765
0.00540000  3005.5173800588236
0.00542000  3005.120183617647
0.00544000  3004.7229871764707
0.00546000  3004.325790735294
0.00548000  3003.928594294118
0.00550000  3003.531397852941
0.00552000  3003.134201411765
0.00554000  3002.7370049705883
0.00556000  3002.339808529412
0.00558000  3001.9426120882354
0.00560000  3001.5454156470587
0.00562000  3001.1482192058825
0.00564000  3000.751022764706
0.00566000  3000.3538263235296
0.00568000  2999.956629882353
0.00570000  2999.5594334411767
0.00572000  2999.162237
0.00574000  2998.765040558824
0.00576000  2998.367844117647
0.00578000  2997.9706476764704
0.00580000  2997.573451235294
0.00582000  2997.1762547941175
0.00584000  2996.7790583529413
0.00586000  2996.3818619117646
0.00588000  2995.9846654705884
0.00590000  2995.5874690294117
0.00592000  2995.1902725882355
0.00594000  2994.793076147059
0.00596000  2994.3958797058826
0.00598000  2993.998683264706
0.00600000  2993.6014868235293
0.00602000  2993.204290382353
0.00604000  2992.8070939411764
0.00606000  2992.4098975
0.00608000  2992.0127010588235
0.00610000  2991.6155046176473
0.00612000  2991.2183081764706
0.00614000  2990.8211117352944
0.00616000  2990.4239152941177
0.00618000  2990.026718852941
0.00620000  2989.629522411765
0.00622000  2989.232325970588
0.00624000  2988.835129529412
0.00626000  2988.4379330882352
0.00628000  2988.040736647059
0.00630000  2987.6435402058823
0.00632000  2987.246343764706
0.00634000  2986.8491473235295
0.00636000  2986.4519508823532
0.00638000  2986.0547544411766
0.00640000  2985.657558
0.00642000  2985.2603615588237
0.00644000  2984.863165117647
0.00646000  2984.4659686764708
0.00648000  2984.068772235294
0.00650000  2983.671575794118
0.00652000  2983.274379352941
0.00654000  2982.877182911765
0.00656000  2982.4799864705883
0.00658000  2982.0827900294116
0.00660000  2981.6855935882354
0.00662000  2981.2883971470587
0.00664000  2980.8912007058825
0.00666000  2980.494004264706
0.00668000  2980.0968078235296
0.00670000  2979.699611382353
0.00672000  2979.3024149411767
0.00674000  2978.9052185
0.00676000  2978.5080220588234
0.00678000  2978.110825617647
0.00680000  2977.7136291764705
0.00682000  2977.3164327352943
0.00684000  2976.9192362941176
0.00686000  2976.5220398529414
0.00688000  2976.1248434117647
0.00690000  2975.7276469705885
0.00692000  2975.330450529412
0.00694000  2974.9332540882356
0.00696000  2974.536057647059
0.00698000  2974.138861205882
0.00700000  2973.741664764706
0.00702000  2973.3444683235293
0.00704000  2972.947271882353
0.00706000  2972.5500754411764
0.00708000  2972.152879
0.00710000  2971.7556825588235
0.00712000  2971.3584861176473
0.00714000  2970.9612896764706
0.00716000  2970.5640932352944
0.00718000  2970.1668967941177
0.00720000  2969.769700352941
0.00722000  2969.372503911765
0.00724000  2968.975307470588
0.00726000  2968.578111029412
0.00728000  2968.1809145882353
0.00730000  2967.783718147059
0.00732000  2967.3865217058824
0.00734000  2966.989325264706
0.00736000  2966.5921288235295
0.00738000  2966.194932382353
0.00740000  2965.7977359411766
0.00742000  2965.4005395
0.00744000  2965.0033430588237
0.00746000  2964.606146617647
0.00748000  2964.208950176471
0.00750000  2963.811753735294
0.00752000  2963.414557294118
0.00754000  2963.0173608529412
0.00756000  2962.6201644117646
0.00758000  2962.2229679705883
0.00760000  2961.8257715294117
0.00762000  2961.4285750882354
0.00764000  2961.031378647059
0.00766000  2960.6341822058826
0.00768000  2960.236985764706
0.00770000  2959.8397893235297
0.00772000  2959.442592882353
0.00774000  2959.0453964411768
0.00776000  2958.6482
0.00778000  2958.2510035588234
0.00780000  2957.853807117647
0.00782000  2957.4566106764705
0.00784000  2957.0594142352943
0.00786000  2956.6622177941176
0.00788000  2956.2650213529414
0.00790000  2955.8678249117647
0.00792000  2955.4706284705885
0.00794000  2955.073432029412
0.00796000  2954.676235588235
0.00798000  2954.279039147059
0.00800000  2953.8818427058823
0.00802000  2953.484646264706
0.00804000  2953.0874498235294
0.00806000  2952.690253382353
0.00808000  2952.2930569411765
0.00810000  2951.8958605000003
0.00812000  2951.4986640588236
0.00814000  2951.1014676176474
0.00816000  2950.7042711764707
0.00818000  2950.307074735294
0.00820000  2949.909878294118
0.00822000  2949.512681852941
0.00824000  2949.115485411765
0.00826000  2948.718288970588
0.00828000  2948.321092529412
0.00830000  2947.9238960882353
0.00832000  2947.526699647059
0.00834000  2947.1295032058824
0.00836000  2946.7323067647058
0.00838000  2946.3351103235295
0.00840000  2945.937913882353
0.00842000  2945.5407174411766
0.00844000  2945.143521
0.00846000  2944.7463245588237
0.00848000  2944.349128117647
0.00850000  2943.951931676471
0.00852000  2943.554735235294
0.00854000  2943.1575387941175
0.00856000  2942.7603423529413
0.00858000  2942.3631459117646
0.00860000  2941.9659494705884
0.00862000  2941.5687530294117
0.00864000  2941.1715565882355
0.00866000  2940.774360147059
0.00868000  2940.3771637058826
0.00870000  2939.979967264706
0.00872000  2939.5827708235297
0.00874000  2939.185574382353
0.00876000  2938.7883779411763
0.00878000  2938.3911815
0.00880000  2937.9939850588235
0.00882000  2937.5967886176472
0.00884000  2937.1995921764706
0.00886000  2936.8023957352943
0.00888000  2936.4051992941177
0.00890000  2936.0080028529414
0.00892000  2935.6108064117648
0.00894000  2935.2136099705885
0.00896000  2934.816413529412
0.00898000  2934.419217088235
0.00900000  2934.022020647059
0.00902000  2933.6248242058823
0.00904000  2933.227627764706
0.00906000  2932.8304313235294
0.00908000  2932.433234882353
0.00910000  2932.0360384411765
0.00912000  2931.6388420000003
0.00914000  2931.2416455588236
0.00916000  2930.844449117647
0.00918000  2930.4472526764707
0.00920000  2930.050056235294
0.00922000  2929.652859794118
0.00924000  2929.255663352941
0.00926000  2928.858466911765
0.00928000  2928.4612704705883
0.00930000  2928.064074029412
0.00932000  2927.6668775882354
0.00934000  2927.2696811470587
0.00936000  2926.8724847058825
0.00938000  2926.475288264706
0.00940000  2926.0780918235296
0.00942000  2925.680895382353
0.00944000  2925.2836989411767
0.00946000  2924.8865025
0.00948000  2924.489306058824
0.00950000  2924.092109617647
0.00952000  2923.6949131764704
0.00954000  2923.297716735294
0.00956000  2922.9005202941175
0.00958000  2922.5033238529413
0.00960000  2922.1061274117646
0.00962000  2921.7089309705884
0.00964000  2921.3117345294118
0.00966000  2920.9145380882355
0.00968000  2920.517341647059
0.00970000  2920.1201452058826
0.00972000  2919.722948764706
0.00974000  2919.3257523235297
0.00976000  2918.928555882353
0.00978000  2918.5313594411764
0.00980000  2918.134163
0.00982000  2917.7369665588235
0.00984000  2917.3397701176473
0.00986000  2916.9425736764706
0.00988000  2916.5453772352944
0.00990000  2916.1481807941177
0.00992000  2915.7509843529415
0.00994000  2915.353787911765
0.00996000  2914.956591470588
0.00998000  2914.559395029412
0.01000000  2914.1621985882352
0.01002000  2913.765002147059
0.01004000  2913.3678057058823
0.01006000  2912.970609264706
0.01008000  2912.5734128235295
0.01010000  2912.1762163823532
0.01012000  2911.7790199411766
0.01014000  2911.3818235
0.01016000  2910.9846270588237
0.01018000  2910.587430617647
0.01020000  2910.1902341764708
0.01022000  2909.793037735294
0.01024000  2909.395841294118
0.01026000  2908.998644852941
0.01028000  2908.601448411765
0.01030000  2908.2042519705883
0.01032000  2907.8070555294116
0.01034000  2907.4098590882354
0.01036000  2907.0126626470587
0.01038000  2906.6154662058825
0.01040000  2906.218269764706
0.01042000  2905.8210733235296
0.01044000  2905.423876882353
0.01046000  2905.0266804411767
0.01048000  2904.629484
0.01050000  2904.232287558824
0.01052000  2903.835091117647
0.01054000  2903.4378946764705
0.01056000  2903.0406982352943
0.01058000  2902.6435017941176
0.01060000  2902.2463053529414
0.01062000  2901.8491089117647
0.01064000  2901.4519124705885
0.01066000  2901.054716029412
0.01068000  2900.6575195882356
0.01070000  2900.260323147059
0.01072000  2899.8631267058827
0.01074000  2899.465930264706
0.01076000  2899.0687338235293
0.01078000  2898.671537382353
0.01080000  2898.2743409411764
0.01082000  2897.8771445
0.01084000  2897.4799480588235
0.01086000  2897.0827516176473
0.01088000  2896.6855551764706
0.01090000  2896.2883587352944
0.01092000  2895.8911622941177
0.01094000  2895.493965852941
0.01096000  2895.096769411765
0.01098000  2894.699572970588
0.01100000  2894.302376529412
0.01102000  2893.9051800882353
0.01104000  2893.507983647059
0.01106000  2893.1107872058824
0.01108000  2892.713590764706
0.01110000  2892.3163943235295
0.01112000  2891.919197882353
0.01114000  2891.5220014411766
0.01116000  2891.124805
0.01118000  2890.7276085588237
0.01120000  2890.330412117647
0.01122000  2889.933215676471
0.01124000  2889.536019235294
0.01126000  2889.138822794118
0.01128000  2888.7416263529412
0.01130000  2888.3444299117646
0.01132000  2887.9472334705883
0.01134000  2887.5500370294117
0.01136000  2887.1528405882354
0.01138000  2886.755644147059
0.01140000  2886.3584477058826
0.01142000  2885.961251264706
0.01144000  2885.5640548235297
0.01146000  2885.166858382353
0.01148000  2884.7696619411768
0.01150000  2884.3724655
0.01152000  2883.975269058824
0.01154000  2883.578072617647
0.01156000  2883.1808761764705
0.01158000  2882.7836797352943
0.01160000  2882.3864832941176
0.01162000  2881.9892868529414
0.01164000  2881.5920904117647
0.01166000  2881.1948939705885
0.01168000  2880.797697529412
0.01170000  2880.4005010882356
0.01172000  2880.003304647059
0.01174000  2879.6061082058823
0.01176000  2879.208911764706
0.01178000  2878.8117153235294
0.01180000  2878.414518882353
0.01182000  2878.0173224411765
0.01184000  2877.6201260000003
0.01186000  2877.2229295588236
0.01188000  2876.8257331176474
0.01190000  2876.4285366764707
0.01192000  2876.031340235294
0.01194000  2875.634143794118
0.01196000  2875.236947352941
0.01198000  2874.839750911765
0.01200000  2874.442554470588
0.01202000  2874.045358029412
0.01204000  2873.6481615882353
0.01206000  2873.250965147059
0.01208000  2872.8537687058824
0.01210000  2872.4565722647058
0.01212000  2872.0593758235295
0.01214000  2871.662179382353
0.01216000  2871.2649829411766
0.01218000  2870.8677865
0.01220000  2870.4705900588237
0.01222000  2870.073393617647
0.01224000  2869.676197176471
0.01226000  2869.279000735294
0.01228000  2868.881804294118
0.01230000  2868.4846078529413
0.01232000  2868.0874114117646
0.01234000  2867.6902149705884
0.01236000  2867.2930185294117
0.01238000  2866.8958220882355
0.01240000  2866.498625647059
0.01242000  2866.1014292058826
0.01244000  2865.704232764706
0.01246000  2865.3070363235297
0.01248000  2864.909839882353
0.01250000  2864.512643441177
0.01252000  2864.115447
0.01254000  2863.7182505588235
0.01256000  2863.3210541176472
0.01258000  2862.9238576764706
0.01260000  2862.5266612352943
0.01262000  2862.1294647941177
0.01264000  2861.7322683529414
0.01266000  2861.3350719117648
0.01268000  2860.9378754705886
0.01270000  2860.540679029412
0.01272000  2860.143482588235
0.01274000  2859.746286147059
0.01276000  2859.3490897058823
0.01278000  2858.951893264706
0.01280000  2858.5546968235294
0.01282000  2858.157500382353
0.01284000  2857.7603039411765
0.01286000  2857.3631075000003
0.01288000  2856.9659110588236
0.01290000  2856.568714617647
0.01292000  2856.1715181764707
0.01294000  2855.774321735294
0.01296000  2855.377125294118
0.01298000  2854.979928852941
0.01300000  2854.582732411765
0.01302000  2854.1855359705883
0.01304000  2853.788339529412
0.01306000  2853.3911430882354
0.01308000  2852.9939466470587
0.01310000  2852.5967502058825
0.01312000  2852.199553764706
0.01314000  2851.8023573235296
0.01316000  2851.405160882353
0.01318000  2851.0079644411767
0.01320000  2850.610768
0.01322000  2850.213571558824
0.01324000  2849.816375117647
0.01326000  2849.419178676471
0.01328000  2849.021982235294
0.01330000  2848.624785794118
0.01332000  2848.2275893529413
0.01334000  2847.8303929117646
0.01336000  2847.4331964705884
0.01338000  2847.0360000294118
0.01340000  2846.6388035882355
0.01342000  2846.241607147059
0.01344000  2845.8444107058826
0.01346000  2845.447214264706
0.01348000  2845.0500178235297
0.01350000  2844.652821382353
0.01352000  2844.2556249411764
0.01354000  2843.8584285
0.01356000  2843.4612320588235
0.01358000  2843.0640356176473
0.01360000  2842.6668391764706
0.01362000  2842.2696427352944
0.01364000  2841.8724462941177
0.01366000  2841.4752498529415
0.01368000  2841.078053411765
0.01370000  2840.680856970588
0.01372000  2840.283660529412
0.01374000  2839.8864640882352
0.01376000  2839.489267647059
0.01378000  2839.0920712058823
0.01380000  2838.694874764706
0.01382000  2838.2976783235295
0.01384000  2837.9004818823532
0.01386000  2837.5032854411766
0.01388000  2837.106089
0.01390000  2836.7088925588237
0.01392000  2836.311696117647
0.01394000  2835.9144996764708
0.01396000  2835.517303235294
0.01398000  2835.120106794118
0.01400000  2834.722910352941
0.01402000  2834.325713911765
0.01404000  2833.9285174705883
0.01406000  2833.531321029412
0.01408000  2833.1341245882354
0.01410000  2832.7369281470587
0.01412000  2832.3397317058825
0.01414000  2831.942535264706
0.01416000  2831.5453388235296
0.01418000  2831.148142382353
0.01420000  2830.7509459411767
0.01422000  2830.3537495
0.01424000  2829.956553058824
0.01426000  2829.559356617647
0.01428000  2829.162160176471
0.01430000  2828.7649637352943
0.01432000  2828.3677672941176
0.01434000  2827.9705708529414
0.01436000  2827.5733744117647
0.01438000  2827.1761779705885
0.01440000  2826.778981529412
0.01442000  2826.3817850882356
0.01444000  2825.984588647059
0.01446000  2825.5873922058827
0.01448000  2825.190195764706
0.01450000  2824.7929993235293
0.01452000  2824.395802882353
0.01454000  2823.9986064411764
0.01456000  2823.60141
0.01458000  2823.2042135588235
0.01460000  2822.8070171176473
0.01462000  2822.4098206764706
0.01464000  2822.0126242352944
0.01466000  2821.6154277941177
0.01468000  2821.218231352941
0.01470000  2820.821034911765
0.01472000  2820.423838470588
0.01474000  2820.026642029412
0.01476000  2819.6294455882353
0.01478000  2819.232249147059
0.01480000  2818.8350527058824
0.01482000  2818.437856264706
0.01484000  2818.0406598235295
0.01486000  2817.6434633823533
0.01488000  2817.2462669411766
0.01490000  2816.8490705
0.01492000  2816.4518740588237
0.01494000  2816.054677617647
0.01496000  2815.657481176471
0.01498000  2815.260284735294
0.01500000  2814.863088294118
0.01502000  2814.4658918529412
0.01504000  2814.068695411765
0.01506000  2813.6714989705883
0.01508000  2813.274302529412
0.01510000  2812.8771060882355
0.01512000  2812.479909647059
0.01514000  2812.0827132058826
0.01516000  2811.685516764706
0.01518000  2811.2883203235297
0.01520000  2810.891123882353
0.01522000  2810.4939274411768
0.01524000  2810.096731
0.01526000  2809.699534558824
0.01528000  2809.302338117647
0.01530000  2808.9051416764705
0.01532000  2808.5079452352943
0.01534000  2808.1107487941176
0.01536000  2807.7135523529414
0.01538000  2807.3163559117647
0.01540000  2806.9191594705885
0.01542000  2806.521963029412
0.01544000  2806.1247665882356
0.01546000  2805.727570147059
0.01548000  2805.3303737058823
0.01550000  2804.933177264706
0.01552000  2804.5359808235294
0.01554000  2804.138784382353
0.01556000  2803.7415879411765
0.01558000  2803.3443915000003
0.01560000  2802.9471950588236
0.01562000  2802.5499986176474
0.01564000  2802.1528021764707
0.01566000  2801.755605735294
0.01568000  2801.358409294118
0.01570000  2800.961212852941
0.01572000  2800.564016411765
0.01574000  2800.166819970588
0.01576000  2799.769623529412
0.01578000  2799.3724270882353
0.01580000  2798.975230647059
0.01582000  2798.5780342058824
0.01584000  2798.180837764706
0.01586000  2797.7836413235295
0.01588000  2797.386444882353
0.01590000  2796.9892484411766
0.01592000  2796.592052
0.01594000  2796.1948555588237
0.01596000  2795.797659117647
0.01598000  2795.400462676471
0.01600000  2795.003266235294
0.01602000  2794.606069794118
0.01604000  2794.2088733529413
0.01606000  2793.811676911765
0.01608000  2793.4144804705884
0.01610000  2793.0172840294117
0.01612000  2792.6200875882355
0.01614000  2792.222891147059
0.01616000  2791.8256947058826
0.01618000  2791.428498264706
0.01620000  2791.0313018235297
0.01622000  2790.634105382353
0.01624000  2790.236908941177
0.01626000  2789.8397125
0.01628000  2789.4425160588235
0.01630000  2789.0453196176472
0.01632000  2788.6481231764706
0.01634000  2788.2509267352943
0.01636000  2787.8537302941177
0.01638000  2787.4565338529414
0.01640000  2787.059337411765
0.01642000  2786.6621409705886
0.01644000  2786.264944529412
0.01646000  2785.867748088235
0.01648000  2785.470551647059
0.01650000  2785.0733552058823
0.01652000  2784.676158764706
0.01654000  2784.2789623235294
0.01656000  2783.881765882353
0.01658000  2783.4845694411765
0.01660000  2783.0873730000003
0.01662000  2782.6901765588236
0.01664000  2782.292980117647
0.01666000  2781.8957836764707
0.01668000  2781.498587235294
0.01670000  2781.101390794118
0.01672000  2780.704194352941
0.01674000  2780.306997911765
0.01676000  2779.9098014705883
0.01678000  2779.512605029412
0.01680000  2779.1154085882354
0.01682000  2778.718212147059
0.01684000  2778.3210157058825
0.01686000  2777.9238192647063
0.01688000  2777.5266228235296
0.01690000  2777.129426382353
0.01692000  2776.7322299411767
0.01694000  2776.3350335
0.01696000  2775.937837058824
0.01698000  2775.540640617647
0.01700000  2775.143444176471
0.01702000  2774.746247735294
0.01704000  2774.349051294118
0.01706000  2773.9518548529413
0.01708000  2773.5546584117646
0.01710000  2773.1574619705884
0.01712000  2772.7602655294118
0.01714000  2772.3630690882355
0.01716000  2771.965872647059
0.01718000  2771.5686762058826
0.01720000  2771.171479764706
0.01722000  2770.7742833235297
0.01724000  2770.377086882353
0.01726000  2769.9798904411764
0.01728000  2769.582694
0.01730000  2769.1854975588235
0.01732000  2768.7883011176473
0.01734000  2768.3911046764706
0.01736000  2767.9939082352944
0.01738000  2767.5967117941177
0.01740000  2767.1995153529415
0.01742000  2766.802318911765
0.01744000  2766.405122470588
0.01746000  2766.007926029412
0.01748000  2765.6107295882352
0.01750000  2765.213533147059
0.01752000  2764.8163367058823
0.01754000  2764.419140264706
0.01756000  2764.0219438235295
0.01758000  2763.6247473823532
0.01760000  2763.2275509411766
0.01762000  2762.8303545
0.01764000  2762.4331580588237
0.01766000  2762.0359616176474
0.01768000  2761.6387651764708
0.01770000  2761.241568735294
0.01772000  2760.844372294118
0.01774000  2760.447175852941
0.01776000  2760.049979411765
0.01778000  2759.6527829705883
0.01780000  2759.255586529412
0.01782000  2758.8583900882354
0.01784000  2758.461193647059
0.01786000  2758.0639972058825
0.01788000  2757.666800764706
0.01790000  2757.2696043235296
0.01792000  2756.872407882353
0.01794000  2756.4752114411767
0.01796000  2756.078015
0.01798000  2755.680818558824
0.01800000  2755.283622117647
0.01802000  2754.886425676471
0.01804000  2754.4892292352943
0.01806000  2754.0920327941176
0.01808000  2753.6948363529414
0.01810000  2753.2976399117647
0.01812000  2752.9004434705885
0.01814000  2752.503247029412
0.01816000  2752.1060505882356
0.01818000  2751.708854147059
0.01820000  2751.3116577058827
0.01822000  2750.914461264706
0.01824000  2750.5172648235293
0.01826000  2750.120068382353
0.01828000  2749.7228719411764
0.01830000  2749.3256755
0.01832000  2748.9284790588235
0.01834000  2748.5312826176473
0.01836000  2748.1340861764706
0.01838000  2747.7368897352944
0.01840000  2747.3396932941178
0.01842000  2746.942496852941
0.01844000  2746.545300411765
0.01846000  2746.148103970588
0.01848000  2745.750907529412
0.01850000  2745.3537110882353
0.01852000  2744.956514647059
0.01854000  2744.5593182058824
0.01856000  2744.162121764706
0.01858000  2743.7649253235295
0.01860000  2743.3677288823533
0.01862000  2742.9705324411766
0.01864000  2742.5733360000004
0.01866000  2742.1761395588237
0.01868000  2741.778943117647
0.01870000  2741.381746676471
0.01872000  2740.984550235294
0.01874000  2740.587353794118
0.01876000  2740.1901573529412
0.01878000  2739.792960911765
0.01880000  2739.3957644705883
0.01882000  2738.998568029412
0.01884000  2738.6013715882355
0.01886000  2738.204175147059
0.01888000  2737.8069787058826
0.01890000  2737.409782264706
0.01892000  2737.0125858235297
0.01894000  2736.615389382353
0.01896000  2736.2181929411768
0.01898000  2735.8209965
0.01900000  2735.423800058824
0.01902000  2735.026603617647
0.01904000  2734.6294071764705
0.01906000  2734.2322107352943
0.01908000  2733.8350142941176
0.01910000  2733.4378178529414
0.01912000  2733.0406214117647
0.01914000  2732.6434249705885
0.01916000  2732.246228529412
0.01918000  2731.8490320882356
0.01920000  2731.451835647059
0.01922000  2731.0546392058823
0.01924000  2730.657442764706
0.01926000  2730.2602463235294
0.01928000  2729.863049882353
0.01930000  2729.4658534411765
0.01932000  2729.0686570000003
0.01934000  2728.6714605588236
0.01936000  2728.2742641176474
0.01938000  2727.8770676764707
0.01940000  2727.479871235294
0.01942000  2727.082674794118
0.01944000  2726.6854783529416
0.01946000  2726.288281911765
0.01948000  2725.891085470588
0.01950000  2725.493889029412
0.01952000  2725.0966925882353
0.01954000  2724.699496147059
0.01956000  2724.3022997058824
0.01958000  2723.905103264706
0.01960000  2723.5079068235295
0.01962000  2723.1107103823533
0.01964000  2722.7135139411766
0.01966000  2722.3163175
0.01968000  2721.9191210588237
0.01970000  2721.521924617647
0.01972000  2721.124728176471
0.01974000  2720.727531735294
0.01976000  2720.330335294118
0.01978000  2719.9331388529413
0.01980000  2719.535942411765
0.01982000  2719.1387459705884
0.01984000  2718.7415495294117
0.01986000  2718.3443530882355
0.01988000  2717.947156647059
0.01990000  2717.5499602058826
0.01992000  2717.152763764706
0.01994000  2716.7555673235297
0.01996000  2716.358370882353
0.01998000  2715.961174441177
0.02000000  2715.563978
0.02002000  2712.557299
0.02004000  2709.781674
0.02006000  2707.222949
0.02008000  2704.850259
0.02010000  2702.504343
0.02012000  2699.701898
0.02014000  2695.943536
0.02016000  2690.88267
0.02018000  2684.124464
0.02020000  2675.225849
0.02022000  2663.133553
0.02024000  2644.660214
0.02026000  2615.900893
0.02028000  2571.963002
0.02030000  2505.970313
0.02032000  2408.57339
0.02034000  2268.512896
0.02036000  2075.757223
0.02038000  1834.736044
0.02040000  1578.041237
0.02042000  1328.287366
0.02044000  1083.183289
0.02046000  828.567124
0.02048000  561.286043
0.02050000  328.42095
0.02052000  186.725126
0.02054000  114.888335
0.02056000  83.015261
0.02058000  72.620555
0.02060000  79.862919
0.02062000  110.863263
0.02064000  182.494942
0.02066000  319.03474
0.02068000  529.616691
0.02070000  805.085142
0.02072000  1123.830175
0.02074000  1457.045651
0.02076000  1777.803597
0.02078000  2064.589196
0.02080000  2303.043742
0.02082000  2489.726761
0.02084000  2630.306876
0.02086000  2734.313355
0.02088000  2810.982923
0.02090000  2867.724276
0.02092000  2910.047143
0.02094000  2941.885326
0.02096000  2966.035119
0.02098000  2984.5062
0.02100000  2998.729315
0.02102000  3009.743089
0.02104000  3018.308864
0.02106000  3024.989895
0.02108000  3030.211218
0.02110000  3034.302051
0.02112000  3037.510753
0.02114000  3040.0267
0.02116000  3041.998796
0.02118000  3043.53864
0.02120000  3044.733924
0.02122000  3045.657175
0.02124000  3046.362752
0.02126000  3046.896737
0.02128000  3047.295354
0.02130000  3047.587047
0.02132000  3047.798204
0.02134000  3047.947628
0.02136000  3048.055926
0.02138000  3048.138063
0.02140000  3048.205253
0.02142000  3048.263103
0.02144000  3048.311615
0.02146000  3048.358256
0.02148000  3048.404891
0.02150000  3048.449656
0.02152000  3048.498145
0.02154000  3048.546629
0.02156000  3048.6007
0.02158000  3048.654763
0.02160000  3048.712547
0.02162000  3048.772186
0.02164000  3048.83368
0.02166000  3048.897026
0.02168000  3048.962226
0.02170000  3049.025552
0.02172000  3049.092593
0.02174000  3049.15776
0.02176000  3049.224778
0.02178000  3049.291785
0.02180000  3049.35878
0.02182000  3049.425764
0.02184000  3049.492737
0.02186000  3049.561558
0.02188000  3049.628508
0.02190000  3049.695447
0.02192000  3049.762374
0.02194000  3049.831148
0.02196000  3049.898053
0.02198000  3049.964945
0.02200000  3050.031827
0.02202000  3050.098697
0.02204000  3050.165556
0.02206000  3050.232404
0.02208000  3050.297384
0.02210000  3050.364209
0.02212000  3050.431023
0.02214000  3050.49597
0.02216000  3050.562762
0.02218000  3050.627688
0.02220000  3050.692603
0.02222000  3050.759361
0.02224000  3050.824254
0.02226000  3050.889137
0.02228000  3050.954009
0.02230000  3051.01887
0.02232000  3051.083721
0.02234000  3051.146708
0.02236000  3051.211538
0.02238000  3051.276356
0.02240000  3051.339313
0.02242000  3051.404111
0.02244000  3051.467047
0.02246000  3051.529973
0.02248000  3051.592889
0.02250000  3051.655795
0.02252000  3051.718691
0.02254000  3051.781577
0.02256000  3051.844453
0.02258000  3051.907319
0.02260000  3051.970174
0.02262000  3052.031172
0.02264000  3052.094008
0.02266000  3052.154986
0.02268000  3052.215955
0.02270000  3052.278761
0.02272000  3052.33971
0.02274000  3052.40065
0.02276000  3052.461581
0.02278000  3052.522502
0.02280000  3052.583414
0.02282000  3052.64247
0.02284000  3052.703363
0.02286000  3052.764247
0.02288000  3052.823276
0.02290000  3052.884141
0.02292000  3052.943153
0.02294000  3053.002155
0.02296000  3053.061149
0.02298000  3053.121977
0.02300000  3053.180953
0.02302000  3052.7837565588234
0.02304000  3052.386560117647
0.02306000  3051.9893636764705
0.02308000  3051.5921672352943
0.02310000  3051.1949707941176
0.02312000  3050.7977743529414
0.02314000  3050.4005779117647
0.02316000  3050.0033814705885
0.02318000  3049.606185029412
0.02320000  3049.208988588235
0.02322000  3048.811792147059
0.02324000  3048.414595705882
0.02326000  3048.017399264706
0.02328000  3047.6202028235293
0.02330000  3047.223006382353
0.02332000  3046.8258099411764
0.02334000  3046.4286135
0.02336000  3046.0314170588235
0.02338000  3045.6342206176473
0.02340000  3045.2370241764706
0.02342000  3044.839827735294
0.02344000  3044.4426312941177
0.02346000  3044.045434852941
0.02348000  3043.648238411765
0.02350000  3043.251041970588
0.02352000  3042.853845529412
0.02354000  3042.4566490882353
0.02356000  3042.059452647059
0.02358000  3041.6622562058824
0.02360000  3041.2650597647057
0.02362000  3040.8678633235295
0.02364000  3040.470666882353
0.02366000  3040.0734704411766
0.02368000  3039.676274
0.02370000  3039.2790775588237
0.02372000  3038.881881117647
0.02374000  3038.484684676471
0.02376000  3038.087488235294
0.02378000  3037.690291794118
0.02380000  3037.2930953529412
0.02382000  3036.8958989117646
0.02384000  3036.4987024705883
0.02386000  3036.1015060294117
0.02388000  3035.7043095882354
0.02390000  3035.3071131470588
0.02392000  3034.9099167058826
0.02394000  3034.512720264706
0.02396000  3034.1155238235297
0.02398000  3033.718327382353
0.02400000  3033.3211309411763
0.02402000  3032.9239345
0.02404000  3032.5267380588234
0.02406000  3032.129541617647
0.02408000  3031.7323451764705
0.02410000  3031.3351487352943
0.02412000  3030.9379522941176
0.02414000  3030.5407558529414
0.02416000  3030.1435594117647
0.02418000  3029.7463629705885
0.02420000  3029.349166529412
0.02422000  3028.951970088235
0.02424000  3028.554773647059
0.02426000  3028.1575772058823
0.02428000  3027.760380764706
0.02430000  3027.3631843235294
0.02432000  3026.965987882353
0.02434000  3026.5687914411765
0.02436000  3026.1715950000003
0.02438000  3025.7743985588236
0.02440000  3025.377202117647
0.02442000  3024.9800056764707
0.02444000  3024.582809235294
0.02446000  3024.185612794118
0.02448000  3023.788416352941
0.02450000  3023.391219911765
0.02452000  3022.994023470588
0.02454000  3022.596827029412
0.02456000  3022.1996305882353
0.02458000  3021.802434147059
0.02460000  3021.4052377058824
0.02462000  3021.0080412647058
0.02464000  3020.6108448235295
0.02466000  3020.213648382353
0.02468000  3019.8164519411766
0.02470000  3019.4192555
0.02472000  3019.0220590588237
0.02474000  3018.624862617647
0.02476000  3018.227666176471
0.02478000  3017.830469735294
0.02480000  3017.4332732941175
0.02482000  3017.0360768529413
0.02484000  3016.6388804117646
0.02486000  3016.2416839705884
0.02488000  3015.8444875294117
0.02490000  3015.4472910882355
0.02492000  3015.050094647059
0.02494000  3014.6528982058826
0.02496000  3014.255701764706
0.02498000  3013.8585053235292
0.02500000  3013.461308882353
0.02502000  3013.0641124411763
0.02504000  3012.666916
0.02506000  3012.2697195588235
0.02508000  3011.8725231176472
0.02510000  3011.4753266764706
0.02512000  3011.0781302352943
0.02514000  3010.6809337941177
0.02516000  3010.2837373529414
0.02518000  3009.8865409117648
0.02520000  3009.489344470588
0.02522000  3009.092148029412
0.02524000  3008.694951588235
0.02526000  3008.297755147059
0.02528000  3007.9005587058823
0.02530000  3007.503362264706
0.02532000  3007.1061658235294
0.02534000  3006.708969382353
0.02536000  3006.3117729411765
0.02538000  3005.9145765
0.02540000  3005.5173800588236
0.02542000  3005.120183617647
0.02544000  3004.7229871764707
0.02546000  3004.325790735294
0.02548000  3003.928594294118
0.02550000  3003.531397852941
0.02552000  3003.134201411765
0.02554000  3002.7370049705883
0.02556000  3002.339808529412
0.02558000  3001.9426120882354
0.02560000  3001.5454156470587
0.02562000  3001.1482192058825
0.02564000  3000.751022764706
0.02566000  3000.3538263235296
0.02568000  2999.956629882353
0.02570000  2999.5594334411767
0.02572000  2999.162237
0.02574000  2998.765040558824
0.02576000  2998.367844117647
0.02578000  2997.9706476764704
0.02580000  2997.573451235294
0.02582000  2997.1762547941175
0.02584000  2996.7790583529413
0.02586000  2996.3818619117646
0.02588000  2995.9846654705884
0.02590000  2995.5874690294117
0.02592000  2995.1902725882355
0.02594000  2994.793076147059
0.02596000  2994.3958797058826
0.02598000  2993.998683264706
0.02600000  2993.6014868235293
0.02602000  2993.204290382353
0.02604000  2992.8070939411764
0.02606000  2992.4098975
0.02608000  2992.0127010588235
0.02610000  2991.6155046176473
0.02612000  2991.2183081764706
0.02614000  2990.8211117352944
0.02616000  2990.4239152941177
0.02618000  2990.026718852941
0.02620000  2989.629522411765
0.02622000  2989.232325970588
0.02624000  2988.835129529412
0.02626000  2988.4379330882352
0.02628000  2988.040736647059
0.02630000  2987.6435402058823
0.02632000  2987.246343764706
0.02634000  2986.8491473235295
0.02636000  2986.4519508823532
0.02638000  2986.0547544411766
0.02640000  2985.657558
0.02642000  2985.2603615588237
0.02644000  2984.863165117647
0.02646000  2984.4659686764708
0.02648000  2984.068772235294
0.02650000  2983.671575794118
0.02652000  2983.274379352941
0.02654000  2982.877182911765
0.02656000  2982.4799864705883
0.02658000  2982.0827900294116
0.02660000  2981.6855935882354
0.02662000  2981.2883971470587
0.02664000  2980.8912007058825
0.02666000  2980.494004264706
0.02668000  2980.0968078235296
0.02670000  2979.699611382353
0.02672000  2979.3024149411767
0.02674000  2978.9052185
0.02676000  2978.5080220588234
0.02678000  2978.110825617647
0.02680000  2977.7136291764705
0.02682000  2977.3164327352943
0.02684000  2976.9192362941176
0.02686000  2976.5220398529414
0.02688000  2976.1248434117647
0.02690000  2975.7276469705885
0.02692000  2975.330450529412
0.02694000  2974.9332540882356
0.02696000  2974.536057647059
0.02698000  2974.138861205882
0.02700000  2973.741664764706
0.02702000  2973.3444683235293
0.02704000  2972.947271882353
0.02706000  2972.5500754411764
0.02708000  2972.152879
0.02710000  2971.7556825588235
0.02712000  2971.3584861176473
0.02714000  2970.9612896764706
0.02716000  2970.5640932352944
0.02718000  2970.1668967941177
0.02720000  2969.769700352941
0.02722000  2969.372503911765
0.02724000  2968.975307470588
0.02726000  2968.578111029412
0.02728000  2968.1809145882353
0.02730000  2967.783718147059
0.02732000  2967.3865217058824
0.02734000  2966.989325264706
0.02736000  2966.5921288235295
0.02738000  2966.194932382353
0.02740000  2965.7977359411766
0.02742000  2965.4005395
0.02744000  2965.0033430588237
0.02746000  2964.606146617647
0.02748000  2964.208950176471
0.02750000  2963.811753735294
0.02752000  2963.414557294118
0.02754000  2963.0173608529412
0.02756000  2962.6201644117646
0.02758000  2962.2229679705883
0.02760000  2961.8257715294117
0.02762000  2961.4285750882354
0.02764000  2961.031378647059
0.02766000  2960.6341822058826
0.02768000  2960.236985764706
0.02770000  2959.8397893235297
0.02772000  2959.442592882353
0.02774000  2959.0453964411768
0.02776000  2958.6482
0.02778000  2958.2510035588234
0.02780000  2957.853807117647
0.02782000  2957.4566106764705
0.02784000  2957.0594142352943
0.02786000  2956.6622177941176
0.02788000  2956.2650213529414
0.02790000  2955.8678249117647
0.02792000  2955.4706284705885
0.02794000  2955.073432029412
0.02796000  2954.676235588235
0.02798000  2954.279039147059
0.02800000  2953.8818427058823
0.02802000  2953.484646264706
0.02804000  2953.0874498235294
0.02806000  2952.690253382353
0.02808000  2952.2930569411765
0.02810000  2951.8958605000003
0.02812000  2951.4986640588236
0.02814000  2951.1014676176474
0.02816000  2950.7042711764707
0.02818000  2950.307074735294
0.02820000  2949.909878294118
0.02822000  2949.512681852941
0.02824000  2949.115485411765
0.02826000  2948.718288970588
0.02828000  2948.321092529412
0.02830000  2947.9238960882353
0.02832000  2947.526699647059
0.02834000  2947.1295032058824
0.02836000  2946.7323067647058
0.02838000  2946.3351103235295
0.02840000  2945.937913882353
0.02842000  2945.5407174411766
0.02844000  2945.143521
0.02846000  2944.7463245588237
0.02848000  2944.349128117647
0.02850000  2943.951931676471
0.02852000  2943.554735235294
0.02854000  2943.1575387941175
0.02856000  2942.7603423529413
0.02858000  2942.3631459117646
0.02860000  2941.9659494705884
0.02862000  2941.5687530294117
0.02864000  2941.1715565882355
0.02866000  2940.774360147059
0.02868000  2940.3771637058826
0.02870000  2939.979967264706
0.02872000  2939.5827708235297
0.02874000  2939.185574382353
0.02876000  2938.7883779411763
0.02878000  2938.3911815
0.02880000  2937.9939850588235
0.02882000  2937.5967886176472
0.02884000  2937.1995921764706
0.02886000  2936.8023957352943
0.02888000  2936.4051992941177
0.02890000  2936.0080028529414
0.02892000  2935.6108064117648
0.02894000  2935.2136099705885
0.02896000  2934.816413529412
0.02898000  2934.419217088235
0.02900000  2934.022020647059
0.02902000  2933.6248242058823
0.02904000  2933.227627764706
0.02906000  2932.8304313235294
0.02908000  2932.433234882353
0.02910000  2932.0360384411765
0.02912000  2931.6388420000003
0.02914000  2931.2416455588236
0.02916000  2930.844449117647
0.02918000  2930.4472526764707
0.02920000  2930.050056235294
0.02922000  2929.652859794118
0.02924000  2929.255663352941
0.02926000  2928.858466911765
0.02928000  2928.4612704705883
0.02930000  2928.064074029412
0.02932000  2927.6668775882354
0.02934000  2927.2696811470587
0.02936000  2926.8724847058825
0.02938000  2926.475288264706
0.02940000  2926.0780918235296
0.02942000  2925.680895382353
0.02944000  2925.2836989411767
0.02946000  2924.8865025
0.02948000  2924.489306058824
0.02950000  2924.092109617647
0.02952000  2923.6949131764704
0.02954000  2923.297716735294
0.02956000  2922.9005202941175
0.02958000  2922.5033238529413
0.02960000  2922.1061274117646
0.02962000  2921.7089309705884
0.02964000  2921.3117345294118
0.02966000  2920.9145380882355
0.02968000  2920.517341647059
0.02970000  2920.1201452058826
0.02972000  2919.722948764706
0.02974000  2919.3257523235297
0.02976000  2918.928555882353
0.02978000  2918.5313594411764
0.02980000  2918.134163
0.02982000  2917.7369665588235
0.02984000  2917.3397701176473
0.02986000  2916.9425736764706
0.02988000  2916.5453772352944
0.02990000  2916.1481807941177
0.02992000  2915.7509843529415
0.02994000  2915.353787911765
0.02996000  2914.956591470588
0.02998000  2914.559395029412
0.03000000  2914.1621985882352
0.03002000  2913.765002147059
0.03004000  2913.3678057058823
0.03006000  2912.970609264706
0.03008000  2912.5734128235295
0.03010000  2912.1762163823532
0.03012000  2911.7790199411766
0.03014000  2911.3818235
0.03016000  2910.9846270588237
0.03018000  2910.587430617647
0.03020000  2910.1902341764708
0.03022000  2909.793037735294
0.03024000  2909.395841294118
0.03026000  2908.998644852941
0.03028000  2908.601448411765
0.03030000  2908.2042519705883
0.03032000  2907.8070555294116
0.03034000  2907.4098590882354
0.03036000  2907.0126626470587
0.03038000  2906.6154662058825
0.03040000  2906.218269764706
0.03042000  2905.8210733235296
0.03044000  2905.423876882353
0.03046000  2905.0266804411767
0.03048000  2904.629484
0.03050000  2904.232287558824
0.03052000  2903.835091117647
0.03054000  2903.4378946764705
0.03056000  2903.0406982352943
0.03058000  2902.6435017941176
0.03060000  2902.2463053529414
0.03062000  2901.8491089117647
0.03064000  2901.4519124705885
0.03066000  2901.054716029412
0.03068000  2900.6575195882356
0.03070000  2900.260323147059
0.03072000  2899.8631267058827
0.03074000  2899.465930264706
0.03076000  2899.0687338235293
0.03078000  2898.671537382353
0.03080000  2898.2743409411764
0.03082000  2897.8771445
0.03084000  2897.4799480588235
0.03086000  2897.0827516176473
0.03088000  2896.6855551764706
0.03090000  2896.2883587352944
0.03092000  2895.8911622941177
0.03094000  2895.493965852941
0.03096000  2895.096769411765
0.03098000  2894.699572970588
0.03100000  2894.302376529412
0.03102000  2893.9051800882353
0.03104000  2893.507983647059
0.03106000  2893.1107872058824
0.03108000  2892.713590764706
0.03110000  2892.3163943235295
0.03112000  2891.919197882353
0.03114000  2891.5220014411766
0.03116000  2891.124805
0.03118000  2890.7276085588237
0.03120000  2890.330412117647
0.03122000  2889.933215676471
0.03124000  2889.536019235294
0.03126000  2889.138822794118
0.03128000  2888.7416263529412
0.03130000  2888.3444299117646
0.03132000  2887.9472334705883
0.03134000  2887.5500370294117
0.03136000  2887.1528405882354
0.03138000  2886.755644147059
0.03140000  2886.3584477058826
0.03142000  2885.961251264706
0.03144000  2885.5640548235297
0.03146000  2885.166858382353
0.03148000  2884.7696619411768
0.03150000  2884.3724655
0.03152000  2883.975269058824
0.03154000  2883.578072617647
0.03156000  2883.1808761764705
0.03158000  2882.7836797352943
0.03160000  2882.3864832941176
0.03162000  2881.9892868529414
0.03164000  2881.5920904117647
0.03166000  2881.1948939705885
0.03168000  2880.797697529412
0.03170000  2880.4005010882356
0.03172000  2880.003304647059
0.03174000  2879.6061082058823
0.03176000  2879.208911764706
0.03178000  2878.8117153235294
0.03180000  2878.414518882353
0.03182000  2878.0173224411765
0.03184000  2877.6201260000003
0.03186000  2877.2229295588236
0.03188000  2876.8257331176474
0.03190000  2876.4285366764707
0.03192000  2876.031340235294
0.03194000  2875.634143794118
0.03196000  2875.236947352941
0.03198000  2874.839750911765
0.03200000  2874.442554470588
0.03202000  2874.045358029412
0.03204000  2873.6481615882353
0.03206000  2873.250965147059
0.03208000  2872.8537687058824
0.03210000  2872.4565722647058
0.03212000  2872.0593758235295
0.03214000  2871.662179382353
0.03216000  2871.2649829411766
0.03218000  2870.8677865
0.03220000  2870.4705900588237
0.03222000  2870.073393617647
0.03224000  2869.676197176471
0.03226000  2869.279000735294
0.03228000  2868.881804294118
0.03230000  2868.4846078529413
0.03232000  2868.0874114117646
0.03234000  2867.6902149705884
0.03236000  2867.2930185294117
0.03238000  2866.8958220882355
0.03240000  2866.498625647059
0.03242000  2866.1014292058826
0.03244000  2865.704232764706
0.03246000  2865.3070363235297
0.03248000  2864.909839882353
0.03250000  2864.512643441177
0.03252000  2864.115447
0.03254000  2863.7182505588235
0.03256000  2863.3210541176472
0.03258000  2862.9238576764706
0.03260000  2862.5266612352943
0.03262000  2862.1294647941177
0.03264000  2861.7322683529414
0.03266000  2861.3350719117648
0.03268000  2860.9378754705886
0.03270000  2860.540679029412
0.03272000  2860.143482588235
0.03274000  2859.746286147059
0.03276000  2859.3490897058823
0.03278000  2858.951893264706
0.03280000  2858.5546968235294
0.03282000  2858.157500382353
0.03284000  2857.7603039411765
0.03286000  2857.3631075000003
0.03288000  2856.9659110588236
0.03290000  2856.568714617647
0.03292000  2856.1715181764707
0.03294000  2855.774321735294
0.03296000  2855.377125294118
0.03298000  2854.979928852941
0.03300000  2854.582732411765
0.03302000  2854.1855359705883
0.03304000  2853.788339529412
0.03306000  2853.3911430882354
0.03308000  2852.9939466470587
0.03310000  2852.5967502058825
0.03312000  2852.199553764706
0.03314000  2851.8023573235296
0.03316000  2851.405160882353
0.03318000  2851.0079644411767
0.03320000  2850.610768
0.03322000  2850.213571558824
0.03324000  2849.816375117647
0.03326000  2849.419178676471
0.03328000  2849.021982235294
0.03330000  2848.624785794118
0.03332000  2848.2275893529413
0.03334000  2847.8303929117646
0.03336000  2847.4331964705884
0.03338000  2847.0360000294118
0.03340000  2846.6388035882355
0.03342000  2846.241607147059
0.03344000  2845.8444107058826
0.03346000  2845.447214264706
0.03348000  2845.0500178235297
0.03350000  2844.652821382353
0.03352000  2844.2556249411764
0.03354000  2843.8584285
0.03356000  2843.4612320588235
0.03358000  2843.0640356176473
0.03360000  2842.6668391764706
0.03362000  2842.2696427352944
0.03364000  2841.8724462941177
0.03366000  2841.4752498529415
0.03368000  2841.078053411765
0.03370000  2840.680856970588
0.03372000  2840.283660529412
0.03374000  2839.8864640882352
0.03376000  2839.489267647059
0.03378000  2839.0920712058823
0.03380000  2838.694874764706
0.03382000  2838.2976783235295
0.03384000  2837.9004818823532
0.03386000  2837.5032854411766
0.03388000  2837.106089
0.03390000  2836.7088925588237
0.03392000  2836.311696117647
0.03394000  2835.9144996764708
0.03396000  2835.517303235294
0.03398000  2835.120106794118
0.03400000  2834.722910352941
0.03402000  2834.325713911765
0.03404000  2833.9285174705883
0.03406000  2833.531321029412
0.03408000  2833.1341245882354
0.03410000  2832.7369281470587
0.03412000  2832.3397317058825
0.03414000  2831.942535264706
0.03416000  2831.5453388235296
0.03418000  2831.148142382353
0.03420000  2830.7509459411767
0.03422000  2830.3537495
0.03424000  2829.956553058824
0.03426000  2829.559356617647
0.03428000  2829.162160176471
0.03430000  2828.7649637352943
0.03432000  2828.3677672941176
0.03434000  2827.9705708529414
0.03436000  2827.5733744117647
0.03438000  2827.1761779705885
0.03440000  2826.778981529412
0.03442000  2826.3817850882356
0.03444000  2825.984588647059
0.03446000  2825.5873922058827
0.03448000  2825.190195764706
0.03450000  2824.7929993235293
0.03452000  2824.395802882353
0.03454000  2823.9986064411764
0.03456000  2823.60141
0.03458000  2823.2042135588235
0.03460000  2822.8070171176473
0.03462000  2822.4098206764706
0.03464000  2822.0126242352944
0.03466000  2821.6154277941177
0.03468000  2821.218231352941
0.03470000  2820.821034911765
0.03472000  2820.423838470588
0.03474000  2820.026642029412
0.03476000  2819.6294455882353
0.03478000  2819.232249147059
0.03480000  2818.8350527058824
0.03482000  2818.437856264706
0.03484000  2818.0406598235295
0.03486000  2817.6434633823533
0.03488000  2817.2462669411766
0.03490000  2816.8490705
0.03492000  2816.4518740588237
0.03494000  2816.054677617647
0.03496000  2815.657481176471
0.03498000  2815.260284735294
0.03500000  2814.863088294118
0.03502000  2814.4658918529412
0.03504000  2814.068695411765
0.03506000  2813.6714989705883
0.03508000  2813.274302529412
0.03510000  2812.8771060882355
0.03512000  2812.479909647059
0.03514000  2812.0827132058826
0.03516000  2811.685516764706
0.03518000  2811.2883203235297
0.03520000  2810.891123882353
0.03522000  2810.4939274411768
0.03524000  2810.096731
0.03526000  2809.699534558824
0.03528000  2809.302338117647
0.03530000  2808.9051416764705
0.03532000  2808.5079452352943
0.03534000  2808.1107487941176
0.03536000  2807.7135523529414
0.03538000  2807.3163559117647
0.03540000  2806.9191594705885
0.03542000  2806.521963029412
0.03544000  2806.1247665882356
0.03546000  2805.727570147059
0.03548000  2805.3303737058823
0.03550000  2804.933177264706
0.03552000  2804.5359808235294
0.03554000  2804.138784382353
0.03556000  2803.7415879411765
0.03558000  2803.3443915000003
0.03560000  2802.9471950588236
0.03562000  2802.5499986176474
0.03564000  2802.1528021764707
0.03566000  2801.755605735294
0.03568000  2801.358409294118
0.03570000  2800.961212852941
0.03572000  2800.564016411765
0.03574000  2800.166819970588
0.03576000  2799.769623529412
0.03578000  2799.3724270882353
0.03580000  2798.975230647059
0.03582000  2798.5780342058824
0.03584000  2798.180837764706
0.03586000  2797.7836413235295
0.03588000  2797.386444882353
0.03590000  2796.9892484411766
0.03592000  2796.592052
0.03594000  2796.1948555588237
0.03596000  2795.797659117647
0.03598000  2795.400462676471
0.03600000  2795.003266235294
0.03602000  2794.606069794118
0.03604000  2794.2088733529413
0.03606000  2793.811676911765
0.03608000  2793.4144804705884
0.03610000  2793.0172840294117
0.03612000  2792.6200875882355
0.03614000  2792.222891147059
0.03616000  2791.8256947058826
0.03618000  2791.428498264706
0.03620000  2791.0313018235297
0.03622000  2790.634105382353
0.03624000  2790.236908941177
0.03626000  2789.8397125
0.03628000  2789.4425160588235
0.03630000  2789.0453196176472
0.03632000  2788.6481231764706
0.03634000  2788.2509267352943
0.03636000  2787.8537302941177
0.03638000  2787.4565338529414
0.03640000  2787.059337411765
0.03642000  2786.6621409705886
0.03644000  2786.264944529412
0.03646000  2785.867748088235
0.03648000  2785.470551647059
0.03650000  2785.0733552058823
0.03652000  2784.676158764706
0.03654000  2784.2789623235294
0.03656000  2783.881765882353
0.03658000  2783.4845694411765
0.03660000  2783.0873730000003
0.03662000  2782.6901765588236
0.03664000  2782.292980117647
0.03666000  2781.8957836764707
0.03668000  2781.498587235294
0.03670000  2781.101390794118
0.03672000  2780.704194352941
0.03674000  2780.306997911765
0.03676000  2779.9098014705883
0.03678000  2779.512605029412
0.03680000  2779.1154085882354
0.03682000  2778.718212147059
0.03684000  2778.3210157058825
0.03686000  2777.9238192647063
0.03688000  2777.5266228235296
0.03690000  2777.129426382353
0.03692000  2776.7322299411767
0.03694000  2776.3350335
0.03696000  2775.937837058824
0.03698000  2775.540640617647
0.03700000  2775.143444176471
0.03702000  2774.746247735294
0.03704000  2774.349051294118
0.03706000  2773.9518548529413
0.03708000  2773.5546584117646
0.03710000  2773.1574619705884
0.03712000  2772.7602655294118
0.03714000  2772.3630690882355
0.03716000  2771.965872647059
0.03718000  2771.5686762058826
0.03720000  2771.171479764706
0.03722000  2770.7742833235297
0.03724000  2770.377086882353
0.03726000  2769.9798904411764
0.03728000  2769.582694
0.03730000  2769.1854975588235
0.03732000  2768.7883011176473
0.03734000  2768.3911046764706
0.03736000  2767.9939082352944
0.03738000  2767.5967117941177
0.03740000  2767.1995153529415
0.03742000  2766.802318911765
0.03744000  2766.405122470588
0.03746000  2766.007926029412
0.03748000  2765.6107295882352
0.03750000  2765.213533147059
0.03752000  2764.8163367058823
0.03754000  2764.419140264706
0.03756000  2764.0219438235295
0.03758000  2763.6247473823532
0.03760000  2763.2275509411766
0.03762000  2762.8303545
0.03764000  2762.4331580588237
0.03766000  2762.0359616176474
0.03768000  2761.6387651764708
0.03770000  2761.241568735294
0.03772000  2760.844372294118
0.03774000  2760.447175852941
0.03776000  2760.049979411765
0.03778000  2759.6527829705883
0.03780000  2759.255586529412
0.03782000  2758.8583900882354
0.03784000  2758.461193647059
0.03786000  2758.0639972058825
0.03788000  2757.666800764706
0.03790000  2757.2696043235296
0.03792000  2756.872407882353
0.03794000  2756.4752114411767
0.03796000  2756.078015
0.03798000  2755.680818558824
0.03800000  2755.283622117647
0.03802000  2754.886425676471
0.03804000  2754.4892292352943
0.03806000  2754.0920327941176
0.03808000  2753.6948363529414
0.03810000  2753.2976399117647
0.03812000  2752.9004434705885
0.03814000  2752.503247029412
0.03816000  2752.1060505882356
0.03818000  2751.708854147059
0.03820000  2751.3116577058827
0.03822000  2750.914461264706
0.03824000  2750.5172648235293
0.03826000  2750.120068382353
0.03828000  2749.7228719411764
0.03830000  2749.3256755
0.03832000  2748.9284790588235
0.03834000  2748.5312826176473
0.03836000  2748.1340861764706
0.03838000  2747.7368897352944
0.03840000  2747.3396932941178
0.03842000  2746.942496852941
0.03844000  2746.545300411765
0.03846000  2746.148103970588
0.03848000  2745.750907529412
0.03850000  2745.3537110882353
0.03852000  2744.956514647059
0.03854000  2744.5593182058824
0.03856000  2744.162121764706
0.03858000  2743.7649253235295
0.03860000  2743.3677288823533
0.03862000  2742.9705324411766
0.03864000  2742.5733360000004
0.03866000  2742.1761395588237
0.03868000  2741.778943117647
0.03870000  2741.381746676471
0.03872000  2740.984550235294
0.03874000  2740.587353794118
0.03876000  2740.1901573529412
0.03878000  2739.792960911765
0.03880000  2739.3957644705883
0.03882000  2738.998568029412
0.03884000  2738.6013715882355
0.03886000  2738.204175147059
0.03888000  2737.8069787058826
0.03890000  2737.409782264706
0.03892000  2737.0125858235297
0.03894000  2736.615389382353
0.03896000  2736.2181929411768
0.03898000  2735.8209965
0.03900000  2735.423800058824
0.03902000  2735.026603617647
0.03904000  2734.6294071764705
0.03906000  2734.2322107352943
0.03908000  2733.8350142941176
0.03910000  2733.4378178529414
0.03912000  2733.0406214117647
0.03914000  2732.6434249705885
0.03916000  2732.246228529412
0.03918000  2731.8490320882356
0.03920000  2731.451835647059
0.03922000  2731.0546392058823
0.03924000  2730.657442764706
0.03926000  2730.2602463235294
0.03928000  2729.863049882353
0.03930000  2729.4658534411765
0.03932000  2729.0686570000003
0.03934000  2728.6714605588236
0.03936000  2728.2742641176474
0.03938000  2727.8770676764707
0.03940000  2727.479871235294
0.03942000  2727.082674794118
0.03944000  2726.6854783529416
0.03946000  2726.288281911765
0.03948000  2725.891085470588
0.03950000  2725.493889029412
0.03952000  2725.0966925882353
0.03954000  2724.699496147059
0.03956000  2724.3022997058824
0.03958000  2723.905103264706
0.03960000  2723.5079068235295
0.03962000  2723.1107103823533
0.03964000  2722.7135139411766
0.03966000  2722.3163175
0.03968000  2721.9191210588237
0.03970000  2721.521924617647
0.03972000  2721.124728176471
0.03974000  2720.727531735294
0.03976000  2720.330335294118
0.03978000  2719.9331388529413
0.03980000  2719.535942411765
0.03982000  2719.1387459705884
0.03984000  2718.7415495294117
0.03986000  2718.3443530882355
0.03988000  2717.947156647059
0.03990000  2717.5499602058826
0.03992000  2717.152763764706
0.03994000  2716.7555673235297
0.03996000  2716.358370882353
0.03998000  2715.961174441177
0.04000000  2715.563978
0.04002000  2712.557299
0.04004000  2709.781674
0.04006000  2707.222949
0.04008000  2704.850259
0.04010000  2702.504343
0.04012000  2699.701898
0.04014000  2695.943536
0.04016000  2690.88267
0.04018000  2684.124464
0.04020000  2675.225849
0.04022000  2663.133553
0.04024000  2644.660214
0.04026000  2615.900893
0.04028000  2571.963002
0.04030000  2505.970313
0.04032000  2408.57339
0.04034000  2268.512896
0.04036000  2075.757223
0.04038000  1834.736044
0.04040000  1578.041237
0.04042000  1328.287366
0.04044000  1083.183289
0.04046000  828.567124
0.04048000  561.286043
0.04050000  328.42095
0.04052000  186.725126
0.04054000  114.888335
0.04056000  83.015261
0.04058000  72.620555
0.04060000  79.862919
0.04062000  110.863263
0.04064000  182.494942
0.04066000  319.03474
0.04068000  529.616691
0.04070000  805.085142
0.04072000  1123.830175
0.04074000  1457.045651
0.04076000  1777.803597
0.04078000  2064.589196
0.04080000  2303.043742
0.04082000  2489.726761
0.04084000  2630.306876
0.04086000  2734.313355
0.04088000  2810.982923
0.04090000  2867.724276
0.04092000  2910.047143
0.04094000  2941.885326
0.04096000  2966.035119
0.04098000  2984.5062
0.04100000  2998.729315
0.04102000  3009.743089
0.04104000  3018.308864
0.04106000  3024.989895
0.04108000  3030.211218
0.04110000  3034.302051
0.04112000  3037.510753
0.04114000  3040.0267
0.04116000  3041.998796
0.04118000  3043.53864
0.04120000  3044.733924
0.04122000  3045.657175
0.04124000  3046.362752
0.04126000  3046.896737
0.04128000  3047.295354
0.04130000  3047.587047
0.04132000  3047.798204
0.04134000  3047.947628
0.04136000  3048.055926
0.04138000  3048.138063
0.04140000  3048.205253
0.04142000  3048.263103
0.04144000  3048.311615
0.04146000  3048.358256
0.04148000  3048.404891
0.04150000  3048.449656
0.04152000  3048.498145
0.04154000  3048.546629
0.04156000  3048.6007
0.04158000  3048.654763
0.04160000  3048.712547
0.04162000  3048.772186
0.04164000  3048.83368
0.04166000  3048.897026
0.04168000  3048.962226
0.04170000  3049.025552
0.04172000  3049.092593
0.04174000  3049.15776
0.04176000  3049.224778
0.04178000  3049.291785
0.04180000  3049.35878
0.04182000  3049.425764
0.04184000  3049.492737
0.04186000  3049.561558
0.04188000  3049.628508
0.04190000  3049.695447
0.04192000  3049.762374
0.04194000  3049.831148
0.04196000  3049.898053
0.04198000  3049.964945
0.04200000  3050.031827
0.04202000  3050.098697
0.04204000  3050.165556
0.04206000  3050.232404
0.04208000  3050.297384
0.04210000  3050.364209
0.04212000  3050.431023
0.04214000  3050.49597
0.04216000  3050.562762
0.04218000  3050.627688
0.04220000  3050.692603
0.04222000  3050.759361
0.04224000  3050.824254
0.04226000  3050.889137
0.04228000  3050.954009
0.04230000  3051.01887
0.04232000  3051.083721
0.04234000  3051.146708
0.04236000  3051.211538
0.04238000  3051.276356
0.04240000  3051.339313
0.04242000  3051.404111
0.04244000  3051.467047
0.04246000  3051.529973
0.04248000  3051.592889
0.04250000  3051.655795
0.04252000  3051.718691
0.04254000  3051.781577
0.04256000  3051.844453
0.04258000  3051.907319
0.04260000  3051.970174
0.04262000  3052.031172
0.04264000  3052.094008
0.04266000  3052.154986
0.04268000  3052.215955
0.04270000  3052.278761
0.04272000  3052.33971
0.04274000  3052.40065
0.04276000  3052.461581
0.04278000  3052.522502
0.04280000  3052.583414
0.04282000  3052.64247
0.04284000  3052.703363
0.04286000  3052.764247
0.04288000  3052.823276
0.04290000  3052.884141
0.04292000  3052.943153
0.04294000  3053.002155
0.04296000  3053.061149
0.04298000  3053.121977
0.04300000  3053.180953
0.04302000  3052.7837565588234
0.04304000  3052.386560117647
0.04306000  3051.9893636764705
0.04308000  3051.5921672352943
0.04310000  3051.1949707941176
0.04312000  3050.7977743529414
0.04314000  3050.4005779117647
0.04316000  3050.0033814705885
0.04318000  3049.606185029412
0.04320000  3049.208988588235
0.04322000  3048.811792147059
0.04324000  3048.414595705882
0.04326000  3048.017399264706
0.04328000  3047.6202028235293
0.04330000  3047.223006382353
0.04332000  3046.8258099411764
0.04334000  3046.4286135
0.04336000  3046.0314170588235
0.04338000  3045.6342206176473
0.04340000  3045.2370241764706
0.04342000  3044.839827735294
0.04344000  3044.4426312941177
0.04346000  3044.045434852941
0.04348000  3043.648238411765
0.04350000  3043.251041970588
0.04352000  3042.853845529412
0.04354000  3042.4566490882353
0.04356000  3042.059452647059
0.04358000  3041.6622562058824
0.04360000  3041.2650597647057
0.04362000  3040.8678633235295
0.04364000  3040.470666882353
0.04366000  3040.0734704411766
0.04368000  3039.676274
0.04370000  3039.2790775588237
0.04372000  3038.881881117647
0.04374000  3038.484684676471
0.04376000  3038.087488235294
0.04378000  3037.690291794118
0.04380000  3037.2930953529412
0.04382000  3036.8958989117646
0.04384000  3036.4987024705883
0.04386000  3036.1015060294117
0.04388000  3035.7043095882354
0.04390000  3035.3071131470588
0.04392000  3034.9099167058826
0.04394000  3034.512720264706
0.04396000  3034.1155238235297
0.04398000  3033.718327382353
0.04400000  3033.3211309411763
0.04402000  3032.9239345
0.04404000  3032.5267380588234
0.04406000  3032.129541617647
0.04408000  3031.7323451764705
0.04410000  3031.3351487352943
0.04412000  3030.9379522941176
0.04414000  3030.5407558529414
0.04416000  3030.1435594117647
0.04418000  3029.7463629705885
0.04420000  3029.349166529412
0.04422000  3028.951970088235
0.04424000  3028.554773647059
0.04426000  3028.1575772058823
0.04428000  3027.760380764706
0.04430000  3027.3631843235294
0.04432000  3026.965987882353
0.04434000  3026.5687914411765
0.04436000  3026.1715950000003
0.04438000  3025.7743985588236
0.04440000  3025.377202117647
0.04442000  3024.9800056764707
0.04444000  3024.582809235294
0.04446000  3024.185612794118
0.04448000  3023.788416352941
0.04450000  3023.391219911765
0.04452000  3022.994023470588
0.04454000  3022.596827029412
0.04456000  3022.1996305882353
0.04458000  3021.802434147059
0.04460000  3021.4052377058824
0.04462000  3021.0080412647058
0.04464000  3020.6108448235295
0.04466000  3020.213648382353
0.04468000  3019.8164519411766
0.04470000  3019.4192555
0.04472000  3019.0220590588237
0.04474000  3018.624862617647
0.04476000  3018.227666176471
0.04478000  3017.830469735294
0.04480000  3017.4332732941175
0.04482000  3017.0360768529413
0.04484000  3016.6388804117646
0.04486000  3016.2416839705884
0.04488000  3015.8444875294117
0.04490000  3015.4472910882355
0.04492000  3015.050094647059
0.04494000  3014.6528982058826
0.04496000  3014.255701764706
0.04498000  3013.8585053235292
0.04500000  3013.461308882353
0.04502000  3013.0641124411763
0.04504000  3012.666916
0.04506000  3012.2697195588235
0.04508000  3011.8725231176472
0.04510000  3011.4753266764706
0.04512000  3011.0781302352943
0.04514000  3010.6809337941177
0.04516000  3010.2837373529414
0.04518000  3009.8865409117648
0.04520000  3009.489344470588
0.04522000  3009.092148029412
0.04524000  3008.694951588235
0.04526000  3008.297755147059
0.04528000  3007.9005587058823
0.04530000  3007.503362264706
0.04532000  3007.1061658235294
0.04534000  3006.708969382353
0.04536000  3006.3117729411765
0.04538000  3005.9145765
0.04540000  3005.5173800588236
0.04542000  3005.120183617647
0.04544000  3004.7229871764707
0.04546000  3004.325790735294
0.04548000  3003.928594294118
0.04550000  3003.531397852941
0.04552000  3003.134201411765
0.04554000  3002.7370049705883
0.04556000  3002.339808529412
0.04558000  3001.9426120882354
0.04560000  3001.5454156470587
0.04562000  3001.1482192058825
0.04564000  3000.751022764706
0.04566000  3000.3538263235296
0.04568000  2999.956629882353
0.04570000  2999.5594334411767
0.04572000  2999.162237
0.04574000  2998.765040558824
0.04576000  2998.367844117647
0.04578000  2997.9706476764704
0.04580000  2997.573451235294
0.04582000  2997.1762547941175
0.04584000  2996.7790583529413
0.04586000  2996.3818619117646
0.04588000  2995.9846654705884
0.04590000  2995.5874690294117
0.04592000  2995.1902725882355
0.04594000  2994.793076147059
0.04596000  2994.3958797058826
0.04598000  2993.998683264706
0.04600000  2993.6014868235293
0.04602000  2993.204290382353
0.04604000  2992.8070939411764
0.04606000  2992.4098975
0.04608000  2992.0127010588235
0.04610000  2991.6155046176473
0.04612000  2991.2183081764706
0.04614000  2990.8211117352944
0.04616000  2990.4239152941177
0.04618000  2990.026718852941
0.04620000  2989.629522411765
0.04622000  2989.232325970588
0.04624000  2988.835129529412
0.04626000  2988.4379330882352
0.04628000  2988.040736647059
0.04630000  2987.6435402058823
0.04632000  2987.246343764706
0.04634000  2986.8491473235295
0.04636000  2986.4519508823532
0.04638000  2986.0547544411766
0.04640000  2985.657558
0.04642000  2985.2603615588237
0.04644000  2984.863165117647
0.04646000  2984.4659686764708
0.04648000  2984.068772235294
0.04650000  2983.671575794118
0.04652000  2983.274379352941
0.04654000  2982.877182911765
0.04656000  2982.4799864705883
0.04658000  2982.0827900294116
0.04660000  2981.6855935882354
0.04662000  2981.2883971470587
0.04664000  2980.8912007058825
0.04666000  2980.494004264706
0.04668000  2980.0968078235296
0.04670000  2979.699611382353
0.04672000  2979.3024149411767
0.04674000  2978.9052185
0.04676000  2978.5080220588234
0.04678000  2978.110825617647
0.04680000  2977.7136291764705
0.04682000  2977.3164327352943
0.04684000  2976.9192362941176
0.04686000  2976.5220398529414
0.04688000  2976.1248434117647
0.04690000  2975.7276469705885
0.04692000  2975.330450529412
0.04694000  2974.9332540882356
0.04696000  2974.536057647059
0.04698000  2974.138861205882
0.04700000  2973.741664764706
0.04702000  2973.3444683235293
0.04704000  2972.947271882353
0.04706000  2972.5500754411764
0.04708000  2972.152879
0.04710000  2971.7556825588235
0.04712000  2971.3584861176473
0.04714000  2970.9612896764706
0.04716000  2970.5640932352944
0.04718000  2970.1668967941177
0.04720000  2969.769700352941
0.04722000  2969.372503911765
0.04724000  2968.975307470588
0.04726000  2968.578111029412
0.04728000  2968.1809145882353
0.04730000  2967.783718147059
0.04732000  2967.3865217058824
0.04734000  2966.989325264706
0.04736000  2966.5921288235295
0.04738000  2966.194932382353
0.04740000  2965.7977359411766
0.04742000  2965.4005395
0.04744000  2965.0033430588237
0.04746000  2964.606146617647
0.04748000  2964.208950176471
0.04750000  2963.811753735294
0.04752000  2963.414557294118
0.04754000  2963.0173608529412
0.04756000  2962.6201644117646
0.04758000  2962.2229679705883
0.04760000  2961.8257715294117
0.04762000  2961.4285750882354
0.04764000  2961.031378647059
0.04766000  2960.6341822058826
0.04768000  2960.236985764706
0.04770000  2959.8397893235297
0.04772000  2959.442592882353
0.04774000  2959.0453964411768
0.04776000  2958.6482
0.04778000  2958.2510035588234
0.04780000  2957.853807117647
0.04782000  2957.4566106764705
0.04784000  2957.0594142352943
0.04786000  2956.6622177941176
0.04788000  2956.2650213529414
0.04790000  2955.8678249117647
0.04792000  2955.4706284705885
0.04794000  2955.073432029412
0.04796000  2954.676235588235
0.04798000  2954.279039147059
0.04800000  2953.8818427058823
0.04802000  2953.484646264706
0.04804000  2953.0874498235294
0.04806000  2952.690253382353
0.04808000  2952.2930569411765
0.04810000  2951.8958605000003
0.04812000  2951.4986640588236
0.04814000  2951.1014676176474
0.04816000  2950.7042711764707
0.04818000  2950.307074735294
0.04820000  2949.909878294118
0.04822000  2949.512681852941
0.04824000  2949.115485411765
0.04826000  2948.718288970588
0.04828000  2948.321092529412
0.04830000  2947.9238960882353
0.04832000  2947.526699647059
0.04834000  2947.1295032058824
0.04836000  2946.7323067647058
0.04838000  2946.3351103235295
0.04840000  2945.937913882353
0.04842000  2945.5407174411766
0.04844000  2945.143521
0.04846000  2944.7463245588237
0.04848000  2944.349128117647
0.04850000  2943.951931676471
0.04852000  2943.554735235294
0.04854000  2943.1575387941175
0.04856000  2942.7603423529413
0.04858000  2942.3631459117646
0.04860000  2941.9659494705884
0.04862000  2941.5687530294117
0.04864000  2941.1715565882355
0.04866000  2940.774360147059
0.04868000  2940.3771637058826
0.04870000  2939.979967264706
0.04872000  2939.5827708235297
0.04874000  2939.185574382353
0.04876000  2938.7883779411763
0.04878000  2938.3911815
0.04880000  2937.9939850588235
0.04882000  2937.5967886176472
0.04884000  2937.1995921764706
0.04886000  2936.8023957352943
0.04888000  2936.4051992941177
0.04890000  2936.0080028529414
0.04892000  2935.6108064117648
0.04894000  2935.2136099705885
0.04896000  2934.816413529412
0.04898000  2934.419217088235
0.04900000  2934.022020647059
0.04902000  2933.6248242058823
0.04904000  2933.227627764706
0.04906000  2932.8304313235294
0.04908000  2932.433234882353
0.04910000  2932.0360384411765
0.04912000  2931.6388420000003
0.04914000  2931.2416455588236
0.04916000  2930.844449117647
0.04918000  2930.4472526764707
0.04920000  2930.050056235294
0.04922000  2929.652859794118
0.04924000  2929.255663352941
0.04926000  2928.858466911765
0.04928000  2928.4612704705883
0.04930000  2928.064074029412
0.04932000  2927.6668775882354
0.04934000  2927.2696811470587
0.04936000  2926.8724847058825
0.04938000  2926.475288264706
0.04940000  2926.0780918235296
0.04942000  2925.680895382353
0.04944000  2925.2836989411767
0.04946000  2924.8865025
0.04948000  2924.489306058824
0.04950000  2924.092109617647
0.04952000  2923.6949131764704
0.04954000  2923.297716735294
0.04956000  2922.9005202941175
0.04958000  2922.5033238529413
0.04960000  2922.1061274117646
0.04962000  2921.7089309705884
0.04964000  2921.3117345294118
0.04966000  2920.9145380882355
0.04968000  2920.517341647059
0.04970000  2920.1201452058826
0.04972000  2919.722948764706
0.04974000  2919.3257523235297
0.04976000  2918.928555882353
0.04978000  2918.5313594411764
0.04980000  2918.134163
0.04982000  2917.7369665588235
0.04984000  2917.3397701176473
0.04986000  2916.9425736764706
0.04988000  2916.5453772352944
0.04990000  2916.1481807941177
0.04992000  2915.7509843529415
0.04994000  2915.353787911765
0.04996000  2914.956591470588
0.04998000  2914.559395029412
0.05000000  2914.1621985882352
0.05002000  2913.765002147059
0.05004000  2913.3678057058823
0.05006000  2912.970609264706
0.05008000  2912.5734128235295
0.05010000  2912.1762163823532
0.05012000  2911.7790199411766
0.05014000  2911.3818235
0.05016000  2910.9846270588237
0.05018000  2910.587430617647
0.05020000  2910.1902341764708
0.05022000  2909.793037735294
0.05024000  2909.395841294118
0.05026000  2908.998644852941
0.05028000  2908.601448411765
0.05030000  2908.2042519705883
0.05032000  2907.8070555294116
0.05034000  2907.4098590882354
0.05036000  2907.0126626470587
0.05038000  2906.6154662058825
0.05040000  2906.218269764706
0.05042000  2905.8210733235296
0.05044000  2905.423876882353
0.05046000  2905.0266804411767
0.05048000  2904.629484
0.05050000  2904.232287558824
0.05052000  2903.835091117647
0.05054000  2903.4378946764705
0.05056000  2903.0406982352943
0.05058000  2902.6435017941176
0.05060000  2902.2463053529414
0.05062000  2901.8491089117647
0.05064000  2901.4519124705885
0.05066000  2901.054716029412
0.05068000  2900.6575195882356
0.05070000  2900.260323147059
0.05072000  2899.8631267058827
0.05074000  2899.465930264706
0.05076000  2899.0687338235293
0.05078000  2898.671537382353
0.05080000  2898.2743409411764
0.05082000  2897.8771445
0.05084000  2897.4799480588235
0.05086000  2897.0827516176473
0.05088000  2896.6855551764706
0.05090000  2896.2883587352944
0.05092000  2895.8911622941177
0.05094000  2895.493965852941
0.05096000  2895.096769411765
0.05098000  2894.699572970588
0.05100000  2894.302376529412
0.05102000  2893.9051800882353
0.05104000  2893.507983647059
0.05106000  2893.1107872058824
0.05108000  2892.713590764706
0.05110000  2892.3163943235295
0.05112000  2891.919197882353
0.05114000  2891.5220014411766
0.05116000  2891.124805
0.05118000  2890.7276085588237
0.05120000  2890.330412117647
0.05122000  2889.933215676471
0.05124000  2889.536019235294
0.05126000  2889.138822794118
0.05128000  2888.7416263529412
0.05130000  2888.3444299117646
0.05132000  2887.9472334705883
0.05134000  2887.5500370294117
0.05136000  2887.1528405882354
0.05138000  2886.755644147059
0.05140000  2886.3584477058826
0.05142000  2885.961251264706
0.05144000  2885.5640548235297
0.05146000  2885.166858382353
0.05148000  2884.7696619411768
0.05150000  2884.3724655
0.05152000  2883.975269058824
0.05154000  2883.578072617647
0.05156000  2883.1808761764705
0.05158000  2882.7836797352943
0.05160000  2882.3864832941176
0.05162000  2881.9892868529414
0.05164000  2881.5920904117647
0.05166000  2881.1948939705885
0.05168000  2880.797697529412
0.05170000  2880.4005010882356
0.05172000  2880.003304647059
0.05174000  2879.6061082058823
0.05176000  2879.208911764706
0.05178000  2878.8117153235294
0.05180000  2878.414518882353
0.05182000  2878.0173224411765
0.05184000  2877.6201260000003
0.05186000  2877.2229295588236
0.05188000  2876.8257331176474
0.05190000  2876.4285366764707
0.05192000  2876.031340235294
0.05194000  2875.634143794118
0.05196000  2875.236947352941
0.05198000  2874.839750911765
0.05200000  2874.442554470588
0.05202000  2874.045358029412
0.05204000  2873.6481615882353
0.05206000  2873.250965147059
0.05208000  2872.8537687058824
0.05210000  2872.4565722647058
0.05212000  2872.0593758235295
0.05214000  2871.662179382353
0.05216000  2871.2649829411766
0.05218000  2870.8677865
0.05220000  2870.4705900588237
0.05222000  2870.073393617647
0.05224000  2869.676197176471
0.05226000  2869.279000735294
0.05228000  2868.881804294118
0.05230000  2868.4846078529413
0.05232000  2868.0874114117646
0.05234000  2867.6902149705884
0.05236000  2867.2930185294117
0.05238000  2866.8958220882355
0.05240000  2866.498625647059
0.05242000  2866.1014292058826
0.05244000  2865.704232764706
0.05246000  2865.3070363235297
0.05248000  2864.909839882353
0.05250000  2864.512643441177
0.05252000  2864.115447
0.05254000  2863.7182505588235
0.05256000  2863.3210541176472
0.05258000  2862.9238576764706
0.05260000  2862.5266612352943
0.05262000  2862.1294647941177
0.05264000  2861.7322683529414
0.05266000  2861.3350719117648
0.05268000  2860.9378754705886
0.05270000  2860.540679029412
0.05272000  2860.143482588235
0.05274000  2859.746286147059
0.05276000  2859.3490897058823
0.05278000  2858.951893264706
0.05280000  2858.5546968235294
0.05282000  2858.157500382353
0.05284000  2857.7603039411765
0.05286000  2857.3631075000003
0.05288000  2856.9659110588236
0.05290000  2856.568714617647
0.05292000  2856.1715181764707
0.05294000  2855.774321735294
0.05296000  2855.377125294118
0.05298000  2854.979928852941
0.05300000  2854.582732411765
0.05302000  2854.1855359705883
0.05304000  2853.788339529412
0.05306000  2853.3911430882354
0.05308000  2852.9939466470587
0.05310000  2852.5967502058825
0.05312000  2852.199553764706
0.05314000  2851.8023573235296
0.05316000  2851.405160882353
0.05318000  2851.0079644411767
0.05320000  2850.610768
0.05322000  2850.213571558824
0.05324000  2849.816375117647
0.05326000  2849.419178676471
0.05328000  2849.021982235294
0.05330000  2848.624785794118
0.05332000  2848.2275893529413
0.05334000  2847.8303929117646
0.05336000  2847.4331964705884
0.05338000  2847.0360000294118
0.05340000  2846.6388035882355
0.05342000  2846.241607147059
0.05344000  2845.8444107058826
0.05346000  2845.447214264706
0.05348000  2845.0500178235297
0.05350000  2844.652821382353
0.05352000  2844.2556249411764
0.05354000  2843.8584285
0.05356000  2843.4612320588235
0.05358000  2843.0640356176473
0.05360000  2842.6668391764706
0.05362000  2842.2696427352944
0.05364000  2841.8724462941177
0.05366000  2841.4752498529415
0.05368000  2841.078053411765
0.05370000  2840.680856970588
0.05372000  2840.283660529412
0.05374000  2839.8864640882352
0.05376000  2839.489267647059
0.05378000  2839.0920712058823
0.05380000  2838.694874764706
0.05382000  2838.2976783235295
0.05384000  2837.9004818823532
0.05386000  2837.5032854411766
0.05388000  2837.106089
0.05390000  2836.7088925588237
0.05392000  2836.311696117647
0.05394000  2835.9144996764708
0.05396000  2835.517303235294
0.05398000  2835.120106794118
0.05400000  2834.722910352941
0.05402000  2834.325713911765
0.05404000  2833.9285174705883
0.05406000  2833.531321029412
0.05408000  2833.1341245882354
0.05410000  2832.7369281470587
0.05412000  2832.3397317058825
0.05414000  2831.942535264706
0.05416000  2831.5453388235296
0.05418000  2831.148142382353
0.05420000  2830.7509459411767
0.05422000  2830.3537495
0.05424000  2829.956553058824
0.05426000  2829.559356617647
0.05428000  2829.162160176471
0.05430000  2828.7649637352943
0.05432000  2828.3677672941176
0.05434000  2827.9705708529414
0.05436000  2827.5733744117647
0.05438000  2827.1761779705885
0.05440000  2826.778981529412
0.05442000  2826.3817850882356
0.05444000  2825.984588647059
0.05446000  2825.5873922058827
0.05448000  2825.190195764706
0.05450000  2824.7929993235293
0.05452000  2824.395802882353
0.05454000  2823.9986064411764
0.05456000  2823.60141
0.05458000  2823.2042135588235
0.05460000  2822.8070171176473
0.05462000  2822.4098206764706
0.05464000  2822.0126242352944
0.05466000  2821.6154277941177
0.05468000  2821.218231352941
0.05470000  2820.821034911765
0.05472000  2820.423838470588
0.05474000  2820.026642029412
0.05476000  2819.6294455882353
0.05478000  2819.232249147059
0.05480000  2818.8350527058824
0.05482000  2818.437856264706
0.05484000  2818.0406598235295
0.05486000  2817.6434633823533
0.05488000  2817.2462669411766
0.05490000  2816.8490705
0.05492000  2816.4518740588237
0.05494000  2816.054677617647
0.05496000  2815.657481176471
0.05498000  2815.260284735294
0.05500000  2814.863088294118
0.05502000  2814.4658918529412
0.05504000  2814.068695411765
0.05506000  2813.6714989705883
0.05508000  2813.274302529412
0.05510000  2812.8771060882355
0.05512000  2812.479909647059
0.05514000  2812.0827132058826
0.05516000  2811.685516764706
0.05518000  2811.2883203235297
0.05520000  2810.891123882353
0.05522000  2810.4939274411768
0.05524000  2810.096731
0.05526000  2809.699534558824
0.05528000  2809.302338117647
0.05530000  2808.9051416764705
0.05532000  2808.5079452352943
0.05534000  2808.1107487941176
0.05536000  2807.7135523529414
0.05538000  2807.3163559117647
0.05540000  2806.9191594705885
0.05542000  2806.521963029412
0.05544000  2806.1247665882356
0.05546000  2805.727570147059
0.05548000  2805.3303737058823
0.05550000  2804.933177264706
0.05552000  2804.5359808235294
0.05554000  2804.138784382353
0.05556000  2803.7415879411765
0.05558000  2803.3443915000003
0.05560000  2802.9471950588236
0.05562000  2802.5499986176474
0.05564000  2802.1528021764707
0.05566000  2801.755605735294
0.05568000  2801.358409294118
0.05570000  2800.961212852941
0.05572000  2800.564016411765
0.05574000  2800.166819970588
0.05576000  2799.769623529412
0.05578000  2799.3724270882353
0.05580000  2798.975230647059
0.05582000  2798.5780342058824
0.05584000  2798.180837764706
0.05586000  2797.7836413235295
0.05588000  2797.386444882353
0.05590000  2796.9892484411766
0.05592000  2796.592052
0.05594000  2796.1948555588237
0.05596000  2795.797659117647
0.05598000  2795.400462676471
0.05600000  2795.003266235294
0.05602000  2794.606069794118
0.05604000  2794.2088733529413
0.05606000  2793.811676911765
0.05608000  2793.4144804705884
0.05610000  2793.0172840294117
0.05612000  2792.6200875882355
0.05614000  2792.222891147059
0.05616000  2791.8256947058826
0.05618000  2791.428498264706
0.05620000  2791.0313018235297
0.05622000  2790.634105382353
0.05624000  2790.236908941177
0.05626000  2789.8397125
0.05628000  2789.4425160588235
0.05630000  2789.0453196176472
0.05632000  2788.6481231764706
0.05634000  2788.2509267352943
0.05636000  2787.8537302941177
0.05638000  2787.4565338529414
0.05640000  2787.059337411765
0.05642000  2786.6621409705886
0.05644000  2786.264944529412
0.05646000  2785.867748088235
0.05648000  2785.470551647059
0.05650000  2785.0733552058823
0.05652000  2784.676158764706
0.05654000  2784.2789623235294
0.05656000  2783.881765882353
0.05658000  2783.4845694411765
0.05660000  2783.0873730000003
0.05662000  2782.6901765588236
0.05664000  2782.292980117647
0.05666000  2781.8957836764707
0.05668000  2781.498587235294
0.05670000  2781.101390794118
0.05672000  2780.704194352941
0.05674000  2780.306997911765
0.05676000  2779.9098014705883
0.05678000  2779.512605029412
0.05680000  2779.1154085882354
0.05682000  2778.718212147059
0.05684000  2778.3210157058825
0.05686000  2777.9238192647063
0.05688000  2777.5266228235296
0.05690000  2777.129426382353
0.05692000  2776.7322299411767
0.05694000  2776.3350335
0.05696000  2775.937837058824
0.05698000  2775.540640617647
0.05700000  2775.143444176471
0.05702000  2774.746247735294
0.05704000  2774.349051294118
0.05706000  2773.9518548529413
0.05708000  2773.5546584117646
0.05710000  2773.1574619705884
0.05712000  2772.7602655294118
0.05714000  2772.3630690882355
0.05716000  2771.965872647059
0.05718000  2771.5686762058826
0.05720000  2771.171479764706
0.05722000  2770.7742833235297
0.05724000  2770.377086882353
0.05726000  2769.9798904411764
0.05728000  2769.582694
0.05730000  2769.1854975588235
0.05732000  2768.7883011176473
0.05734000  2768.3911046764706
0.05736000  2767.9939082352944
0.05738000  2767.5967117941177
0.05740000  2767.1995153529415
0.05742000  2766.802318911765
0.05744000  2766.405122470588
0.05746000  2766.007926029412
0.05748000  2765.6107295882352
0.05750000  2765.213533147059
0.05752000  2764.8163367058823
0.05754000  2764.419140264706
0.05756000  2764.0219438235295
0.05758000  2763.6247473823532
0.05760000  2763.2275509411766
0.05762000  2762.8303545
0.05764000  2762.4331580588237
0.05766000  2762.0359616176474
0.05768000  2761.6387651764708
0.05770000  2761.241568735294
0.05772000  2760.844372294118
0.05774000  2760.447175852941
0.05776000  2760.049979411765
0.05778000  2759.6527829705883
0.05780000  2759.255586529412
0.05782000  2758.8583900882354
0.05784000  2758.461193647059
0.05786000  2758.0639972058825
0.05788000  2757.666800764706
0.05790000  2757.2696043235296
0.05792000  2756.872407882353
0.05794000  2756.4752114411767
0.05796000  2756.078015
0.05798000  2755.680818558824
0.05800000  2755.283622117647
0.05802000  2754.886425676471
0.05804000  2754.4892292352943
0.05806000  2754.0920327941176
0.05808000  2753.6948363529414
0.05810000  2753.2976399117647
0.05812000  2752.9004434705885
0.05814000  2752.503247029412
0.05816000  2752.1060505882356
0.05818000  2751.708854147059
0.05820000  2751.3116577058827
0.05822000  2750.914461264706
0.05824000  2750.5172648235293
0.05826000  2750.120068382353
0.05828000  2749.7228719411764
0.05830000  2749.3256755
0.05832000  2748.9284790588235
0.05834000  2748.5312826176473
0.05836000  2748.1340861764706
0.05838000  2747.7368897352944
0.05840000  2747.3396932941178
0.05842000  2746.942496852941
0.05844000  2746.545300411765
0.05846000  2746.148103970588
0.05848000  2745.750907529412
0.05850000  2745.3537110882353
0.05852000  2744.956514647059
0.05854000  2744.5593182058824
0.05856000  2744.162121764706
0.05858000  2743.7649253235295
0.05860000  2743.3677288823533
0.05862000  2742.9705324411766
0.05864000  2742.5733360000004
0.05866000  2742.1761395588237
0.05868000  2741.778943117647
0.05870000  2741.381746676471
0.05872000  2740.984550235294
0.05874000  2740.587353794118
0.05876000  2740.1901573529412
0.05878000  2739.792960911765
0.05880000  2739.3957644705883
0.05882000  2738.998568029412
0.05884000  2738.6013715882355
0.05886000  2738.204175147059
0.05888000  2737.8069787058826
0.05890000  2737.409782264706
0.05892000  2737.0125858235297
0.05894000  2736.615389382353
0.05896000  2736.2181929411768
0.05898000  2735.8209965
0.05900000  2735.423800058824
0.05902000  2735.026603617647
0.05904000  2734.6294071764705
0.05906000  2734.2322107352943
0.05908000  2733.8350142941176
0.05910000  2733.4378178529414
0.05912000  2733.0406214117647
0.05914000  2732.6434249705885
0.05916000  2732.246228529412
0.05918000  2731.8490320882356
0.05920000  2731.451835647059
0.05922000  2731.0546392058823
0.05924000  2730.657442764706
0.05926000  2730.2602463235294
0.05928000  2729.863049882353
0.05930000  2729.4658534411765
0.05932000  2729.0686570000003
0.05934000  2728.6714605588236
0.05936000  2728.2742641176474
0.05938000  2727.8770676764707
0.05940000  2727.479871235294
0.05942000  2727.082674794118
0.05944000  2726.6854783529416
0.05946000  2726.288281911765
0.05948000  2725.891085470588
0.05950000  2725.493889029412
0.05952000  2725.0966925882353
0.05954000  2724.699496147059
0.05956000  2724.3022997058824
0.05958000  2723.905103264706
0.05960000  2723.5079068235295
0.05962000  2723.1107103823533
0.05964000  2722.7135139411766
0.05966000  2722.3163175
0.05968000  2721.9191210588237
0.05970000  2721.521924617647
0.05972000  2721.124728176471
0.05974000  2720.727531735294
0.05976000  2720.330335294118
0.05978000  2719.9331388529413
0.05980000  2719.535942411765
0.05982000  2719.1387459705884
0.05984000  2718.7415495294117
0.05986000  2718.3443530882355
0.05988000  2717.947156647059
0.05990000  2717.5499602058826
0.05992000  2717.152763764706
0.05994000  2716.7555673235297
0.05996000  2716.358370882353
0.05998000  2715.961174441177
0.06000000  2715.563978
0.06002000  2712.557299
0.06004000  2709.781674
0.06006000  2707.222949
0.06008000  2704.850259
0.06010000  2702.504343
0.06012000  2699.701898
0.06014000  2695.943536
0.06016000  2690.88267
0.06018000  2684.124464
0.06020000  2675.225849
0.06022000  2663.133553
0.06024000  2644.660214
0.06026000  2615.900893
0.06028000  2571.963002
0.06030000  2505.970313
0.06032000  2408.57339
0.06034000  2268.512896
0.06036000  2075.757223
0.06038000  1834.736044
0.06040000  1578.041237
0.06042000  1328.287366
0.06044000  1083.183289
0.06046000  828.567124
0.06048000  561.286043
0.06050000  328.42095
0.06052000  186.725126
0.06054000  114.888335
0.06056000  83.015261
0.06058000  72.620555
0.06060000  79.862919
0.06062000  110.863263
0.06064000  182.494942
0.06066000  319.03474
0.06068000  529.616691
0.06070000  805.085142
0.06072000  1123.830175
0.06074000  1457.045651
0.06076000  1777.803597
0.06078000  2064.589196
0.06080000  2303.043742
0.06082000  2489.726761
0.06084000  2630.306876
0.06086000  2734.313355
0.06088000  2810.982923
0.06090000  2867.724276
0.06092000  2910.047143
0.06094000  2941.885326
0.06096000  2966.035119
0.06098000  2984.5062
0.06100000  2998.729315
0.06102000  3009.743089
0.06104000  3018.308864
0.06106000  3024.989895
0.06108000  3030.211218
0.06110000  3034.302051
0.06112000  3037.510753
0.06114000  3040.0267
0.06116000  3041.998796
0.06118000  3043.53864
0.06120000  3044.733924
0.06122000  3045.657175
0.06124000  3046.362752
0.06126000  3046.896737
0.06128000  3047.295354
0.06130000  3047.587047
0.06132000  3047.798204
0.06134000  3047.947628
0.06136000  3048.055926
0.06138000  3048.138063
0.06140000  3048.205253
0.06142000  3048.263103
0.06144000  3048.311615
0.06146000  3048.358256
0.06148000  3048.404891
0.06150000  3048.449656
0.06152000  3048.498145
0.06154000  3048.546629
0.06156000  3048.6007
0.06158000  3048.654763
0.06160000  3048.712547
0.06162000  3048.772186
0.06164000  3048.83368
0.06166000  3048.897026
0.06168000  3048.962226
0.06170000  3049.025552
0.06172000  3049.092593
0.06174000  3049.15776
0.06176000  3049.224778
0.06178000  3049.291785
0.06180000  3049.35878
0.06182000  3049.425764
0.06184000  3049.492737
0.06186000  3049.561558
0.06188000  3049.628508
0.06190000  3049.695447
0.06192000  3049.762374
0.06194000  3049.831148
0.06196000  3049.898053
0.06198000  3049.964945
0.06200000  3050.031827
0.06202000  3050.098697
0.06204000  3050.165556
0.06206000  3050.232404
0.06208000  3050.297384
0.06210000  3050.364209
0.06212000  3050.431023
0.06214000  3050.49597
0.06216000  3050.562762
0.06218000  3050.627688
0.06220000  3050.692603
0.06222000  3050.759361
0.06224000  3050.824254
0.06226000  3050.889137
0.06228000  3050.954009
0.06230000  3051.01887
0.06232000  3051.083721
0.06234000  3051.146708
0.06236000  3051.211538
0.06238000  3051.276356
0.06240000  3051.339313
0.06242000  3051.404111
0.06244000  3051.467047
0.06246000  3051.529973
0.06248000  3051.592889
0.06250000  3051.655795
0.06252000  3051.718691
0.06254000  3051.781577
0.06256000  3051.844453
0.06258000  3051.907319
0.06260000  3051.970174
0.06262000  3052.031172
0.06264000  3052.094008
0.06266000  3052.154986
0.06268000  3052.215955
0.06270000  3052.278761
0.06272000  3052.33971
0.06274000  3052.40065
0.06276000  3052.461581
0.06278000  3052.522502
0.06280000  3052.583414
0.06282000  3052.64247
0.06284000  3052.703363
0.06286000  3052.764247
0.06288000  3052.823276
0.06290000  3052.884141
0.06292000  3052.943153
0.06294000  3053.002155
0.06296000  3053.061149
0.06298000  3053.121977
0.06300000  3053.180953
