0.00000000  4073.35567
0.00002000  4068.845684
0.00004000  4064.682275
0.00006000  4060.844215
0.00008000  4057.290114
0.00010000  4053.766356
0.00012000  4049.562717
0.00014000  4043.925214
0.00016000  4036.333968
0.00018000  4026.196728
0.00020000  4012.853958
0.00022000  3994.715697
0.00024000  3967.000751
0.00026000  3923.867403
0.00028000  3857.966742
0.00030000  3759.013955
0.00032000  3612.990989
0.00034000  3403.084259
0.00036000  3114.317493
0.00038000  2753.44597
0.00040000  2369.358703
0.00042000  1995.916226
0.00044000  1629.528228
0.00046000  1248.594038
0.00048000  847.847874
0.00050000  497.726739
0.00052000  284.318312
0.00054000  176.055643
0.00056000  128.26422
0.00058000  113.335988
0.00060000  126.184764
0.00062000  177.717681
0.00064000  296.782589
0.00066000  524.205948
0.00068000  873.067518
0.00070000  1322.33778
0.00072000  1829.674453
0.00074000  2344.590106
0.00076000  2825.206661
0.00078000  3242.631927
0.00080000  3581.12188
0.00082000  3840.814087
0.00084000  4033.332162
0.00086000  4174.037045
0.00088000  4276.744298
0.00090000  4352.117302
0.00092000  4407.90169
0.00094000  4449.549816
0.00096000  4480.897446
0.00098000  4504.671764
0.00100000  4522.81843
0.00102000  4536.73518
0.00104000  4547.448601
0.00106000  4555.708255
0.00108000  4562.084923
0.00110000  4567.010518
0.00112000  4570.816759
0.00114000  4573.753396
0.00116000  4576.008303
0.00118000  4577.733394
0.00120000  4579.038439
0.00122000  4580.011871
0.00124000  4580.724329
0.00126000  4581.237424
0.00128000  4581.590261
0.00130000  4581.821694
0.00132000  4581.962162
0.00134000  4582.036514
0.00136000  4582.069556
0.00138000  4582.077817
0.00140000  4582.075063
0.00142000  4582.066803
0.00144000  4582.058543
0.00146000  4582.053035
0.00148000  4582.047528
0.00150000  4582.047528
0.00152000  4582.053035
0.00154000  4582.066803
0.00156000  4582.086077
0.00158000  4582.110857
0.00160000  4582.138388
0.00162000  4582.171425
0.00164000  4582.209965
0.00166000  4582.248503
0.00168000  4582.28979
0.00170000  4582.333827
0.00172000  4582.380613
0.00174000  4582.427394
0.00176000  4582.474172
0.00178000  4582.523698
0.00180000  4582.573219
0.00182000  4582.625487
0.00184000  4582.675
0.00186000  4582.727259
0.00188000  4582.779513
0.00190000  4582.831762
0.00192000  4582.884007
0.00194000  4582.938997
0.00196000  4582.991232
0.00198000  4583.046211
0.00200000  4583.098437
0.00202000  4583.153406
0.00204000  4583.20837
0.00206000  4583.263329
0.00208000  4583.318283
0.00210000  4583.373231
0.00212000  4583.428174
0.00214000  4583.483112
0.00216000  4583.538045
0.00218000  4583.595719
0.00220000  4583.650642
0.00222000  4583.705559
0.00224000  4583.763216
0.00226000  4583.818123
0.00228000  4583.875769
0.00230000  4583.930665
0.00232000  4583.9883
0.00234000  4584.043185
0.00236000  4584.100809
0.00238000  4584.158427
0.00240000  4584.21604
0.00242000  4584.270904
0.00244000  4584.328505
0.00246000  4584.386101
0.00248000  4584.443691
0.00250000  4584.501275
0.00252000  4584.558853
0.00254000  4584.616426
0.00256000  4584.673993
0.00258000  4584.731555
0.00260000  4584.78911
0.00262000  4584.84666
0.00264000  4584.904205
0.00266000  4584.961743
0.00268000  4585.019276
0.00270000  4585.079543
0.00272000  4585.137064
0.00274000  4585.194579
0.00276000  4585.252089
0.00278000  4585.309593
0.00280000  4585.369829
0.00282000  4585.427322
0.00284000  4585.484809
0.00286000  4585.545027
0.00288000  4585.602502
0.00290000  4585.659971
0.00292000  4585.717435
0.00294000  4585.777628
0.00296000  4585.83508
0.00298000  4585.892527
0.00300000  4585.952702
0.00302000  4585.3496466682345
0.00304000  4584.74659133647
0.00306000  4584.143536004705
0.00308000  4583.540480672941
0.00310000  4582.937425341176
0.00312000  4582.334370009411
0.00314000  4581.731314677647
0.00316000  4581.128259345882
0.00318000  4580.525204014118
0.00320000  4579.922148682353
0.00322000  4579.3190933505875
0.00324000  4578.716038018823
0.00326000  4578.112982687058
0.00328000  4577.509927355294
0.00330000  4576.906872023529
0.00332000  4576.303816691764
0.00334000  4575.70076136
0.00336000  4575.097706028235
0.00338000  4574.49465069647
0.00340000  4573.891595364706
0.00342000  4573.288540032941
0.00344000  4572.685484701176
0.00346000  4572.082429369411
0.00348000  4571.479374037646
0.00350000  4570.876318705882
0.00352000  4570.273263374117
0.00354000  4569.670208042353
0.00356000  4569.067152710588
0.00358000  4568.464097378823
0.00360000  4567.861042047059
0.00362000  4567.257986715294
0.00364000  4566.654931383529
0.00366000  4566.051876051764
0.00368000  4565.448820719999
0.00370000  4564.845765388235
0.00372000  4564.24271005647
0.00374000  4563.639654724706
0.00376000  4563.036599392941
0.00378000  4562.433544061176
0.00380000  4561.830488729412
0.00382000  4561.227433397647
0.00384000  4560.624378065882
0.00386000  4560.021322734117
0.00388000  4559.418267402352
0.00390000  4558.815212070588
0.00392000  4558.212156738823
0.00394000  4557.609101407058
0.00396000  4557.006046075294
0.00398000  4556.402990743529
0.00400000  4555.799935411765
0.00402000  4555.19688008
0.00404000  4554.5938247482345
0.00406000  4553.99076941647
0.00408000  4553.387714084705
0.00410000  4552.784658752941
0.00412000  4552.181603421176
0.00414000  4551.578548089411
0.00416000  4550.975492757647
0.00418000  4550.372437425882
0.00420000  4549.769382094118
0.00422000  4549.166326762353
0.00424000  4548.5632714305875
0.00426000  4547.960216098823
0.00428000  4547.357160767058
0.00430000  4546.754105435294
0.00432000  4546.151050103529
0.00434000  4545.547994771764
0.00436000  4544.94493944
0.00438000  4544.341884108235
0.00440000  4543.738828776471
0.00442000  4543.135773444706
0.00444000  4542.5327181129405
0.00446000  4541.929662781176
0.00448000  4541.326607449411
0.00450000  4540.723552117646
0.00452000  4540.120496785882
0.00454000  4539.517441454117
0.00456000  4538.914386122353
0.00458000  4538.311330790588
0.00460000  4537.708275458823
0.00462000  4537.105220127059
0.00464000  4536.5021647952935
0.00466000  4535.899109463529
0.00468000  4535.296054131764
0.00470000  4534.692998799999
0.00472000  4534.089943468235
0.00474000  4533.48688813647
0.00476000  4532.883832804706
0.00478000  4532.280777472941
0.00480000  4531.677722141176
0.00482000  4531.074666809412
0.00484000  4530.471611477647
0.00486000  4529.868556145882
0.00488000  4529.265500814117
0.00490000  4528.662445482352
0.00492000  4528.059390150588
0.00494000  4527.456334818823
0.00496000  4526.853279487059
0.00498000  4526.250224155294
0.00500000  4525.647168823529
0.00502000  4525.044113491765
0.00504000  4524.44105816
0.00506000  4523.8380028282345
0.00508000  4523.23494749647
0.00510000  4522.631892164705
0.00512000  4522.028836832941
0.00514000  4521.425781501176
0.00516000  4520.822726169411
0.00518000  4520.219670837647
0.00520000  4519.616615505882
0.00522000  4519.013560174118
0.00524000  4518.410504842353
0.00526000  4517.8074495105875
0.00528000  4517.204394178823
0.00530000  4516.601338847058
0.00532000  4515.998283515294
0.00534000  4515.395228183529
0.00536000  4514.792172851764
0.00538000  4514.18911752
0.00540000  4513.586062188235
0.00542000  4512.983006856471
0.00544000  4512.379951524706
0.00546000  4511.7768961929405
0.00548000  4511.173840861176
0.00550000  4510.570785529411
0.00552000  4509.967730197647
0.00554000  4509.364674865882
0.00556000  4508.761619534117
0.00558000  4508.158564202353
0.00560000  4507.555508870588
0.00562000  4506.952453538823
0.00564000  4506.349398207059
0.00566000  4505.7463428752935
0.00568000  4505.143287543529
0.00570000  4504.540232211764
0.00572000  4503.937176879999
0.00574000  4503.334121548235
0.00576000  4502.73106621647
0.00578000  4502.128010884706
0.00580000  4501.524955552941
0.00582000  4500.921900221176
0.00584000  4500.318844889412
0.00586000  4499.7157895576465
0.00588000  4499.112734225882
0.00590000  4498.509678894117
0.00592000  4497.906623562352
0.00594000  4497.303568230588
0.00596000  4496.700512898823
0.00598000  4496.097457567059
0.00600000  4495.494402235294
0.00602000  4494.891346903529
0.00604000  4494.288291571765
0.00606000  4493.6852362399995
0.00608000  4493.082180908235
0.00610000  4492.47912557647
0.00612000  4491.876070244705
0.00614000  4491.273014912941
0.00616000  4490.669959581176
0.00618000  4490.066904249411
0.00620000  4489.463848917647
0.00622000  4488.860793585882
0.00624000  4488.257738254118
0.00626000  4487.654682922353
0.00628000  4487.0516275905875
0.00630000  4486.448572258823
0.00632000  4485.845516927058
0.00634000  4485.242461595294
0.00636000  4484.639406263529
0.00638000  4484.036350931764
0.00640000  4483.4332956
0.00642000  4482.830240268235
0.00644000  4482.227184936471
0.00646000  4481.624129604706
0.00648000  4481.0210742729405
0.00650000  4480.418018941176
0.00652000  4479.814963609411
0.00654000  4479.211908277647
0.00656000  4478.608852945882
0.00658000  4478.005797614117
0.00660000  4477.402742282353
0.00662000  4476.799686950588
0.00664000  4476.196631618824
0.00666000  4475.593576287059
0.00668000  4474.9905209552935
0.00670000  4474.387465623529
0.00672000  4473.784410291764
0.00674000  4473.181354959999
0.00676000  4472.578299628235
0.00678000  4471.97524429647
0.00680000  4471.372188964706
0.00682000  4470.769133632941
0.00684000  4470.166078301176
0.00686000  4469.563022969412
0.00688000  4468.9599676376465
0.00690000  4468.356912305882
0.00692000  4467.753856974117
0.00694000  4467.150801642352
0.00696000  4466.547746310588
0.00698000  4465.944690978823
0.00700000  4465.341635647059
0.00702000  4464.738580315294
0.00704000  4464.135524983529
0.00706000  4463.532469651765
0.00708000  4462.9294143199995
0.00710000  4462.326358988235
0.00712000  4461.72330365647
0.00714000  4461.120248324705
0.00716000  4460.517192992941
0.00718000  4459.914137661176
0.00720000  4459.311082329412
0.00722000  4458.708026997647
0.00724000  4458.104971665882
0.00726000  4457.501916334118
0.00728000  4456.8988610023525
0.00730000  4456.2958056705875
0.00732000  4455.692750338823
0.00734000  4455.089695007058
0.00736000  4454.486639675294
0.00738000  4453.883584343529
0.00740000  4453.280529011764
0.00742000  4452.67747368
0.00744000  4452.074418348235
0.00746000  4451.471363016471
0.00748000  4450.8683076847055
0.00750000  4450.2652523529405
0.00752000  4449.662197021176
0.00754000  4449.059141689411
0.00756000  4448.456086357647
0.00758000  4447.853031025882
0.00760000  4447.249975694117
0.00762000  4446.646920362353
0.00764000  4446.043865030588
0.00766000  4445.440809698824
0.00768000  4444.837754367059
0.00770000  4444.2346990352935
0.00772000  4443.631643703529
0.00774000  4443.028588371764
0.00776000  4442.42553304
0.00778000  4441.822477708235
0.00780000  4441.21942237647
0.00782000  4440.616367044706
0.00784000  4440.013311712941
0.00786000  4439.410256381176
0.00788000  4438.807201049412
0.00790000  4438.2041457176465
0.00792000  4437.601090385882
0.00794000  4436.998035054117
0.00796000  4436.394979722352
0.00798000  4435.791924390588
0.00800000  4435.188869058823
0.00802000  4434.585813727059
0.00804000  4433.982758395294
0.00806000  4433.379703063529
0.00808000  4432.776647731765
0.00810000  4432.1735923999995
0.00812000  4431.570537068235
0.00814000  4430.96748173647
0.00816000  4430.364426404705
0.00818000  4429.761371072941
0.00820000  4429.158315741176
0.00822000  4428.555260409412
0.00824000  4427.952205077647
0.00826000  4427.349149745882
0.00828000  4426.746094414118
0.00830000  4426.1430390823525
0.00832000  4425.539983750588
0.00834000  4424.936928418823
0.00836000  4424.333873087058
0.00838000  4423.730817755294
0.00840000  4423.127762423529
0.00842000  4422.524707091765
0.00844000  4421.92165176
0.00846000  4421.318596428235
0.00848000  4420.715541096471
0.00850000  4420.1124857647055
0.00852000  4419.5094304329405
0.00854000  4418.906375101176
0.00856000  4418.303319769411
0.00858000  4417.700264437647
0.00860000  4417.097209105882
0.00862000  4416.494153774117
0.00864000  4415.891098442353
0.00866000  4415.288043110588
0.00868000  4414.684987778824
0.00870000  4414.0819324470585
0.00872000  4413.4788771152935
0.00874000  4412.875821783529
0.00876000  4412.272766451764
0.00878000  4411.66971112
0.00880000  4411.066655788235
0.00882000  4410.46360045647
0.00884000  4409.860545124706
0.00886000  4409.257489792941
0.00888000  4408.654434461177
0.00890000  4408.0513791294115
0.00892000  4407.4483237976465
0.00894000  4406.845268465882
0.00896000  4406.242213134117
0.00898000  4405.639157802352
0.00900000  4405.036102470588
0.00902000  4404.433047138823
0.00904000  4403.829991807059
0.00906000  4403.226936475294
0.00908000  4402.623881143529
0.00910000  4402.020825811765
0.00912000  4401.4177704799995
0.00914000  4400.814715148235
0.00916000  4400.21165981647
0.00918000  4399.608604484705
0.00920000  4399.005549152941
0.00922000  4398.402493821176
0.00924000  4397.799438489412
0.00926000  4397.196383157647
0.00928000  4396.593327825882
0.00930000  4395.990272494118
0.00932000  4395.3872171623525
0.00934000  4394.784161830588
0.00936000  4394.181106498823
0.00938000  4393.578051167058
0.00940000  4392.974995835294
0.00942000  4392.371940503529
0.00944000  4391.768885171765
0.00946000  4391.16582984
0.00948000  4390.562774508235
0.00950000  4389.959719176471
0.00952000  4389.3566638447055
0.00954000  4388.753608512941
0.00956000  4388.150553181176
0.00958000  4387.547497849411
0.00960000  4386.944442517647
0.00962000  4386.341387185882
0.00964000  4385.738331854117
0.00966000  4385.135276522353
0.00968000  4384.532221190588
0.00970000  4383.929165858824
0.00972000  4383.3261105270585
0.00974000  4382.723055195293
0.00976000  4382.119999863529
0.00978000  4381.516944531764
0.00980000  4380.9138892
0.00982000  4380.310833868235
0.00984000  4379.70777853647
0.00986000  4379.104723204706
0.00988000  4378.501667872941
0.00990000  4377.898612541177
0.00992000  4377.2955572094115
0.00994000  4376.6925018776465
0.00996000  4376.089446545882
0.00998000  4375.486391214117
0.01000000  4374.883335882353
0.01002000  4374.280280550588
0.01004000  4373.677225218823
0.01006000  4373.074169887059
0.01008000  4372.471114555294
0.01010000  4371.868059223529
0.01012000  4371.2650038917645
0.01014000  4370.6619485599995
0.01016000  4370.058893228235
0.01018000  4369.45583789647
0.01020000  4368.852782564705
0.01022000  4368.249727232941
0.01024000  4367.646671901176
0.01026000  4367.043616569412
0.01028000  4366.440561237647
0.01030000  4365.837505905882
0.01032000  4365.234450574118
0.01034000  4364.6313952423525
0.01036000  4364.028339910588
0.01038000  4363.425284578823
0.01040000  4362.822229247058
0.01042000  4362.219173915294
0.01044000  4361.616118583529
0.01046000  4361.013063251765
0.01048000  4360.41000792
0.01050000  4359.806952588235
0.01052000  4359.203897256471
0.01054000  4358.6008419247055
0.01056000  4357.997786592941
0.01058000  4357.394731261176
0.01060000  4356.791675929411
0.01062000  4356.188620597647
0.01064000  4355.585565265882
0.01066000  4354.982509934118
0.01068000  4354.379454602353
0.01070000  4353.776399270588
0.01072000  4353.173343938824
0.01074000  4352.5702886070585
0.01076000  4351.967233275293
0.01078000  4351.364177943529
0.01080000  4350.761122611764
0.01082000  4350.15806728
0.01084000  4349.555011948235
0.01086000  4348.95195661647
0.01088000  4348.348901284706
0.01090000  4347.745845952941
0.01092000  4347.142790621177
0.01094000  4346.5397352894115
0.01096000  4345.936679957646
0.01098000  4345.333624625882
0.01100000  4344.730569294117
0.01102000  4344.127513962353
0.01104000  4343.524458630588
0.01106000  4342.921403298823
0.01108000  4342.318347967059
0.01110000  4341.715292635294
0.01112000  4341.11223730353
0.01114000  4340.5091819717645
0.01116000  4339.9061266399995
0.01118000  4339.303071308235
0.01120000  4338.70001597647
0.01122000  4338.096960644705
0.01124000  4337.493905312941
0.01126000  4336.890849981176
0.01128000  4336.287794649412
0.01130000  4335.684739317647
0.01132000  4335.081683985882
0.01134000  4334.4786286541175
0.01136000  4333.8755733223525
0.01138000  4333.272517990588
0.01140000  4332.669462658823
0.01142000  4332.066407327058
0.01144000  4331.463351995294
0.01146000  4330.860296663529
0.01148000  4330.257241331765
0.01150000  4329.654186
0.01152000  4329.051130668235
0.01154000  4328.4480753364705
0.01156000  4327.8450200047055
0.01158000  4327.241964672941
0.01160000  4326.638909341176
0.01162000  4326.035854009411
0.01164000  4325.432798677647
0.01166000  4324.829743345882
0.01168000  4324.226688014118
0.01170000  4323.623632682353
0.01172000  4323.020577350588
0.01174000  4322.417522018824
0.01176000  4321.8144666870585
0.01178000  4321.211411355294
0.01180000  4320.608356023529
0.01182000  4320.005300691764
0.01184000  4319.40224536
0.01186000  4318.799190028235
0.01188000  4318.19613469647
0.01190000  4317.593079364706
0.01192000  4316.990024032941
0.01194000  4316.386968701177
0.01196000  4315.7839133694115
0.01198000  4315.180858037646
0.01200000  4314.577802705882
0.01202000  4313.974747374117
0.01204000  4313.371692042353
0.01206000  4312.768636710588
0.01208000  4312.165581378823
0.01210000  4311.562526047059
0.01212000  4310.959470715294
0.01214000  4310.35641538353
0.01216000  4309.7533600517645
0.01218000  4309.150304719999
0.01220000  4308.547249388235
0.01222000  4307.94419405647
0.01224000  4307.341138724706
0.01226000  4306.738083392941
0.01228000  4306.135028061176
0.01230000  4305.531972729412
0.01232000  4304.928917397647
0.01234000  4304.325862065882
0.01236000  4303.7228067341175
0.01238000  4303.119751402352
0.01240000  4302.516696070588
0.01242000  4301.913640738823
0.01244000  4301.310585407058
0.01246000  4300.707530075294
0.01248000  4300.104474743529
0.01250000  4299.501419411765
0.01252000  4298.89836408
0.01254000  4298.295308748235
0.01256000  4297.6922534164705
0.01258000  4297.0891980847055
0.01260000  4296.486142752941
0.01262000  4295.883087421176
0.01264000  4295.280032089411
0.01266000  4294.676976757647
0.01268000  4294.073921425882
0.01270000  4293.470866094118
0.01272000  4292.867810762353
0.01274000  4292.264755430588
0.01276000  4291.6617000988235
0.01278000  4291.0586447670585
0.01280000  4290.455589435294
0.01282000  4289.852534103529
0.01284000  4289.249478771764
0.01286000  4288.64642344
0.01288000  4288.043368108235
0.01290000  4287.440312776471
0.01292000  4286.837257444706
0.01294000  4286.234202112941
0.01296000  4285.6311467811765
0.01298000  4285.0280914494115
0.01300000  4284.425036117647
0.01302000  4283.821980785882
0.01304000  4283.218925454117
0.01306000  4282.615870122353
0.01308000  4282.012814790588
0.01310000  4281.409759458823
0.01312000  4280.806704127059
0.01314000  4280.203648795294
0.01316000  4279.60059346353
0.01318000  4278.9975381317645
0.01320000  4278.394482799999
0.01322000  4277.791427468235
0.01324000  4277.18837213647
0.01326000  4276.585316804706
0.01328000  4275.982261472941
0.01330000  4275.379206141176
0.01332000  4274.776150809412
0.01334000  4274.173095477647
0.01336000  4273.570040145883
0.01338000  4272.9669848141175
0.01340000  4272.363929482352
0.01342000  4271.760874150588
0.01344000  4271.157818818823
0.01346000  4270.554763487058
0.01348000  4269.951708155294
0.01350000  4269.348652823529
0.01352000  4268.745597491765
0.01354000  4268.14254216
0.01356000  4267.539486828235
0.01358000  4266.9364314964705
0.01360000  4266.333376164705
0.01362000  4265.730320832941
0.01364000  4265.127265501176
0.01366000  4264.524210169411
0.01368000  4263.921154837647
0.01370000  4263.318099505882
0.01372000  4262.715044174118
0.01374000  4262.111988842353
0.01376000  4261.508933510588
0.01378000  4260.9058781788235
0.01380000  4260.302822847058
0.01382000  4259.699767515294
0.01384000  4259.096712183529
0.01386000  4258.493656851764
0.01388000  4257.89060152
0.01390000  4257.287546188235
0.01392000  4256.684490856471
0.01394000  4256.081435524706
0.01396000  4255.478380192941
0.01398000  4254.8753248611765
0.01400000  4254.2722695294115
0.01402000  4253.669214197647
0.01404000  4253.066158865882
0.01406000  4252.463103534117
0.01408000  4251.860048202353
0.01410000  4251.256992870588
0.01412000  4250.653937538824
0.01414000  4250.050882207059
0.01416000  4249.447826875294
0.01418000  4248.8447715435295
0.01420000  4248.2417162117645
0.01422000  4247.638660879999
0.01424000  4247.035605548235
0.01426000  4246.43255021647
0.01428000  4245.829494884706
0.01430000  4245.226439552941
0.01432000  4244.623384221176
0.01434000  4244.020328889412
0.01436000  4243.417273557647
0.01438000  4242.8142182258825
0.01440000  4242.2111628941175
0.01442000  4241.608107562352
0.01444000  4241.005052230588
0.01446000  4240.401996898823
0.01448000  4239.798941567059
0.01450000  4239.195886235294
0.01452000  4238.592830903529
0.01454000  4237.989775571765
0.01456000  4237.38672024
0.01458000  4236.783664908235
0.01460000  4236.1806095764705
0.01462000  4235.577554244705
0.01464000  4234.974498912941
0.01466000  4234.371443581176
0.01468000  4233.768388249411
0.01470000  4233.165332917647
0.01472000  4232.562277585882
0.01474000  4231.959222254118
0.01476000  4231.356166922353
0.01478000  4230.753111590588
0.01480000  4230.1500562588235
0.01482000  4229.547000927058
0.01484000  4228.943945595294
0.01486000  4228.340890263529
0.01488000  4227.737834931764
0.01490000  4227.1347796
0.01492000  4226.531724268235
0.01494000  4225.928668936471
0.01496000  4225.325613604706
0.01498000  4224.722558272941
0.01500000  4224.1195029411765
0.01502000  4223.516447609411
0.01504000  4222.913392277647
0.01506000  4222.310336945882
0.01508000  4221.707281614117
0.01510000  4221.104226282353
0.01512000  4220.501170950588
0.01514000  4219.898115618824
0.01516000  4219.295060287059
0.01518000  4218.692004955294
0.01520000  4218.0889496235295
0.01522000  4217.485894291764
0.01524000  4216.88283896
0.01526000  4216.279783628235
0.01528000  4215.67672829647
0.01530000  4215.073672964706
0.01532000  4214.470617632941
0.01534000  4213.867562301176
0.01536000  4213.264506969412
0.01538000  4212.661451637647
0.01540000  4212.0583963058825
0.01542000  4211.4553409741175
0.01544000  4210.852285642352
0.01546000  4210.249230310588
0.01548000  4209.646174978823
0.01550000  4209.043119647059
0.01552000  4208.440064315294
0.01554000  4207.837008983529
0.01556000  4207.233953651765
0.01558000  4206.63089832
0.01560000  4206.0278429882355
0.01562000  4205.4247876564705
0.01564000  4204.821732324705
0.01566000  4204.218676992941
0.01568000  4203.615621661176
0.01570000  4203.012566329411
0.01572000  4202.409510997647
0.01574000  4201.806455665882
0.01576000  4201.203400334118
0.01578000  4200.600345002353
0.01580000  4199.997289670588
0.01582000  4199.3942343388235
0.01584000  4198.791179007058
0.01586000  4198.188123675294
0.01588000  4197.585068343529
0.01590000  4196.982013011764
0.01592000  4196.37895768
0.01594000  4195.775902348235
0.01596000  4195.172847016471
0.01598000  4194.569791684706
0.01600000  4193.966736352941
0.01602000  4193.3636810211765
0.01604000  4192.760625689411
0.01606000  4192.157570357647
0.01608000  4191.554515025882
0.01610000  4190.951459694117
0.01612000  4190.348404362353
0.01614000  4189.745349030588
0.01616000  4189.142293698824
0.01618000  4188.539238367059
0.01620000  4187.936183035294
0.01622000  4187.3331277035295
0.01624000  4186.730072371764
0.01626000  4186.12701704
0.01628000  4185.523961708235
0.01630000  4184.92090637647
0.01632000  4184.317851044706
0.01634000  4183.714795712941
0.01636000  4183.111740381177
0.01638000  4182.508685049412
0.01640000  4181.905629717647
0.01642000  4181.3025743858825
0.01644000  4180.699519054117
0.01646000  4180.096463722352
0.01648000  4179.493408390588
0.01650000  4178.890353058823
0.01652000  4178.287297727059
0.01654000  4177.684242395294
0.01656000  4177.081187063529
0.01658000  4176.478131731765
0.01660000  4175.8750764
0.01662000  4175.2720210682355
0.01664000  4174.66896573647
0.01666000  4174.065910404705
0.01668000  4173.462855072941
0.01670000  4172.859799741176
0.01672000  4172.256744409412
0.01674000  4171.653689077647
0.01676000  4171.050633745882
0.01678000  4170.447578414118
0.01680000  4169.844523082353
0.01682000  4169.241467750588
0.01684000  4168.6384124188235
0.01686000  4168.035357087058
0.01688000  4167.432301755294
0.01690000  4166.829246423529
0.01692000  4166.226191091764
0.01694000  4165.62313576
0.01696000  4165.020080428235
0.01698000  4164.417025096471
0.01700000  4163.813969764706
0.01702000  4163.210914432941
0.01704000  4162.6078591011765
0.01706000  4162.004803769411
0.01708000  4161.401748437647
0.01710000  4160.798693105882
0.01712000  4160.195637774117
0.01714000  4159.592582442353
0.01716000  4158.989527110588
0.01718000  4158.386471778824
0.01720000  4157.783416447059
0.01722000  4157.180361115294
0.01724000  4156.5773057835295
0.01726000  4155.974250451764
0.01728000  4155.37119512
0.01730000  4154.768139788235
0.01732000  4154.16508445647
0.01734000  4153.562029124706
0.01736000  4152.958973792941
0.01738000  4152.355918461177
0.01740000  4151.752863129412
0.01742000  4151.149807797647
0.01744000  4150.5467524658825
0.01746000  4149.943697134117
0.01748000  4149.340641802353
0.01750000  4148.737586470588
0.01752000  4148.134531138823
0.01754000  4147.531475807059
0.01756000  4146.928420475294
0.01758000  4146.325365143529
0.01760000  4145.722309811765
0.01762000  4145.11925448
0.01764000  4144.5161991482355
0.01766000  4143.91314381647
0.01768000  4143.310088484705
0.01770000  4142.707033152941
0.01772000  4142.103977821176
0.01774000  4141.500922489412
0.01776000  4140.897867157647
0.01778000  4140.294811825882
0.01780000  4139.691756494118
0.01782000  4139.088701162353
0.01784000  4138.4856458305885
0.01786000  4137.882590498823
0.01788000  4137.279535167058
0.01790000  4136.676479835294
0.01792000  4136.073424503529
0.01794000  4135.470369171764
0.01796000  4134.86731384
0.01798000  4134.264258508235
0.01800000  4133.661203176471
0.01802000  4133.058147844706
0.01804000  4132.455092512941
0.01806000  4131.8520371811765
0.01808000  4131.248981849411
0.01810000  4130.645926517647
0.01812000  4130.042871185882
0.01814000  4129.439815854117
0.01816000  4128.836760522353
0.01818000  4128.233705190588
0.01820000  4127.630649858824
0.01822000  4127.027594527059
0.01824000  4126.424539195294
0.01826000  4125.8214838635295
0.01828000  4125.218428531764
0.01830000  4124.6153732
0.01832000  4124.012317868235
0.01834000  4123.40926253647
0.01836000  4122.806207204706
0.01838000  4122.203151872941
0.01840000  4121.600096541177
0.01842000  4120.997041209412
0.01844000  4120.393985877647
0.01846000  4119.7909305458825
0.01848000  4119.187875214117
0.01850000  4118.584819882353
0.01852000  4117.981764550588
0.01854000  4117.378709218823
0.01856000  4116.775653887059
0.01858000  4116.172598555294
0.01860000  4115.56954322353
0.01862000  4114.966487891765
0.01864000  4114.36343256
0.01866000  4113.7603772282355
0.01868000  4113.15732189647
0.01870000  4112.554266564705
0.01872000  4111.951211232941
0.01874000  4111.348155901176
0.01876000  4110.745100569412
0.01878000  4110.142045237647
0.01880000  4109.538989905882
0.01882000  4108.935934574118
0.01884000  4108.332879242353
0.01886000  4107.7298239105885
0.01888000  4107.126768578823
0.01890000  4106.523713247058
0.01892000  4105.920657915294
0.01894000  4105.317602583529
0.01896000  4104.714547251765
0.01898000  4104.11149192
0.01900000  4103.508436588235
0.01902000  4102.905381256471
0.01904000  4102.302325924706
0.01906000  4101.6992705929415
0.01908000  4101.096215261176
0.01910000  4100.493159929411
0.01912000  4099.890104597647
0.01914000  4099.287049265882
0.01916000  4098.683993934117
0.01918000  4098.080938602353
0.01920000  4097.477883270588
0.01922000  4096.874827938824
0.01924000  4096.271772607059
0.01926000  4095.668717275294
0.01928000  4095.0656619435294
0.01930000  4094.4626066117644
0.01932000  4093.85955128
0.01934000  4093.256495948235
0.01936000  4092.6534406164706
0.01938000  4092.050385284706
0.01940000  4091.447329952941
0.01942000  4090.8442746211763
0.01944000  4090.2412192894117
0.01946000  4089.638163957647
0.01948000  4089.0351086258825
0.01950000  4088.4320532941174
0.01952000  4087.828997962353
0.01954000  4087.225942630588
0.01956000  4086.6228872988236
0.01958000  4086.019831967059
0.01960000  4085.416776635294
0.01962000  4084.8137213035293
0.01964000  4084.2106659717647
0.01966000  4083.60761064
0.01968000  4083.004555308235
0.01970000  4082.4014999764704
0.01972000  4081.798444644706
0.01974000  4081.195389312941
0.01976000  4080.5923339811766
0.01978000  4079.9892786494115
0.01980000  4079.386223317647
0.01982000  4078.7831679858823
0.01984000  4078.1801126541177
0.01986000  4077.5770573223526
0.01988000  4076.974001990588
0.01990000  4076.3709466588234
0.01992000  4075.767891327059
0.01994000  4075.164835995294
0.01996000  4074.561780663529
0.01998000  4073.9587253317645
0.02000000  4073.35567
0.02002000  4068.845684
0.02004000  4064.682275
0.02006000  4060.844215
0.02008000  4057.290114
0.02010000  4053.766356
0.02012000  4049.562717
0.02014000  4043.925214
0.02016000  4036.333968
0.02018000  4026.196728
0.02020000  4012.853958
0.02022000  3994.715697
0.02024000  3967.000751
0.02026000  3923.867403
0.02028000  3857.966742
0.02030000  3759.013955
0.02032000  3612.990989
0.02034000  3403.084259
0.02036000  3114.317493
0.02038000  2753.44597
0.02040000  2369.358703
0.02042000  1995.916226
0.02044000  1629.528228
0.02046000  1248.594038
0.02048000  847.847874
0.02050000  497.726739
0.02052000  284.318312
0.02054000  176.055643
0.02056000  128.26422
0.02058000  113.335988
0.02060000  126.184764
0.02062000  177.717681
0.02064000  296.782589
0.02066000  524.205948
0.02068000  873.067518
0.02070000  1322.33778
0.02072000  1829.674453
0.02074000  2344.590106
0.02076000  2825.206661
0.02078000  3242.631927
0.02080000  3581.12188
0.02082000  3840.814087
0.02084000  4033.332162
0.02086000  4174.037045
0.02088000  4276.744298
0.02090000  4352.117302
0.02092000  4407.90169
0.02094000  4449.549816
0.02096000  4480.897446
0.02098000  4504.671764
0.02100000  4522.81843
0.02102000  4536.73518
0.02104000  4547.448601
0.02106000  4555.708255
0.02108000  4562.084923
0.02110000  4567.010518
0.02112000  4570.816759
0.02114000  4573.753396
0.02116000  4576.008303
0.02118000  4577.733394
0.02120000  4579.038439
0.02122000  4580.011871
0.02124000  4580.724329
0.02126000  4581.237424
0.02128000  4581.590261
0.02130000  4581.821694
0.02132000  4581.962162
0.02134000  4582.036514
0.02136000  4582.069556
0.02138000  4582.077817
0.02140000  4582.075063
0.02142000  4582.066803
0.02144000  4582.058543
0.02146000  4582.053035
0.02148000  4582.047528
0.02150000  4582.047528
0.02152000  4582.053035
0.02154000  4582.066803
0.02156000  4582.086077
0.02158000  4582.110857
0.02160000  4582.138388
0.02162000  4582.171425
0.02164000  4582.209965
0.02166000  4582.248503
0.02168000  4582.28979
0.02170000  4582.333827
0.02172000  4582.380613
0.02174000  4582.427394
0.02176000  4582.474172
0.02178000  4582.523698
0.02180000  4582.573219
0.02182000  4582.625487
0.02184000  4582.675
0.02186000  4582.727259
0.02188000  4582.779513
0.02190000  4582.831762
0.02192000  4582.884007
0.02194000  4582.938997
0.02196000  4582.991232
0.02198000  4583.046211
0.02200000  4583.098437
0.02202000  4583.153406
0.02204000  4583.20837
0.02206000  4583.263329
0.02208000  4583.318283
0.02210000  4583.373231
0.02212000  4583.428174
0.02214000  4583.483112
0.02216000  4583.538045
0.02218000  4583.595719
0.02220000  4583.650642
0.02222000  4583.705559
0.02224000  4583.763216
0.02226000  4583.818123
0.02228000  4583.875769
0.02230000  4583.930665
0.02232000  4583.9883
0.02234000  4584.043185
0.02236000  4584.100809
0.02238000  4584.158427
0.02240000  4584.21604
0.02242000  4584.270904
0.02244000  4584.328505
0.02246000  4584.386101
0.02248000  4584.443691
0.02250000  4584.501275
0.02252000  4584.558853
0.02254000  4584.616426
0.02256000  4584.673993
0.02258000  4584.731555
0.02260000  4584.78911
0.02262000  4584.84666
0.02264000  4584.904205
0.02266000  4584.961743
0.02268000  4585.019276
0.02270000  4585.079543
0.02272000  4585.137064
0.02274000  4585.194579
0.02276000  4585.252089
0.02278000  4585.309593
0.02280000  4585.369829
0.02282000  4585.427322
0.02284000  4585.484809
0.02286000  4585.545027
0.02288000  4585.602502
0.02290000  4585.659971
0.02292000  4585.717435
0.02294000  4585.777628
0.02296000  4585.83508
0.02298000  4585.892527
0.02300000  4585.952702
0.02302000  4585.3496466682345
0.02304000  4584.74659133647
0.02306000  4584.143536004705
0.02308000  4583.540480672941
0.02310000  4582.937425341176
0.02312000  4582.334370009411
0.02314000  4581.731314677647
0.02316000  4581.128259345882
0.02318000  4580.525204014118
0.02320000  4579.922148682353
0.02322000  4579.3190933505875
0.02324000  4578.716038018823
0.02326000  4578.112982687058
0.02328000  4577.509927355294
0.02330000  4576.906872023529
0.02332000  4576.303816691764
0.02334000  4575.70076136
0.02336000  4575.097706028235
0.02338000  4574.49465069647
0.02340000  4573.891595364706
0.02342000  4573.288540032941
0.02344000  4572.685484701176
0.02346000  4572.082429369411
0.02348000  4571.479374037646
0.02350000  4570.876318705882
0.02352000  4570.273263374117
0.02354000  4569.670208042353
0.02356000  4569.067152710588
0.02358000  4568.464097378823
0.02360000  4567.861042047059
0.02362000  4567.257986715294
0.02364000  4566.654931383529
0.02366000  4566.051876051764
0.02368000  4565.448820719999
0.02370000  4564.845765388235
0.02372000  4564.24271005647
0.02374000  4563.639654724706
0.02376000  4563.036599392941
0.02378000  4562.433544061176
0.02380000  4561.830488729412
0.02382000  4561.227433397647
0.02384000  4560.624378065882
0.02386000  4560.021322734117
0.02388000  4559.418267402352
0.02390000  4558.815212070588
0.02392000  4558.212156738823
0.02394000  4557.609101407058
0.02396000  4557.006046075294
0.02398000  4556.402990743529
0.02400000  4555.799935411765
0.02402000  4555.19688008
0.02404000  4554.5938247482345
0.02406000  4553.99076941647
0.02408000  4553.387714084705
0.02410000  4552.784658752941
0.02412000  4552.181603421176
0.02414000  4551.578548089411
0.02416000  4550.975492757647
0.02418000  4550.372437425882
0.02420000  4549.769382094118
0.02422000  4549.166326762353
0.02424000  4548.5632714305875
0.02426000  4547.960216098823
0.02428000  4547.357160767058
0.02430000  4546.754105435294
0.02432000  4546.151050103529
0.02434000  4545.547994771764
0.02436000  4544.94493944
0.02438000  4544.341884108235
0.02440000  4543.738828776471
0.02442000  4543.135773444706
0.02444000  4542.5327181129405
0.02446000  4541.929662781176
0.02448000  4541.326607449411
0.02450000  4540.723552117646
0.02452000  4540.120496785882
0.02454000  4539.517441454117
0.02456000  4538.914386122353
0.02458000  4538.311330790588
0.02460000  4537.708275458823
0.02462000  4537.105220127059
0.02464000  4536.5021647952935
0.02466000  4535.899109463529
0.02468000  4535.296054131764
0.02470000  4534.692998799999
0.02472000  4534.089943468235
0.02474000  4533.48688813647
0.02476000  4532.883832804706
0.02478000  4532.280777472941
0.02480000  4531.677722141176
0.02482000  4531.074666809412
0.02484000  4530.471611477647
0.02486000  4529.868556145882
0.02488000  4529.265500814117
0.02490000  4528.662445482352
0.02492000  4528.059390150588
0.02494000  4527.456334818823
0.02496000  4526.853279487059
0.02498000  4526.250224155294
0.02500000  4525.647168823529
0.02502000  4525.044113491765
0.02504000  4524.44105816
0.02506000  4523.8380028282345
0.02508000  4523.23494749647
0.02510000  4522.631892164705
0.02512000  4522.028836832941
0.02514000  4521.425781501176
0.02516000  4520.822726169411
0.02518000  4520.219670837647
0.02520000  4519.616615505882
0.02522000  4519.013560174118
0.02524000  4518.410504842353
0.02526000  4517.8074495105875
0.02528000  4517.204394178823
0.02530000  4516.601338847058
0.02532000  4515.998283515294
0.02534000  4515.395228183529
0.02536000  4514.792172851764
0.02538000  4514.18911752
0.02540000  4513.586062188235
0.02542000  4512.983006856471
0.02544000  4512.379951524706
0.02546000  4511.7768961929405
0.02548000  4511.173840861176
0.02550000  4510.570785529411
0.02552000  4509.967730197647
0.02554000  4509.364674865882
0.02556000  4508.761619534117
0.02558000  4508.158564202353
0.02560000  4507.555508870588
0.02562000  4506.952453538823
0.02564000  4506.349398207059
0.02566000  4505.7463428752935
0.02568000  4505.143287543529
0.02570000  4504.540232211764
0.02572000  4503.937176879999
0.02574000  4503.334121548235
0.02576000  4502.73106621647
0.02578000  4502.128010884706
0.02580000  4501.524955552941
0.02582000  4500.921900221176
0.02584000  4500.318844889412
0.02586000  4499.7157895576465
0.02588000  4499.112734225882
0.02590000  4498.509678894117
0.02592000  4497.906623562352
0.02594000  4497.303568230588
0.02596000  4496.700512898823
0.02598000  4496.097457567059
0.02600000  4495.494402235294
0.02602000  4494.891346903529
0.02604000  4494.288291571765
0.02606000  4493.6852362399995
0.02608000  4493.082180908235
0.02610000  4492.47912557647
0.02612000  4491.876070244705
0.02614000  4491.273014912941
0.02616000  4490.669959581176
0.02618000  4490.066904249411
0.02620000  4489.463848917647
0.02622000  4488.860793585882
0.02624000  4488.257738254118
0.02626000  4487.654682922353
0.02628000  4487.0516275905875
0.02630000  4486.448572258823
0.02632000  4485.845516927058
0.02634000  4485.242461595294
0.02636000  4484.639406263529
0.02638000  4484.036350931764
0.02640000  4483.4332956
0.02642000  4482.830240268235
0.02644000  4482.227184936471
0.02646000  4481.624129604706
0.02648000  4481.0210742729405
0.02650000  4480.418018941176
0.02652000  4479.814963609411
0.02654000  4479.211908277647
0.02656000  4478.608852945882
0.02658000  4478.005797614117
0.02660000  4477.402742282353
0.02662000  4476.799686950588
0.02664000  4476.196631618824
0.02666000  4475.593576287059
0.02668000  4474.9905209552935
0.02670000  4474.387465623529
0.02672000  4473.784410291764
0.02674000  4473.181354959999
0.02676000  4472.578299628235
0.02678000  4471.97524429647
0.02680000  4471.372188964706
0.02682000  4470.769133632941
0.02684000  4470.166078301176
0.02686000  4469.563022969412
0.02688000  4468.9599676376465
0.02690000  4468.356912305882
0.02692000  4467.753856974117
0.02694000  4467.150801642352
0.02696000  4466.547746310588
0.02698000  4465.944690978823
0.02700000  4465.341635647059
0.02702000  4464.738580315294
0.02704000  4464.135524983529
0.02706000  4463.532469651765
0.02708000  4462.9294143199995
0.02710000  4462.326358988235
0.02712000  4461.72330365647
0.02714000  4461.120248324705
0.02716000  4460.517192992941
0.02718000  4459.914137661176
0.02720000  4459.311082329412
0.02722000  4458.708026997647
0.02724000  4458.104971665882
0.02726000  4457.501916334118
0.02728000  4456.8988610023525
0.02730000  4456.2958056705875
0.02732000  4455.692750338823
0.02734000  4455.089695007058
0.02736000  4454.486639675294
0.02738000  4453.883584343529
0.02740000  4453.280529011764
0.02742000  4452.67747368
0.02744000  4452.074418348235
0.02746000  4451.471363016471
0.02748000  4450.8683076847055
0.02750000  4450.2652523529405
0.02752000  4449.662197021176
0.02754000  4449.059141689411
0.02756000  4448.456086357647
0.02758000  4447.853031025882
0.02760000  4447.249975694117
0.02762000  4446.646920362353
0.02764000  4446.043865030588
0.02766000  4445.440809698824
0.02768000  4444.837754367059
0.02770000  4444.2346990352935
0.02772000  4443.631643703529
0.02774000  4443.028588371764
0.02776000  4442.42553304
0.02778000  4441.822477708235
0.02780000  4441.21942237647
0.02782000  4440.616367044706
0.02784000  4440.013311712941
0.02786000  4439.410256381176
0.02788000  4438.807201049412
0.02790000  4438.2041457176465
0.02792000  4437.601090385882
0.02794000  4436.998035054117
0.02796000  4436.394979722352
0.02798000  4435.791924390588
0.02800000  4435.188869058823
0.02802000  4434.585813727059
0.02804000  4433.982758395294
0.02806000  4433.379703063529
0.02808000  4432.776647731765
0.02810000  4432.1735923999995
0.02812000  4431.570537068235
0.02814000  4430.96748173647
0.02816000  4430.364426404705
0.02818000  4429.761371072941
0.02820000  4429.158315741176
0.02822000  4428.555260409412
0.02824000  4427.952205077647
0.02826000  4427.349149745882
0.02828000  4426.746094414118
0.02830000  4426.1430390823525
0.02832000  4425.539983750588
0.02834000  4424.936928418823
0.02836000  4424.333873087058
0.02838000  4423.730817755294
0.02840000  4423.127762423529
0.02842000  4422.524707091765
0.02844000  4421.92165176
0.02846000  4421.318596428235
0.02848000  4420.715541096471
0.02850000  4420.1124857647055
0.02852000  4419.5094304329405
0.02854000  4418.906375101176
0.02856000  4418.303319769411
0.02858000  4417.700264437647
0.02860000  4417.097209105882
0.02862000  4416.494153774117
0.02864000  4415.891098442353
0.02866000  4415.288043110588
0.02868000  4414.684987778824
0.02870000  4414.0819324470585
0.02872000  4413.4788771152935
0.02874000  4412.875821783529
0.02876000  4412.272766451764
0.02878000  4411.66971112
0.02880000  4411.066655788235
0.02882000  4410.46360045647
0.02884000  4409.860545124706
0.02886000  4409.257489792941
0.02888000  4408.654434461177
0.02890000  4408.0513791294115
0.02892000  4407.4483237976465
0.02894000  4406.845268465882
0.02896000  4406.242213134117
0.02898000  4405.639157802352
0.02900000  4405.036102470588
0.02902000  4404.433047138823
0.02904000  4403.829991807059
0.02906000  4403.226936475294
0.02908000  4402.623881143529
0.02910000  4402.020825811765
0.02912000  4401.4177704799995
0.02914000  4400.814715148235
0.02916000  4400.21165981647
0.02918000  4399.608604484705
0.02920000  4399.005549152941
0.02922000  4398.402493821176
0.02924000  4397.799438489412
0.02926000  4397.196383157647
0.02928000  4396.593327825882
0.02930000  4395.990272494118
0.02932000  4395.3872171623525
0.02934000  4394.784161830588
0.02936000  4394.181106498823
0.02938000  4393.578051167058
0.02940000  4392.974995835294
0.02942000  4392.371940503529
0.02944000  4391.768885171765
0.02946000  4391.16582984
0.02948000  4390.562774508235
0.02950000  4389.959719176471
0.02952000  4389.3566638447055
0.02954000  4388.753608512941
0.02956000  4388.150553181176
0.02958000  4387.547497849411
0.02960000  4386.944442517647
0.02962000  4386.341387185882
0.02964000  4385.738331854117
0.02966000  4385.135276522353
0.02968000  4384.532221190588
0.02970000  4383.929165858824
0.02972000  4383.3261105270585
0.02974000  4382.723055195293
0.02976000  4382.119999863529
0.02978000  4381.516944531764
0.02980000  4380.9138892
0.02982000  4380.310833868235
0.02984000  4379.70777853647
0.02986000  4379.104723204706
0.02988000  4378.501667872941
0.02990000  4377.898612541177
0.02992000  4377.2955572094115
0.02994000  4376.6925018776465
0.02996000  4376.089446545882
0.02998000  4375.486391214117
0.03000000  4374.883335882353
0.03002000  4374.280280550588
0.03004000  4373.677225218823
0.03006000  4373.074169887059
0.03008000  4372.471114555294
0.03010000  4371.868059223529
0.03012000  4371.2650038917645
0.03014000  4370.6619485599995
0.03016000  4370.058893228235
0.03018000  4369.45583789647
0.03020000  4368.852782564705
0.03022000  4368.249727232941
0.03024000  4367.646671901176
0.03026000  4367.043616569412
0.03028000  4366.440561237647
0.03030000  4365.837505905882
0.03032000  4365.234450574118
0.03034000  4364.6313952423525
0.03036000  4364.028339910588
0.03038000  4363.425284578823
0.03040000  4362.822229247058
0.03042000  4362.219173915294
0.03044000  4361.616118583529
0.03046000  4361.013063251765
0.03048000  4360.41000792
0.03050000  4359.806952588235
0.03052000  4359.203897256471
0.03054000  4358.6008419247055
0.03056000  4357.997786592941
0.03058000  4357.394731261176
0.03060000  4356.791675929411
0.03062000  4356.188620597647
0.03064000  4355.585565265882
0.03066000  4354.982509934118
0.03068000  4354.379454602353
0.03070000  4353.776399270588
0.03072000  4353.173343938824
0.03074000  4352.5702886070585
0.03076000  4351.967233275293
0.03078000  4351.364177943529
0.03080000  4350.761122611764
0.03082000  4350.15806728
0.03084000  4349.555011948235
0.03086000  4348.95195661647
0.03088000  4348.348901284706
0.03090000  4347.745845952941
0.03092000  4347.142790621177
0.03094000  4346.5397352894115
0.03096000  4345.936679957646
0.03098000  4345.333624625882
0.03100000  4344.730569294117
0.03102000  4344.127513962353
0.03104000  4343.524458630588
0.03106000  4342.921403298823
0.03108000  4342.318347967059
0.03110000  4341.715292635294
0.03112000  4341.11223730353
0.03114000  4340.5091819717645
0.03116000  4339.9061266399995
0.03118000  4339.303071308235
0.03120000  4338.70001597647
0.03122000  4338.096960644705
0.03124000  4337.493905312941
0.03126000  4336.890849981176
0.03128000  4336.287794649412
0.03130000  4335.684739317647
0.03132000  4335.081683985882
0.03134000  4334.4786286541175
0.03136000  4333.8755733223525
0.03138000  4333.272517990588
0.03140000  4332.669462658823
0.03142000  4332.066407327058
0.03144000  4331.463351995294
0.03146000  4330.860296663529
0.03148000  4330.257241331765
0.03150000  4329.654186
0.03152000  4329.051130668235
0.03154000  4328.4480753364705
0.03156000  4327.8450200047055
0.03158000  4327.241964672941
0.03160000  4326.638909341176
0.03162000  4326.035854009411
0.03164000  4325.432798677647
0.03166000  4324.829743345882
0.03168000  4324.226688014118
0.03170000  4323.623632682353
0.03172000  4323.020577350588
0.03174000  4322.417522018824
0.03176000  4321.8144666870585
0.03178000  4321.211411355294
0.03180000  4320.608356023529
0.03182000  4320.005300691764
0.03184000  4319.40224536
0.03186000  4318.799190028235
0.03188000  4318.19613469647
0.03190000  4317.593079364706
0.03192000  4316.990024032941
0.03194000  4316.386968701177
0.03196000  4315.7839133694115
0.03198000  4315.180858037646
0.03200000  4314.577802705882
0.03202000  4313.974747374117
0.03204000  4313.371692042353
0.03206000  4312.768636710588
0.03208000  4312.165581378823
0.03210000  4311.562526047059
0.03212000  4310.959470715294
0.03214000  4310.35641538353
0.03216000  4309.7533600517645
0.03218000  4309.150304719999
0.03220000  4308.547249388235
0.03222000  4307.94419405647
0.03224000  4307.341138724706
0.03226000  4306.738083392941
0.03228000  4306.135028061176
0.03230000  4305.531972729412
0.03232000  4304.928917397647
0.03234000  4304.325862065882
0.03236000  4303.7228067341175
0.03238000  4303.119751402352
0.03240000  4302.516696070588
0.03242000  4301.913640738823
0.03244000  4301.310585407058
0.03246000  4300.707530075294
0.03248000  4300.104474743529
0.03250000  4299.501419411765
0.03252000  4298.89836408
0.03254000  4298.295308748235
0.03256000  4297.6922534164705
0.03258000  4297.0891980847055
0.03260000  4296.486142752941
0.03262000  4295.883087421176
0.03264000  4295.280032089411
0.03266000  4294.676976757647
0.03268000  4294.073921425882
0.03270000  4293.470866094118
0.03272000  4292.867810762353
0.03274000  4292.264755430588
0.03276000  4291.6617000988235
0.03278000  4291.0586447670585
0.03280000  4290.455589435294
0.03282000  4289.852534103529
0.03284000  4289.249478771764
0.03286000  4288.64642344
0.03288000  4288.043368108235
0.03290000  4287.440312776471
0.03292000  4286.837257444706
0.03294000  4286.234202112941
0.03296000  4285.6311467811765
0.03298000  4285.0280914494115
0.03300000  4284.425036117647
0.03302000  4283.821980785882
0.03304000  4283.218925454117
0.03306000  4282.615870122353
0.03308000  4282.012814790588
0.03310000  4281.409759458823
0.03312000  4280.806704127059
0.03314000  4280.203648795294
0.03316000  4279.60059346353
0.03318000  4278.9975381317645
0.03320000  4278.394482799999
0.03322000  4277.791427468235
0.03324000  4277.18837213647
0.03326000  4276.585316804706
0.03328000  4275.982261472941
0.03330000  4275.379206141176
0.03332000  4274.776150809412
0.03334000  4274.173095477647
0.03336000  4273.570040145883
0.03338000  4272.9669848141175
0.03340000  4272.363929482352
0.03342000  4271.760874150588
0.03344000  4271.157818818823
0.03346000  4270.554763487058
0.03348000  4269.951708155294
0.03350000  4269.348652823529
0.03352000  4268.745597491765
0.03354000  4268.14254216
0.03356000  4267.539486828235
0.03358000  4266.9364314964705
0.03360000  4266.333376164705
0.03362000  4265.730320832941
0.03364000  4265.127265501176
0.03366000  4264.524210169411
0.03368000  4263.921154837647
0.03370000  4263.318099505882
0.03372000  4262.715044174118
0.03374000  4262.111988842353
0.03376000  4261.508933510588
0.03378000  4260.9058781788235
0.03380000  4260.302822847058
0.03382000  4259.699767515294
0.03384000  4259.096712183529
0.03386000  4258.493656851764
0.03388000  4257.89060152
0.03390000  4257.287546188235
0.03392000  4256.684490856471
0.03394000  4256.081435524706
0.03396000  4255.478380192941
0.03398000  4254.8753248611765
0.03400000  4254.2722695294115
0.03402000  4253.669214197647
0.03404000  4253.066158865882
0.03406000  4252.463103534117
0.03408000  4251.860048202353
0.03410000  4251.256992870588
0.03412000  4250.653937538824
0.03414000  4250.050882207059
0.03416000  4249.447826875294
0.03418000  4248.8447715435295
0.03420000  4248.2417162117645
0.03422000  4247.638660879999
0.03424000  4247.035605548235
0.03426000  4246.43255021647
0.03428000  4245.829494884706
0.03430000  4245.226439552941
0.03432000  4244.623384221176
0.03434000  4244.020328889412
0.03436000  4243.417273557647
0.03438000  4242.8142182258825
0.03440000  4242.2111628941175
0.03442000  4241.608107562352
0.03444000  4241.005052230588
0.03446000  4240.401996898823
0.03448000  4239.798941567059
0.03450000  4239.195886235294
0.03452000  4238.592830903529
0.03454000  4237.989775571765
0.03456000  4237.38672024
0.03458000  4236.783664908235
0.03460000  4236.1806095764705
0.03462000  4235.577554244705
0.03464000  4234.974498912941
0.03466000  4234.371443581176
0.03468000  4233.768388249411
0.03470000  4233.165332917647
0.03472000  4232.562277585882
0.03474000  4231.959222254118
0.03476000  4231.356166922353
0.03478000  4230.753111590588
0.03480000  4230.1500562588235
0.03482000  4229.547000927058
0.03484000  4228.943945595294
0.03486000  4228.340890263529
0.03488000  4227.737834931764
0.03490000  4227.1347796
0.03492000  4226.531724268235
0.03494000  4225.928668936471
0.03496000  4225.325613604706
0.03498000  4224.722558272941
0.03500000  4224.1195029411765
0.03502000  4223.516447609411
0.03504000  4222.913392277647
0.03506000  4222.310336945882
0.03508000  4221.707281614117
0.03510000  4221.104226282353
0.03512000  4220.501170950588
0.03514000  4219.898115618824
0.03516000  4219.295060287059
0.03518000  4218.692004955294
0.03520000  4218.0889496235295
0.03522000  4217.485894291764
0.03524000  4216.88283896
0.03526000  4216.279783628235
0.03528000  4215.67672829647
0.03530000  4215.073672964706
0.03532000  4214.470617632941
0.03534000  4213.867562301176
0.03536000  4213.264506969412
0.03538000  4212.661451637647
0.03540000  4212.0583963058825
0.03542000  4211.4553409741175
0.03544000  4210.852285642352
0.03546000  4210.249230310588
0.03548000  4209.646174978823
0.03550000  4209.043119647059
0.03552000  4208.440064315294
0.03554000  4207.837008983529
0.03556000  4207.233953651765
0.03558000  4206.63089832
0.03560000  4206.0278429882355
0.03562000  4205.4247876564705
0.03564000  4204.821732324705
0.03566000  4204.218676992941
0.03568000  4203.615621661176
0.03570000  4203.012566329411
0.03572000  4202.409510997647
0.03574000  4201.806455665882
0.03576000  4201.203400334118
0.03578000  4200.600345002353
0.03580000  4199.997289670588
0.03582000  4199.3942343388235
0.03584000  4198.791179007058
0.03586000  4198.188123675294
0.03588000  4197.585068343529
0.03590000  4196.982013011764
0.03592000  4196.37895768
0.03594000  4195.775902348235
0.03596000  4195.172847016471
0.03598000  4194.569791684706
0.03600000  4193.966736352941
0.03602000  4193.3636810211765
0.03604000  4192.760625689411
0.03606000  4192.157570357647
0.03608000  4191.554515025882
0.03610000  4190.951459694117
0.03612000  4190.348404362353
0.03614000  4189.745349030588
0.03616000  4189.142293698824
0.03618000  4188.539238367059
0.03620000  4187.936183035294
0.03622000  4187.3331277035295
0.03624000  4186.730072371764
0.03626000  4186.12701704
0.03628000  4185.523961708235
0.03630000  4184.92090637647
0.03632000  4184.317851044706
0.03634000  4183.714795712941
0.03636000  4183.111740381177
0.03638000  4182.508685049412
0.03640000  4181.905629717647
0.03642000  4181.3025743858825
0.03644000  4180.699519054117
0.03646000  4180.096463722352
0.03648000  4179.493408390588
0.03650000  4178.890353058823
0.03652000  4178.287297727059
0.03654000  4177.684242395294
0.03656000  4177.081187063529
0.03658000  4176.478131731765
0.03660000  4175.8750764
0.03662000  4175.2720210682355
0.03664000  4174.66896573647
0.03666000  4174.065910404705
0.03668000  4173.462855072941
0.03670000  4172.859799741176
0.03672000  4172.256744409412
0.03674000  4171.653689077647
0.03676000  4171.050633745882
0.03678000  4170.447578414118
0.03680000  4169.844523082353
0.03682000  4169.241467750588
0.03684000  4168.6384124188235
0.03686000  4168.035357087058
0.03688000  4167.432301755294
0.03690000  4166.829246423529
0.03692000  4166.226191091764
0.03694000  4165.62313576
0.03696000  4165.020080428235
0.03698000  4164.417025096471
0.03700000  4163.813969764706
0.03702000  4163.210914432941
0.03704000  4162.6078591011765
0.03706000  4162.004803769411
0.03708000  4161.401748437647
0.03710000  4160.798693105882
0.03712000  4160.195637774117
0.03714000  4159.592582442353
0.03716000  4158.989527110588
0.03718000  4158.386471778824
0.03720000  4157.783416447059
0.03722000  4157.180361115294
0.03724000  4156.5773057835295
0.03726000  4155.974250451764
0.03728000  4155.37119512
0.03730000  4154.768139788235
0.03732000  4154.16508445647
0.03734000  4153.562029124706
0.03736000  4152.958973792941
0.03738000  4152.355918461177
0.03740000  4151.752863129412
0.03742000  4151.149807797647
0.03744000  4150.5467524658825
0.03746000  4149.943697134117
0.03748000  4149.340641802353
0.03750000  4148.737586470588
0.03752000  4148.134531138823
0.03754000  4147.531475807059
0.03756000  4146.928420475294
0.03758000  4146.325365143529
0.03760000  4145.722309811765
0.03762000  4145.11925448
0.03764000  4144.5161991482355
0.03766000  4143.91314381647
0.03768000  4143.310088484705
0.03770000  4142.707033152941
0.03772000  4142.103977821176
0.03774000  4141.500922489412
0.03776000  4140.897867157647
0.03778000  4140.294811825882
0.03780000  4139.691756494118
0.03782000  4139.088701162353
0.03784000  4138.4856458305885
0.03786000  4137.882590498823
0.03788000  4137.279535167058
0.03790000  4136.676479835294
0.03792000  4136.073424503529
0.03794000  4135.470369171764
0.03796000  4134.86731384
0.03798000  4134.264258508235
0.03800000  4133.661203176471
0.03802000  4133.058147844706
0.03804000  4132.455092512941
0.03806000  4131.8520371811765
0.03808000  4131.248981849411
0.03810000  4130.645926517647
0.03812000  4130.042871185882
0.03814000  4129.439815854117
0.03816000  4128.836760522353
0.03818000  4128.233705190588
0.03820000  4127.630649858824
0.03822000  4127.027594527059
0.03824000  4126.424539195294
0.03826000  4125.8214838635295
0.03828000  4125.218428531764
0.03830000  4124.6153732
0.03832000  4124.012317868235
0.03834000  4123.40926253647
0.03836000  4122.806207204706
0.03838000  4122.203151872941
0.03840000  4121.600096541177
0.03842000  4120.997041209412
0.03844000  4120.393985877647
0.03846000  4119.7909305458825
0.03848000  4119.187875214117
0.03850000  4118.584819882353
0.03852000  4117.981764550588
0.03854000  4117.378709218823
0.03856000  4116.775653887059
0.03858000  4116.172598555294
0.03860000  4115.56954322353
0.03862000  4114.966487891765
0.03864000  4114.36343256
0.03866000  4113.7603772282355
0.03868000  4113.15732189647
0.03870000  4112.554266564705
0.03872000  4111.951211232941
0.03874000  4111.348155901176
0.03876000  4110.745100569412
0.03878000  4110.142045237647
0.03880000  4109.538989905882
0.03882000  4108.935934574118
0.03884000  4108.332879242353
0.03886000  4107.7298239105885
0.03888000  4107.126768578823
0.03890000  4106.523713247058
0.03892000  4105.920657915294
0.03894000  4105.317602583529
0.03896000  4104.714547251765
0.03898000  4104.11149192
0.03900000  4103.508436588235
0.03902000  4102.905381256471
0.03904000  4102.302325924706
0.03906000  4101.6992705929415
0.03908000  4101.096215261176
0.03910000  4100.493159929411
0.03912000  4099.890104597647
0.03914000  4099.287049265882
0.03916000  4098.683993934117
0.03918000  4098.080938602353
0.03920000  4097.477883270588
0.03922000  4096.874827938824
0.03924000  4096.271772607059
0.03926000  4095.668717275294
0.03928000  4095.0656619435294
0.03930000  4094.4626066117644
0.03932000  4093.85955128
0.03934000  4093.256495948235
0.03936000  4092.6534406164706
0.03938000  4092.050385284706
0.03940000  4091.447329952941
0.03942000  4090.8442746211763
0.03944000  4090.2412192894117
0.03946000  4089.638163957647
0.03948000  4089.0351086258825
0.03950000  4088.4320532941174
0.03952000  4087.828997962353
0.03954000  4087.225942630588
0.03956000  4086.6228872988236
0.03958000  4086.019831967059
0.03960000  4085.416776635294
0.03962000  4084.8137213035293
0.03964000  4084.2106659717647
0.03966000  4083.60761064
0.03968000  4083.004555308235
0.03970000  4082.4014999764704
0.03972000  4081.798444644706
0.03974000  4081.195389312941
0.03976000  4080.5923339811766
0.03978000  4079.9892786494115
0.03980000  4079.386223317647
0.03982000  4078.7831679858823
0.03984000  4078.1801126541177
0.03986000  4077.5770573223526
0.03988000  4076.974001990588
0.03990000  4076.3709466588234
0.03992000  4075.767891327059
0.03994000  4075.164835995294
0.03996000  4074.561780663529
0.03998000  4073.9587253317645
0.04000000  4073.35567
0.04002000  4068.845684
0.04004000  4064.682275
0.04006000  4060.844215
0.04008000  4057.290114
0.04010000  4053.766356
0.04012000  4049.562717
0.04014000  4043.925214
0.04016000  4036.333968
0.04018000  4026.196728
0.04020000  4012.853958
0.04022000  3994.715697
0.04024000  3967.000751
0.04026000  3923.867403
0.04028000  3857.966742
0.04030000  3759.013955
0.04032000  3612.990989
0.04034000  3403.084259
0.04036000  3114.317493
0.04038000  2753.44597
0.04040000  2369.358703
0.04042000  1995.916226
0.04044000  1629.528228
0.04046000  1248.594038
0.04048000  847.847874
0.04050000  497.726739
0.04052000  284.318312
0.04054000  176.055643
0.04056000  128.26422
0.04058000  113.335988
0.04060000  126.184764
0.04062000  177.717681
0.04064000  296.782589
0.04066000  524.205948
0.04068000  873.067518
0.04070000  1322.33778
0.04072000  1829.674453
0.04074000  2344.590106
0.04076000  2825.206661
0.04078000  3242.631927
0.04080000  3581.12188
0.04082000  3840.814087
0.04084000  4033.332162
0.04086000  4174.037045
0.04088000  4276.744298
0.04090000  4352.117302
0.04092000  4407.90169
0.04094000  4449.549816
0.04096000  4480.897446
0.04098000  4504.671764
0.04100000  4522.81843
0.04102000  4536.73518
0.04104000  4547.448601
0.04106000  4555.708255
0.04108000  4562.084923
0.04110000  4567.010518
0.04112000  4570.816759
0.04114000  4573.753396
0.04116000  4576.008303
0.04118000  4577.733394
0.04120000  4579.038439
0.04122000  4580.011871
0.04124000  4580.724329
0.04126000  4581.237424
0.04128000  4581.590261
0.04130000  4581.821694
0.04132000  4581.962162
0.04134000  4582.036514
0.04136000  4582.069556
0.04138000  4582.077817
0.04140000  4582.075063
0.04142000  4582.066803
0.04144000  4582.058543
0.04146000  4582.053035
0.04148000  4582.047528
0.04150000  4582.047528
0.04152000  4582.053035
0.04154000  4582.066803
0.04156000  4582.086077
0.04158000  4582.110857
0.04160000  4582.138388
0.04162000  4582.171425
0.04164000  4582.209965
0.04166000  4582.248503
0.04168000  4582.28979
0.04170000  4582.333827
0.04172000  4582.380613
0.04174000  4582.427394
0.04176000  4582.474172
0.04178000  4582.523698
0.04180000  4582.573219
0.04182000  4582.625487
0.04184000  4582.675
0.04186000  4582.727259
0.04188000  4582.779513
0.04190000  4582.831762
0.04192000  4582.884007
0.04194000  4582.938997
0.04196000  4582.991232
0.04198000  4583.046211
0.04200000  4583.098437
0.04202000  4583.153406
0.04204000  4583.20837
0.04206000  4583.263329
0.04208000  4583.318283
0.04210000  4583.373231
0.04212000  4583.428174
0.04214000  4583.483112
0.04216000  4583.538045
0.04218000  4583.595719
0.04220000  4583.650642
0.04222000  4583.705559
0.04224000  4583.763216
0.04226000  4583.818123
0.04228000  4583.875769
0.04230000  4583.930665
0.04232000  4583.9883
0.04234000  4584.043185
0.04236000  4584.100809
0.04238000  4584.158427
0.04240000  4584.21604
0.04242000  4584.270904
0.04244000  4584.328505
0.04246000  4584.386101
0.04248000  4584.443691
0.04250000  4584.501275
0.04252000  4584.558853
0.04254000  4584.616426
0.04256000  4584.673993
0.04258000  4584.731555
0.04260000  4584.78911
0.04262000  4584.84666
0.04264000  4584.904205
0.04266000  4584.961743
0.04268000  4585.019276
0.04270000  4585.079543
0.04272000  4585.137064
0.04274000  4585.194579
0.04276000  4585.252089
0.04278000  4585.309593
0.04280000  4585.369829
0.04282000  4585.427322
0.04284000  4585.484809
0.04286000  4585.545027
0.04288000  4585.602502
0.04290000  4585.659971
0.04292000  4585.717435
0.04294000  4585.777628
0.04296000  4585.83508
0.04298000  4585.892527
0.04300000  4585.952702
0.04302000  4585.3496466682345
0.04304000  4584.74659133647
0.04306000  4584.143536004705
0.04308000  4583.540480672941
0.04310000  4582.937425341176
0.04312000  4582.334370009411
0.04314000  4581.731314677647
0.04316000  4581.128259345882
0.04318000  4580.525204014118
0.04320000  4579.922148682353
0.04322000  4579.3190933505875
0.04324000  4578.716038018823
0.04326000  4578.112982687058
0.04328000  4577.509927355294
0.04330000  4576.906872023529
0.04332000  4576.303816691764
0.04334000  4575.70076136
0.04336000  4575.097706028235
0.04338000  4574.49465069647
0.04340000  4573.891595364706
0.04342000  4573.288540032941
0.04344000  4572.685484701176
0.04346000  4572.082429369411
0.04348000  4571.479374037646
0.04350000  4570.876318705882
0.04352000  4570.273263374117
0.04354000  4569.670208042353
0.04356000  4569.067152710588
0.04358000  4568.464097378823
0.04360000  4567.861042047059
0.04362000  4567.257986715294
0.04364000  4566.654931383529
0.04366000  4566.051876051764
0.04368000  4565.448820719999
0.04370000  4564.845765388235
0.04372000  4564.24271005647
0.04374000  4563.639654724706
0.04376000  4563.036599392941
0.04378000  4562.433544061176
0.04380000  4561.830488729412
0.04382000  4561.227433397647
0.04384000  4560.624378065882
0.04386000  4560.021322734117
0.04388000  4559.418267402352
0.04390000  4558.815212070588
0.04392000  4558.212156738823
0.04394000  4557.609101407058
0.04396000  4557.006046075294
0.04398000  4556.402990743529
0.04400000  4555.799935411765
0.04402000  4555.19688008
0.04404000  4554.5938247482345
0.04406000  4553.99076941647
0.04408000  4553.387714084705
0.04410000  4552.784658752941
0.04412000  4552.181603421176
0.04414000  4551.578548089411
0.04416000  4550.975492757647
0.04418000  4550.372437425882
0.04420000  4549.769382094118
0.04422000  4549.166326762353
0.04424000  4548.5632714305875
0.04426000  4547.960216098823
0.04428000  4547.357160767058
0.04430000  4546.754105435294
0.04432000  4546.151050103529
0.04434000  4545.547994771764
0.04436000  4544.94493944
0.04438000  4544.341884108235
0.04440000  4543.738828776471
0.04442000  4543.135773444706
0.04444000  4542.5327181129405
0.04446000  4541.929662781176
0.04448000  4541.326607449411
0.04450000  4540.723552117646
0.04452000  4540.120496785882
0.04454000  4539.517441454117
0.04456000  4538.914386122353
0.04458000  4538.311330790588
0.04460000  4537.708275458823
0.04462000  4537.105220127059
0.04464000  4536.5021647952935
0.04466000  4535.899109463529
0.04468000  4535.296054131764
0.04470000  4534.692998799999
0.04472000  4534.089943468235
0.04474000  4533.48688813647
0.04476000  4532.883832804706
0.04478000  4532.280777472941
0.04480000  4531.677722141176
0.04482000  4531.074666809412
0.04484000  4530.471611477647
0.04486000  4529.868556145882
0.04488000  4529.265500814117
0.04490000  4528.662445482352
0.04492000  4528.059390150588
0.04494000  4527.456334818823
0.04496000  4526.853279487059
0.04498000  4526.250224155294
0.04500000  4525.647168823529
0.04502000  4525.044113491765
0.04504000  4524.44105816
0.04506000  4523.8380028282345
0.04508000  4523.23494749647
0.04510000  4522.631892164705
0.04512000  4522.028836832941
0.04514000  4521.425781501176
0.04516000  4520.822726169411
0.04518000  4520.219670837647
0.04520000  4519.616615505882
0.04522000  4519.013560174118
0.04524000  4518.410504842353
0.04526000  4517.8074495105875
0.04528000  4517.204394178823
0.04530000  4516.601338847058
0.04532000  4515.998283515294
0.04534000  4515.395228183529
0.04536000  4514.792172851764
0.04538000  4514.18911752
0.04540000  4513.586062188235
0.04542000  4512.983006856471
0.04544000  4512.379951524706
0.04546000  4511.7768961929405
0.04548000  4511.173840861176
0.04550000  4510.570785529411
0.04552000  4509.967730197647
0.04554000  4509.364674865882
0.04556000  4508.761619534117
0.04558000  4508.158564202353
0.04560000  4507.555508870588
0.04562000  4506.952453538823
0.04564000  4506.349398207059
0.04566000  4505.7463428752935
0.04568000  4505.143287543529
0.04570000  4504.540232211764
0.04572000  4503.937176879999
0.04574000  4503.334121548235
0.04576000  4502.73106621647
0.04578000  4502.128010884706
0.04580000  4501.524955552941
0.04582000  4500.921900221176
0.04584000  4500.318844889412
0.04586000  4499.7157895576465
0.04588000  4499.112734225882
0.04590000  4498.509678894117
0.04592000  4497.906623562352
0.04594000  4497.303568230588
0.04596000  4496.700512898823
0.04598000  4496.097457567059
0.04600000  4495.494402235294
0.04602000  4494.891346903529
0.04604000  4494.288291571765
0.04606000  4493.6852362399995
0.04608000  4493.082180908235
0.04610000  4492.47912557647
0.04612000  4491.876070244705
0.04614000  4491.273014912941
0.04616000  4490.669959581176
0.04618000  4490.066904249411
0.04620000  4489.463848917647
0.04622000  4488.860793585882
0.04624000  4488.257738254118
0.04626000  4487.654682922353
0.04628000  4487.0516275905875
0.04630000  4486.448572258823
0.04632000  4485.845516927058
0.04634000  4485.242461595294
0.04636000  4484.639406263529
0.04638000  4484.036350931764
0.04640000  4483.4332956
0.04642000  4482.830240268235
0.04644000  4482.227184936471
0.04646000  4481.624129604706
0.04648000  4481.0210742729405
0.04650000  4480.418018941176
0.04652000  4479.814963609411
0.04654000  4479.211908277647
0.04656000  4478.608852945882
0.04658000  4478.005797614117
0.04660000  4477.402742282353
0.04662000  4476.799686950588
0.04664000  4476.196631618824
0.04666000  4475.593576287059
0.04668000  4474.9905209552935
0.04670000  4474.387465623529
0.04672000  4473.784410291764
0.04674000  4473.181354959999
0.04676000  4472.578299628235
0.04678000  4471.97524429647
0.04680000  4471.372188964706
0.04682000  4470.769133632941
0.04684000  4470.166078301176
0.04686000  4469.563022969412
0.04688000  4468.9599676376465
0.04690000  4468.356912305882
0.04692000  4467.753856974117
0.04694000  4467.150801642352
0.04696000  4466.547746310588
0.04698000  4465.944690978823
0.04700000  4465.341635647059
0.04702000  4464.738580315294
0.04704000  4464.135524983529
0.04706000  4463.532469651765
0.04708000  4462.9294143199995
0.04710000  4462.326358988235
0.04712000  4461.72330365647
0.04714000  4461.120248324705
0.04716000  4460.517192992941
0.04718000  4459.914137661176
0.04720000  4459.311082329412
0.04722000  4458.708026997647
0.04724000  4458.104971665882
0.04726000  4457.501916334118
0.04728000  4456.8988610023525
0.04730000  4456.2958056705875
0.04732000  4455.692750338823
0.04734000  4455.089695007058
0.04736000  4454.486639675294
0.04738000  4453.883584343529
0.04740000  4453.280529011764
0.04742000  4452.67747368
0.04744000  4452.074418348235
0.04746000  4451.471363016471
0.04748000  4450.8683076847055
0.04750000  4450.2652523529405
0.04752000  4449.662197021176
0.04754000  4449.059141689411
0.04756000  4448.456086357647
0.04758000  4447.853031025882
0.04760000  4447.249975694117
0.04762000  4446.646920362353
0.04764000  4446.043865030588
0.04766000  4445.440809698824
0.04768000  4444.837754367059
0.04770000  4444.2346990352935
0.04772000  4443.631643703529
0.04774000  4443.028588371764
0.04776000  4442.42553304
0.04778000  4441.822477708235
0.04780000  4441.21942237647
0.04782000  4440.616367044706
0.04784000  4440.013311712941
0.04786000  4439.410256381176
0.04788000  4438.807201049412
0.04790000  4438.2041457176465
0.04792000  4437.601090385882
0.04794000  4436.998035054117
0.04796000  4436.394979722352
0.04798000  4435.791924390588
0.04800000  4435.188869058823
0.04802000  4434.585813727059
0.04804000  4433.982758395294
0.04806000  4433.379703063529
0.04808000  4432.776647731765
0.04810000  4432.1735923999995
0.04812000  4431.570537068235
0.04814000  4430.96748173647
0.04816000  4430.364426404705
0.04818000  4429.761371072941
0.04820000  4429.158315741176
0.04822000  4428.555260409412
0.04824000  4427.952205077647
0.04826000  4427.349149745882
0.04828000  4426.746094414118
0.04830000  4426.1430390823525
0.04832000  4425.539983750588
0.04834000  4424.936928418823
0.04836000  4424.333873087058
0.04838000  4423.730817755294
0.04840000  4423.127762423529
0.04842000  4422.524707091765
0.04844000  4421.92165176
0.04846000  4421.318596428235
0.04848000  4420.715541096471
0.04850000  4420.1124857647055
0.04852000  4419.5094304329405
0.04854000  4418.906375101176
0.04856000  4418.303319769411
0.04858000  4417.700264437647
0.04860000  4417.097209105882
0.04862000  4416.494153774117
0.04864000  4415.891098442353
0.04866000  4415.288043110588
0.04868000  4414.684987778824
0.04870000  4414.0819324470585
0.04872000  4413.4788771152935
0.04874000  4412.875821783529
0.04876000  4412.272766451764
0.04878000  4411.66971112
0.04880000  4411.066655788235
0.04882000  4410.46360045647
0.04884000  4409.860545124706
0.04886000  4409.257489792941
0.04888000  4408.654434461177
0.04890000  4408.0513791294115
0.04892000  4407.4483237976465
0.04894000  4406.845268465882
0.04896000  4406.242213134117
0.04898000  4405.639157802352
0.04900000  4405.036102470588
0.04902000  4404.433047138823
0.04904000  4403.829991807059
0.04906000  4403.226936475294
0.04908000  4402.623881143529
0.04910000  4402.020825811765
0.04912000  4401.4177704799995
0.04914000  4400.814715148235
0.04916000  4400.21165981647
0.04918000  4399.608604484705
0.04920000  4399.005549152941
0.04922000  4398.402493821176
0.04924000  4397.799438489412
0.04926000  4397.196383157647
0.04928000  4396.593327825882
0.04930000  4395.990272494118
0.04932000  4395.3872171623525
0.04934000  4394.784161830588
0.04936000  4394.181106498823
0.04938000  4393.578051167058
0.04940000  4392.974995835294
0.04942000  4392.371940503529
0.04944000  4391.768885171765
0.04946000  4391.16582984
0.04948000  4390.562774508235
0.04950000  4389.959719176471
0.04952000  4389.3566638447055
0.04954000  4388.753608512941
0.04956000  4388.150553181176
0.04958000  4387.547497849411
0.04960000  4386.944442517647
0.04962000  4386.341387185882
0.04964000  4385.738331854117
0.04966000  4385.135276522353
0.04968000  4384.532221190588
0.04970000  4383.929165858824
0.04972000  4383.3261105270585
0.04974000  4382.723055195293
0.04976000  4382.119999863529
0.04978000  4381.516944531764
0.04980000  4380.9138892
0.04982000  4380.310833868235
0.04984000  4379.70777853647
0.04986000  4379.104723204706
0.04988000  4378.501667872941
0.04990000  4377.898612541177
0.04992000  4377.2955572094115
0.04994000  4376.6925018776465
0.04996000  4376.089446545882
0.04998000  4375.486391214117
0.05000000  4374.883335882353
0.05002000  4374.280280550588
0.05004000  4373.677225218823
0.05006000  4373.074169887059
0.05008000  4372.471114555294
0.05010000  4371.868059223529
0.05012000  4371.2650038917645
0.05014000  4370.6619485599995
0.05016000  4370.058893228235
0.05018000  4369.45583789647
0.05020000  4368.852782564705
0.05022000  4368.249727232941
0.05024000  4367.646671901176
0.05026000  4367.043616569412
0.05028000  4366.440561237647
0.05030000  4365.837505905882
0.05032000  4365.234450574118
0.05034000  4364.6313952423525
0.05036000  4364.028339910588
0.05038000  4363.425284578823
0.05040000  4362.822229247058
0.05042000  4362.219173915294
0.05044000  4361.616118583529
0.05046000  4361.013063251765
0.05048000  4360.41000792
0.05050000  4359.806952588235
0.05052000  4359.203897256471
0.05054000  4358.6008419247055
0.05056000  4357.997786592941
0.05058000  4357.394731261176
0.05060000  4356.791675929411
0.05062000  4356.188620597647
0.05064000  4355.585565265882
0.05066000  4354.982509934118
0.05068000  4354.379454602353
0.05070000  4353.776399270588
0.05072000  4353.173343938824
0.05074000  4352.5702886070585
0.05076000  4351.967233275293
0.05078000  4351.364177943529
0.05080000  4350.761122611764
0.05082000  4350.15806728
0.05084000  4349.555011948235
0.05086000  4348.95195661647
0.05088000  4348.348901284706
0.05090000  4347.745845952941
0.05092000  4347.142790621177
0.05094000  4346.5397352894115
0.05096000  4345.936679957646
0.05098000  4345.333624625882
0.05100000  4344.730569294117
0.05102000  4344.127513962353
0.05104000  4343.524458630588
0.05106000  4342.921403298823
0.05108000  4342.318347967059
0.05110000  4341.715292635294
0.05112000  4341.11223730353
0.05114000  4340.5091819717645
0.05116000  4339.9061266399995
0.05118000  4339.303071308235
0.05120000  4338.70001597647
0.05122000  4338.096960644705
0.05124000  4337.493905312941
0.05126000  4336.890849981176
0.05128000  4336.287794649412
0.05130000  4335.684739317647
0.05132000  4335.081683985882
0.05134000  4334.4786286541175
0.05136000  4333.8755733223525
0.05138000  4333.272517990588
0.05140000  4332.669462658823
0.05142000  4332.066407327058
0.05144000  4331.463351995294
0.05146000  4330.860296663529
0.05148000  4330.257241331765
0.05150000  4329.654186
0.05152000  4329.051130668235
0.05154000  4328.4480753364705
0.05156000  4327.8450200047055
0.05158000  4327.241964672941
0.05160000  4326.638909341176
0.05162000  4326.035854009411
0.05164000  4325.432798677647
0.05166000  4324.829743345882
0.05168000  4324.226688014118
0.05170000  4323.623632682353
0.05172000  4323.020577350588
0.05174000  4322.417522018824
0.05176000  4321.8144666870585
0.05178000  4321.211411355294
0.05180000  4320.608356023529
0.05182000  4320.005300691764
0.05184000  4319.40224536
0.05186000  4318.799190028235
0.05188000  4318.19613469647
0.05190000  4317.593079364706
0.05192000  4316.990024032941
0.05194000  4316.386968701177
0.05196000  4315.7839133694115
0.05198000  4315.180858037646
0.05200000  4314.577802705882
0.05202000  4313.974747374117
0.05204000  4313.371692042353
0.05206000  4312.768636710588
0.05208000  4312.165581378823
0.05210000  4311.562526047059
0.05212000  4310.959470715294
0.05214000  4310.35641538353
0.05216000  4309.7533600517645
0.05218000  4309.150304719999
0.05220000  4308.547249388235
0.05222000  4307.94419405647
0.05224000  4307.341138724706
0.05226000  4306.738083392941
0.05228000  4306.135028061176
0.05230000  4305.531972729412
0.05232000  4304.928917397647
0.05234000  4304.325862065882
0.05236000  4303.7228067341175
0.05238000  4303.119751402352
0.05240000  4302.516696070588
0.05242000  4301.913640738823
0.05244000  4301.310585407058
0.05246000  4300.707530075294
0.05248000  4300.104474743529
0.05250000  4299.501419411765
0.05252000  4298.89836408
0.05254000  4298.295308748235
0.05256000  4297.6922534164705
0.05258000  4297.0891980847055
0.05260000  4296.486142752941
0.05262000  4295.883087421176
0.05264000  4295.280032089411
0.05266000  4294.676976757647
0.05268000  4294.073921425882
0.05270000  4293.470866094118
0.05272000  4292.867810762353
0.05274000  4292.264755430588
0.05276000  4291.6617000988235
0.05278000  4291.0586447670585
0.05280000  4290.455589435294
0.05282000  4289.852534103529
0.05284000  4289.249478771764
0.05286000  4288.64642344
0.05288000  4288.043368108235
0.05290000  4287.440312776471
0.05292000  4286.837257444706
0.05294000  4286.234202112941
0.05296000  4285.6311467811765
0.05298000  4285.0280914494115
0.05300000  4284.425036117647
0.05302000  4283.821980785882
0.05304000  4283.218925454117
0.05306000  4282.615870122353
0.05308000  4282.012814790588
0.05310000  4281.409759458823
0.05312000  4280.806704127059
0.05314000  4280.203648795294
0.05316000  4279.60059346353
0.05318000  4278.9975381317645
0.05320000  4278.394482799999
0.05322000  4277.791427468235
0.05324000  4277.18837213647
0.05326000  4276.585316804706
0.05328000  4275.982261472941
0.05330000  4275.379206141176
0.05332000  4274.776150809412
0.05334000  4274.173095477647
0.05336000  4273.570040145883
0.05338000  4272.9669848141175
0.05340000  4272.363929482352
0.05342000  4271.760874150588
0.05344000  4271.157818818823
0.05346000  4270.554763487058
0.05348000  4269.951708155294
0.05350000  4269.348652823529
0.05352000  4268.745597491765
0.05354000  4268.14254216
0.05356000  4267.539486828235
0.05358000  4266.9364314964705
0.05360000  4266.333376164705
0.05362000  4265.730320832941
0.05364000  4265.127265501176
0.05366000  4264.524210169411
0.05368000  4263.921154837647
0.05370000  4263.318099505882
0.05372000  4262.715044174118
0.05374000  4262.111988842353
0.05376000  4261.508933510588
0.05378000  4260.9058781788235
0.05380000  4260.302822847058
0.05382000  4259.699767515294
0.05384000  4259.096712183529
0.05386000  4258.493656851764
0.05388000  4257.89060152
0.05390000  4257.287546188235
0.05392000  4256.684490856471
0.05394000  4256.081435524706
0.05396000  4255.478380192941
0.05398000  4254.8753248611765
0.05400000  4254.2722695294115
0.05402000  4253.669214197647
0.05404000  4253.066158865882
0.05406000  4252.463103534117
0.05408000  4251.860048202353
0.05410000  4251.256992870588
0.05412000  4250.653937538824
0.05414000  4250.050882207059
0.05416000  4249.447826875294
0.05418000  4248.8447715435295
0.05420000  4248.2417162117645
0.05422000  4247.638660879999
0.05424000  4247.035605548235
0.05426000  4246.43255021647
0.05428000  4245.829494884706
0.05430000  4245.226439552941
0.05432000  4244.623384221176
0.05434000  4244.020328889412
0.05436000  4243.417273557647
0.05438000  4242.8142182258825
0.05440000  4242.2111628941175
0.05442000  4241.608107562352
0.05444000  4241.005052230588
0.05446000  4240.401996898823
0.05448000  4239.798941567059
0.05450000  4239.195886235294
0.05452000  4238.592830903529
0.05454000  4237.989775571765
0.05456000  4237.38672024
0.05458000  4236.783664908235
0.05460000  4236.1806095764705
0.05462000  4235.577554244705
0.05464000  4234.974498912941
0.05466000  4234.371443581176
0.05468000  4233.768388249411
0.05470000  4233.165332917647
0.05472000  4232.562277585882
0.05474000  4231.959222254118
0.05476000  4231.356166922353
0.05478000  4230.753111590588
0.05480000  4230.1500562588235
0.05482000  4229.547000927058
0.05484000  4228.943945595294
0.05486000  4228.340890263529
0.05488000  4227.737834931764
0.05490000  4227.1347796
0.05492000  4226.531724268235
0.05494000  4225.928668936471
0.05496000  4225.325613604706
0.05498000  4224.722558272941
0.05500000  4224.1195029411765
0.05502000  4223.516447609411
0.05504000  4222.913392277647
0.05506000  4222.310336945882
0.05508000  4221.707281614117
0.05510000  4221.104226282353
0.05512000  4220.501170950588
0.05514000  4219.898115618824
0.05516000  4219.295060287059
0.05518000  4218.692004955294
0.05520000  4218.0889496235295
0.05522000  4217.485894291764
0.05524000  4216.88283896
0.05526000  4216.279783628235
0.05528000  4215.67672829647
0.05530000  4215.073672964706
0.05532000  4214.470617632941
0.05534000  4213.867562301176
0.05536000  4213.264506969412
0.05538000  4212.661451637647
0.05540000  4212.0583963058825
0.05542000  4211.4553409741175
0.05544000  4210.852285642352
0.05546000  4210.249230310588
0.05548000  4209.646174978823
0.05550000  4209.043119647059
0.05552000  4208.440064315294
0.05554000  4207.837008983529
0.05556000  4207.233953651765
0.05558000  4206.63089832
0.05560000  4206.0278429882355
0.05562000  4205.4247876564705
0.05564000  4204.821732324705
0.05566000  4204.218676992941
0.05568000  4203.615621661176
0.05570000  4203.012566329411
0.05572000  4202.409510997647
0.05574000  4201.806455665882
0.05576000  4201.203400334118
0.05578000  4200.600345002353
0.05580000  4199.997289670588
0.05582000  4199.3942343388235
0.05584000  4198.791179007058
0.05586000  4198.188123675294
0.05588000  4197.585068343529
0.05590000  4196.982013011764
0.05592000  4196.37895768
0.05594000  4195.775902348235
0.05596000  4195.172847016471
0.05598000  4194.569791684706
0.05600000  4193.966736352941
0.05602000  4193.3636810211765
0.05604000  4192.760625689411
0.05606000  4192.157570357647
0.05608000  4191.554515025882
0.05610000  4190.951459694117
0.05612000  4190.348404362353
0.05614000  4189.745349030588
0.05616000  4189.142293698824
0.05618000  4188.539238367059
0.05620000  4187.936183035294
0.05622000  4187.3331277035295
0.05624000  4186.730072371764
0.05626000  4186.12701704
0.05628000  4185.523961708235
0.05630000  4184.92090637647
0.05632000  4184.317851044706
0.05634000  4183.714795712941
0.05636000  4183.111740381177
0.05638000  4182.508685049412
0.05640000  4181.905629717647
0.05642000  4181.3025743858825
0.05644000  4180.699519054117
0.05646000  4180.096463722352
0.05648000  4179.493408390588
0.05650000  4178.890353058823
0.05652000  4178.287297727059
0.05654000  4177.684242395294
0.05656000  4177.081187063529
0.05658000  4176.478131731765
0.05660000  4175.8750764
0.05662000  4175.2720210682355
0.05664000  4174.66896573647
0.05666000  4174.065910404705
0.05668000  4173.462855072941
0.05670000  4172.859799741176
0.05672000  4172.256744409412
0.05674000  4171.653689077647
0.05676000  4171.050633745882
0.05678000  4170.447578414118
0.05680000  4169.844523082353
0.05682000  4169.241467750588
0.05684000  4168.6384124188235
0.05686000  4168.035357087058
0.05688000  4167.432301755294
0.05690000  4166.829246423529
0.05692000  4166.226191091764
0.05694000  4165.62313576
0.05696000  4165.020080428235
0.05698000  4164.417025096471
0.05700000  4163.813969764706
0.05702000  4163.210914432941
0.05704000  4162.6078591011765
0.05706000  4162.004803769411
0.05708000  4161.401748437647
0.05710000  4160.798693105882
0.05712000  4160.195637774117
0.05714000  4159.592582442353
0.05716000  4158.989527110588
0.05718000  4158.386471778824
0.05720000  4157.783416447059
0.05722000  4157.180361115294
0.05724000  4156.5773057835295
0.05726000  4155.974250451764
0.05728000  4155.37119512
0.05730000  4154.768139788235
0.05732000  4154.16508445647
0.05734000  4153.562029124706
0.05736000  4152.958973792941
0.05738000  4152.355918461177
0.05740000  4151.752863129412
0.05742000  4151.149807797647
0.05744000  4150.5467524658825
0.05746000  4149.943697134117
0.05748000  4149.340641802353
0.05750000  4148.737586470588
0.05752000  4148.134531138823
0.05754000  4147.531475807059
0.05756000  4146.928420475294
0.05758000  4146.325365143529
0.05760000  4145.722309811765
0.05762000  4145.11925448
0.05764000  4144.5161991482355
0.05766000  4143.91314381647
0.05768000  4143.310088484705
0.05770000  4142.707033152941
0.05772000  4142.103977821176
0.05774000  4141.500922489412
0.05776000  4140.897867157647
0.05778000  4140.294811825882
0.05780000  4139.691756494118
0.05782000  4139.088701162353
0.05784000  4138.4856458305885
0.05786000  4137.882590498823
0.05788000  4137.279535167058
0.05790000  4136.676479835294
0.05792000  4136.073424503529
0.05794000  4135.470369171764
0.05796000  4134.86731384
0.05798000  4134.264258508235
0.05800000  4133.661203176471
0.05802000  4133.058147844706
0.05804000  4132.455092512941
0.05806000  4131.8520371811765
0.05808000  4131.248981849411
0.05810000  4130.645926517647
0.05812000  4130.042871185882
0.05814000  4129.439815854117
0.05816000  4128.836760522353
0.05818000  4128.233705190588
0.05820000  4127.630649858824
0.05822000  4127.027594527059
0.05824000  4126.424539195294
0.05826000  4125.8214838635295
0.05828000  4125.218428531764
0.05830000  4124.6153732
0.05832000  4124.012317868235
0.05834000  4123.40926253647
0.05836000  4122.806207204706
0.05838000  4122.203151872941
0.05840000  4121.600096541177
0.05842000  4120.997041209412
0.05844000  4120.393985877647
0.05846000  4119.7909305458825
0.05848000  4119.187875214117
0.05850000  4118.584819882353
0.05852000  4117.981764550588
0.05854000  4117.378709218823
0.05856000  4116.775653887059
0.05858000  4116.172598555294
0.05860000  4115.56954322353
0.05862000  4114.966487891765
0.05864000  4114.36343256
0.05866000  4113.7603772282355
0.05868000  4113.15732189647
0.05870000  4112.554266564705
0.05872000  4111.951211232941
0.05874000  4111.348155901176
0.05876000  4110.745100569412
0.05878000  4110.142045237647
0.05880000  4109.538989905882
0.05882000  4108.935934574118
0.05884000  4108.332879242353
0.05886000  4107.7298239105885
0.05888000  4107.126768578823
0.05890000  4106.523713247058
0.05892000  4105.920657915294
0.05894000  4105.317602583529
0.05896000  4104.714547251765
0.05898000  4104.11149192
0.05900000  4103.508436588235
0.05902000  4102.905381256471
0.05904000  4102.302325924706
0.05906000  4101.6992705929415
0.05908000  4101.096215261176
0.05910000  4100.493159929411
0.05912000  4099.890104597647
0.05914000  4099.287049265882
0.05916000  4098.683993934117
0.05918000  4098.080938602353
0.05920000  4097.477883270588
0.05922000  4096.874827938824
0.05924000  4096.271772607059
0.05926000  4095.668717275294
0.05928000  4095.0656619435294
0.05930000  4094.4626066117644
0.05932000  4093.85955128
0.05934000  4093.256495948235
0.05936000  4092.6534406164706
0.05938000  4092.050385284706
0.05940000  4091.447329952941
0.05942000  4090.8442746211763
0.05944000  4090.2412192894117
0.05946000  4089.638163957647
0.05948000  4089.0351086258825
0.05950000  4088.4320532941174
0.05952000  4087.828997962353
0.05954000  4087.225942630588
0.05956000  4086.6228872988236
0.05958000  4086.019831967059
0.05960000  4085.416776635294
0.05962000  4084.8137213035293
0.05964000  4084.2106659717647
0.05966000  4083.60761064
0.05968000  4083.004555308235
0.05970000  4082.4014999764704
0.05972000  4081.798444644706
0.05974000  4081.195389312941
0.05976000  4080.5923339811766
0.05978000  4079.9892786494115
0.05980000  4079.386223317647
0.05982000  4078.7831679858823
0.05984000  4078.1801126541177
0.05986000  4077.5770573223526
0.05988000  4076.974001990588
0.05990000  4076.3709466588234
0.05992000  4075.767891327059
0.05994000  4075.164835995294
0.05996000  4074.561780663529
0.05998000  4073.9587253317645
0.06000000  4073.35567
0.06002000  4068.845684
0.06004000  4064.682275
0.06006000  4060.844215
0.06008000  4057.290114
0.06010000  4053.766356
0.06012000  4049.562717
0.06014000  4043.925214
0.06016000  4036.333968
0.06018000  4026.196728
0.06020000  4012.853958
0.06022000  3994.715697
0.06024000  3967.000751
0.06026000  3923.867403
0.06028000  3857.966742
0.06030000  3759.013955
0.06032000  3612.990989
0.06034000  3403.084259
0.06036000  3114.317493
0.06038000  2753.44597
0.06040000  2369.358703
0.06042000  1995.916226
0.06044000  1629.528228
0.06046000  1248.594038
0.06048000  847.847874
0.06050000  497.726739
0.06052000  284.318312
0.06054000  176.055643
0.06056000  128.26422
0.06058000  113.335988
0.06060000  126.184764
0.06062000  177.717681
0.06064000  296.782589
0.06066000  524.205948
0.06068000  873.067518
0.06070000  1322.33778
0.06072000  1829.674453
0.06074000  2344.590106
0.06076000  2825.206661
0.06078000  3242.631927
0.06080000  3581.12188
0.06082000  3840.814087
0.06084000  4033.332162
0.06086000  4174.037045
0.06088000  4276.744298
0.06090000  4352.117302
0.06092000  4407.90169
0.06094000  4449.549816
0.06096000  4480.897446
0.06098000  4504.671764
0.06100000  4522.81843
0.06102000  4536.73518
0.06104000  4547.448601
0.06106000  4555.708255
0.06108000  4562.084923
0.06110000  4567.010518
0.06112000  4570.816759
0.06114000  4573.753396
0.06116000  4576.008303
0.06118000  4577.733394
0.06120000  4579.038439
0.06122000  4580.011871
0.06124000  4580.724329
0.06126000  4581.237424
0.06128000  4581.590261
0.06130000  4581.821694
0.06132000  4581.962162
0.06134000  4582.036514
0.06136000  4582.069556
0.06138000  4582.077817
0.06140000  4582.075063
0.06142000  4582.066803
0.06144000  4582.058543
0.06146000  4582.053035
0.06148000  4582.047528
0.06150000  4582.047528
0.06152000  4582.053035
0.06154000  4582.066803
0.06156000  4582.086077
0.06158000  4582.110857
0.06160000  4582.138388
0.06162000  4582.171425
0.06164000  4582.209965
0.06166000  4582.248503
0.06168000  4582.28979
0.06170000  4582.333827
0.06172000  4582.380613
0.06174000  4582.427394
0.06176000  4582.474172
0.06178000  4582.523698
0.06180000  4582.573219
0.06182000  4582.625487
0.06184000  4582.675
0.06186000  4582.727259
0.06188000  4582.779513
0.06190000  4582.831762
0.06192000  4582.884007
0.06194000  4582.938997
0.06196000  4582.991232
0.06198000  4583.046211
0.06200000  4583.098437
0.06202000  4583.153406
0.06204000  4583.20837
0.06206000  4583.263329
0.06208000  4583.318283
0.06210000  4583.373231
0.06212000  4583.428174
0.06214000  4583.483112
0.06216000  4583.538045
0.06218000  4583.595719
0.06220000  4583.650642
0.06222000  4583.705559
0.06224000  4583.763216
0.06226000  4583.818123
0.06228000  4583.875769
0.06230000  4583.930665
0.06232000  4583.9883
0.06234000  4584.043185
0.06236000  4584.100809
0.06238000  4584.158427
0.06240000  4584.21604
0.06242000  4584.270904
0.06244000  4584.328505
0.06246000  4584.386101
0.06248000  4584.443691
0.06250000  4584.501275
0.06252000  4584.558853
0.06254000  4584.616426
0.06256000  4584.673993
0.06258000  4584.731555
0.06260000  4584.78911
0.06262000  4584.84666
0.06264000  4584.904205
0.06266000  4584.961743
0.06268000  4585.019276
0.06270000  4585.079543
0.06272000  4585.137064
0.06274000  4585.194579
0.06276000  4585.252089
0.06278000  4585.309593
0.06280000  4585.369829
0.06282000  4585.427322
0.06284000  4585.484809
0.06286000  4585.545027
0.06288000  4585.602502
0.06290000  4585.659971
0.06292000  4585.717435
0.06294000  4585.777628
0.06296000  4585.83508
0.06298000  4585.892527
0.06300000  4585.952702
