0.00000000  4073.365374
0.00002000  4068.850552
0.00004000  4064.687158
0.00006000  4060.849111
0.00008000  4057.295023
0.00010000  4053.776198
0.00012000  4049.572588
0.00014000  4043.930169
0.00016000  4036.338949
0.00018000  4026.201744
0.00020000  4012.859019
0.00022000  3994.72082
0.00024000  3967.011181
0.00026000  3923.878112
0.00028000  3857.98342
0.00030000  3759.049046
0.00032000  3613.078255
0.00034000  3403.385747
0.00036000  3115.881397
0.00038000  2757.740797
0.00040000  2374.156006
0.00042000  1999.964632
0.00044000  1632.961731
0.00046000  1251.648463
0.00048000  852.99685
0.00050000  505.552152
0.00052000  289.729155
0.00054000  179.955901
0.00056000  131.347283
0.00058000  116.603377
0.00060000  130.348484
0.00062000  184.29848
0.00064000  309.417447
0.00066000  549.587714
0.00068000  920.379725
0.00070000  1393.647063
0.00072000  1918.554861
0.00074000  2440.605793
0.00076000  2918.236691
0.00078000  3326.0742
0.00080000  3652.297597
0.00082000  3899.860477
0.00084000  4081.834775
0.00086000  4213.925669
0.00088000  4309.792262
0.00090000  4379.789874
0.00092000  4431.34107
0.00094000  4469.641704
0.00096000  4498.323245
0.00098000  4519.956139
0.00100000  4536.370403
0.00102000  4548.878386
0.00104000  4558.435312
0.00106000  4565.752445
0.00108000  4571.349729
0.00110000  4575.6354
0.00112000  4578.91111
0.00114000  4581.408356
0.00116000  4583.299049
0.00118000  4584.720591
0.00120000  4585.774892
0.00122000  4586.540454
0.00124000  4587.081204
0.00126000  4587.449607
0.00128000  4587.681444
0.00130000  4587.812322
0.00132000  4587.866846
0.00134000  4587.869572
0.00136000  4587.839585
0.00138000  4587.790511
0.00140000  4587.741434
0.00142000  4587.689625
0.00144000  4587.640538
0.00146000  4587.594175
0.00148000  4587.553263
0.00150000  4587.520532
0.00152000  4587.495982
0.00154000  4587.476887
0.00156000  4587.465975
0.00158000  4587.460519
0.00160000  4587.457791
0.00162000  4587.463247
0.00164000  4587.471431
0.00166000  4587.482343
0.00168000  4587.495982
0.00170000  4587.512349
0.00172000  4587.528715
0.00174000  4587.547808
0.00176000  4587.569628
0.00178000  4587.591448
0.00180000  4587.615994
0.00182000  4587.637811
0.00184000  4587.662355
0.00186000  4587.689625
0.00188000  4587.714166
0.00190000  4587.741434
0.00192000  4587.7687
0.00194000  4587.795964
0.00196000  4587.823228
0.00198000  4587.853216
0.00200000  4587.883203
0.00202000  4587.910462
0.00204000  4587.940446
0.00206000  4587.973153
0.00208000  4588.003134
0.00210000  4588.033113
0.00212000  4588.065815
0.00214000  4588.095791
0.00216000  4588.12849
0.00218000  4588.161187
0.00220000  4588.193882
0.00222000  4588.226575
0.00224000  4588.261991
0.00226000  4588.29468
0.00228000  4588.330092
0.00230000  4588.362777
0.00232000  4588.398185
0.00234000  4588.43359
0.00236000  4588.468993
0.00238000  4588.504394
0.00240000  4588.539792
0.00242000  4588.575189
0.00244000  4588.610583
0.00246000  4588.648697
0.00248000  4588.684087
0.00250000  4588.722197
0.00252000  4588.760304
0.00254000  4588.798408
0.00256000  4588.833789
0.00258000  4588.871889
0.00260000  4588.909986
0.00262000  4588.950801
0.00264000  4588.988893
0.00266000  4589.026983
0.00268000  4589.065069
0.00270000  4589.105874
0.00272000  4589.143956
0.00274000  4589.184755
0.00276000  4589.225551
0.00278000  4589.263624
0.00280000  4589.304415
0.00282000  4589.345202
0.00284000  4589.385987
0.00286000  4589.426769
0.00288000  4589.467548
0.00290000  4589.508324
0.00292000  4589.549097
0.00294000  4589.589867
0.00296000  4589.630634
0.00298000  4589.671399
0.00300000  4589.714878
0.00302000  4589.107407995294
0.00304000  4588.499937990588
0.00306000  4587.892467985882
0.00308000  4587.284997981176
0.00310000  4586.677527976471
0.00312000  4586.070057971764
0.00314000  4585.462587967058
0.00316000  4584.855117962353
0.00318000  4584.247647957647
0.00320000  4583.640177952941
0.00322000  4583.032707948235
0.00324000  4582.425237943529
0.00326000  4581.817767938824
0.00328000  4581.210297934117
0.00330000  4580.602827929411
0.00332000  4579.995357924706
0.00334000  4579.38788792
0.00336000  4578.780417915294
0.00338000  4578.172947910588
0.00340000  4577.565477905882
0.00342000  4576.958007901177
0.00344000  4576.35053789647
0.00346000  4575.743067891764
0.00348000  4575.135597887059
0.00350000  4574.528127882353
0.00352000  4573.920657877647
0.00354000  4573.313187872941
0.00356000  4572.705717868235
0.00358000  4572.098247863529
0.00360000  4571.490777858823
0.00362000  4570.883307854117
0.00364000  4570.275837849412
0.00366000  4569.668367844705
0.00368000  4569.06089784
0.00370000  4568.453427835294
0.00372000  4567.845957830588
0.00374000  4567.238487825882
0.00376000  4566.631017821176
0.00378000  4566.02354781647
0.00380000  4565.416077811765
0.00382000  4564.808607807058
0.00384000  4564.201137802353
0.00386000  4563.593667797647
0.00388000  4562.986197792941
0.00390000  4562.378727788235
0.00392000  4561.771257783529
0.00394000  4561.1637877788235
0.00396000  4560.556317774118
0.00398000  4559.948847769411
0.00400000  4559.341377764706
0.00402000  4558.73390776
0.00404000  4558.126437755294
0.00406000  4557.518967750588
0.00408000  4556.911497745882
0.00410000  4556.3040277411765
0.00412000  4555.696557736471
0.00414000  4555.089087731764
0.00416000  4554.481617727059
0.00418000  4553.874147722353
0.00420000  4553.266677717646
0.00422000  4552.659207712941
0.00424000  4552.051737708235
0.00426000  4551.4442677035295
0.00428000  4550.836797698823
0.00430000  4550.229327694117
0.00432000  4549.621857689412
0.00434000  4549.014387684706
0.00436000  4548.406917679999
0.00438000  4547.799447675294
0.00440000  4547.191977670588
0.00442000  4546.5845076658825
0.00444000  4545.977037661176
0.00446000  4545.36956765647
0.00448000  4544.762097651765
0.00450000  4544.154627647059
0.00452000  4543.547157642352
0.00454000  4542.939687637647
0.00456000  4542.332217632941
0.00458000  4541.7247476282355
0.00460000  4541.117277623529
0.00462000  4540.509807618823
0.00464000  4539.902337614118
0.00466000  4539.294867609412
0.00468000  4538.687397604705
0.00470000  4538.0799276
0.00472000  4537.472457595294
0.00474000  4536.864987590588
0.00476000  4536.257517585882
0.00478000  4535.650047581176
0.00480000  4535.042577576471
0.00482000  4534.435107571764
0.00484000  4533.827637567058
0.00486000  4533.220167562353
0.00488000  4532.612697557647
0.00490000  4532.005227552941
0.00492000  4531.397757548235
0.00494000  4530.790287543529
0.00496000  4530.182817538824
0.00498000  4529.575347534117
0.00500000  4528.967877529411
0.00502000  4528.360407524706
0.00504000  4527.75293752
0.00506000  4527.145467515294
0.00508000  4526.537997510588
0.00510000  4525.930527505882
0.00512000  4525.323057501177
0.00514000  4524.71558749647
0.00516000  4524.1081174917645
0.00518000  4523.500647487059
0.00520000  4522.893177482353
0.00522000  4522.285707477647
0.00524000  4521.678237472941
0.00526000  4521.070767468235
0.00528000  4520.46329746353
0.00530000  4519.855827458823
0.00532000  4519.2483574541175
0.00534000  4518.640887449412
0.00536000  4518.033417444705
0.00538000  4517.42594744
0.00540000  4516.818477435294
0.00542000  4516.211007430588
0.00544000  4515.603537425882
0.00546000  4514.996067421176
0.00548000  4514.3885974164705
0.00550000  4513.781127411765
0.00552000  4513.173657407058
0.00554000  4512.566187402353
0.00556000  4511.958717397647
0.00558000  4511.351247392941
0.00560000  4510.743777388235
0.00562000  4510.136307383529
0.00564000  4509.5288373788235
0.00566000  4508.921367374118
0.00568000  4508.313897369411
0.00570000  4507.706427364706
0.00572000  4507.09895736
0.00574000  4506.491487355294
0.00576000  4505.884017350588
0.00578000  4505.276547345882
0.00580000  4504.6690773411765
0.00582000  4504.061607336471
0.00584000  4503.454137331764
0.00586000  4502.846667327059
0.00588000  4502.239197322353
0.00590000  4501.631727317646
0.00592000  4501.024257312941
0.00594000  4500.416787308235
0.00596000  4499.8093173035295
0.00598000  4499.201847298823
0.00600000  4498.594377294117
0.00602000  4497.986907289412
0.00604000  4497.379437284706
0.00606000  4496.771967279999
0.00608000  4496.164497275294
0.00610000  4495.557027270588
0.00612000  4494.9495572658825
0.00614000  4494.342087261176
0.00616000  4493.73461725647
0.00618000  4493.127147251765
0.00620000  4492.519677247059
0.00622000  4491.912207242352
0.00624000  4491.304737237647
0.00626000  4490.697267232941
0.00628000  4490.0897972282355
0.00630000  4489.482327223529
0.00632000  4488.874857218823
0.00634000  4488.267387214118
0.00636000  4487.659917209412
0.00638000  4487.0524472047055
0.00640000  4486.4449772
0.00642000  4485.837507195294
0.00644000  4485.230037190588
0.00646000  4484.622567185882
0.00648000  4484.015097181176
0.00650000  4483.407627176471
0.00652000  4482.800157171764
0.00654000  4482.1926871670585
0.00656000  4481.585217162353
0.00658000  4480.977747157647
0.00660000  4480.370277152941
0.00662000  4479.762807148235
0.00664000  4479.155337143529
0.00666000  4478.547867138824
0.00668000  4477.940397134117
0.00670000  4477.3329271294115
0.00672000  4476.725457124706
0.00674000  4476.11798712
0.00676000  4475.510517115294
0.00678000  4474.903047110588
0.00680000  4474.295577105882
0.00682000  4473.688107101177
0.00684000  4473.08063709647
0.00686000  4472.4731670917645
0.00688000  4471.865697087059
0.00690000  4471.258227082353
0.00692000  4470.650757077647
0.00694000  4470.043287072941
0.00696000  4469.435817068235
0.00698000  4468.828347063529
0.00700000  4468.220877058823
0.00702000  4467.6134070541175
0.00704000  4467.005937049412
0.00706000  4466.398467044705
0.00708000  4465.79099704
0.00710000  4465.183527035294
0.00712000  4464.576057030588
0.00714000  4463.968587025882
0.00716000  4463.361117021176
0.00718000  4462.7536470164705
0.00720000  4462.146177011765
0.00722000  4461.538707007058
0.00724000  4460.931237002353
0.00726000  4460.323766997647
0.00728000  4459.716296992941
0.00730000  4459.108826988235
0.00732000  4458.501356983529
0.00734000  4457.8938869788235
0.00736000  4457.286416974118
0.00738000  4456.678946969411
0.00740000  4456.071476964706
0.00742000  4455.46400696
0.00744000  4454.856536955294
0.00746000  4454.249066950588
0.00748000  4453.641596945882
0.00750000  4453.0341269411765
0.00752000  4452.42665693647
0.00754000  4451.819186931764
0.00756000  4451.211716927059
0.00758000  4450.604246922353
0.00760000  4449.9967769176465
0.00762000  4449.389306912941
0.00764000  4448.781836908235
0.00766000  4448.1743669035295
0.00768000  4447.566896898823
0.00770000  4446.959426894117
0.00772000  4446.351956889412
0.00774000  4445.744486884706
0.00776000  4445.1370168799995
0.00778000  4444.529546875294
0.00780000  4443.922076870588
0.00782000  4443.3146068658825
0.00784000  4442.707136861176
0.00786000  4442.09966685647
0.00788000  4441.492196851765
0.00790000  4440.884726847059
0.00792000  4440.2772568423525
0.00794000  4439.669786837647
0.00796000  4439.062316832941
0.00798000  4438.4548468282355
0.00800000  4437.847376823529
0.00802000  4437.239906818823
0.00804000  4436.632436814118
0.00806000  4436.024966809412
0.00808000  4435.4174968047055
0.00810000  4434.8100268
0.00812000  4434.202556795294
0.00814000  4433.5950867905885
0.00816000  4432.987616785882
0.00818000  4432.380146781176
0.00820000  4431.772676776471
0.00822000  4431.165206771764
0.00824000  4430.5577367670585
0.00826000  4429.950266762353
0.00828000  4429.342796757647
0.00830000  4428.735326752941
0.00832000  4428.127856748235
0.00834000  4427.520386743529
0.00836000  4426.912916738824
0.00838000  4426.305446734117
0.00840000  4425.6979767294115
0.00842000  4425.090506724706
0.00844000  4424.48303672
0.00846000  4423.875566715294
0.00848000  4423.268096710588
0.00850000  4422.660626705882
0.00852000  4422.053156701177
0.00854000  4421.44568669647
0.00856000  4420.8382166917645
0.00858000  4420.230746687059
0.00860000  4419.623276682353
0.00862000  4419.015806677647
0.00864000  4418.408336672941
0.00866000  4417.800866668235
0.00868000  4417.19339666353
0.00870000  4416.585926658823
0.00872000  4415.9784566541175
0.00874000  4415.370986649412
0.00876000  4414.763516644705
0.00878000  4414.15604664
0.00880000  4413.548576635294
0.00882000  4412.941106630588
0.00884000  4412.333636625882
0.00886000  4411.726166621176
0.00888000  4411.1186966164705
0.00890000  4410.511226611765
0.00892000  4409.903756607058
0.00894000  4409.296286602353
0.00896000  4408.688816597647
0.00898000  4408.081346592941
0.00900000  4407.473876588235
0.00902000  4406.866406583529
0.00904000  4406.2589365788235
0.00906000  4405.651466574118
0.00908000  4405.043996569411
0.00910000  4404.436526564706
0.00912000  4403.82905656
0.00914000  4403.221586555294
0.00916000  4402.614116550588
0.00918000  4402.006646545882
0.00920000  4401.3991765411765
0.00922000  4400.791706536471
0.00924000  4400.184236531764
0.00926000  4399.576766527059
0.00928000  4398.969296522353
0.00930000  4398.3618265176465
0.00932000  4397.754356512941
0.00934000  4397.146886508235
0.00936000  4396.5394165035295
0.00938000  4395.931946498823
0.00940000  4395.324476494117
0.00942000  4394.717006489412
0.00944000  4394.109536484706
0.00946000  4393.5020664799995
0.00948000  4392.894596475294
0.00950000  4392.287126470588
0.00952000  4391.6796564658825
0.00954000  4391.072186461176
0.00956000  4390.46471645647
0.00958000  4389.857246451765
0.00960000  4389.249776447059
0.00962000  4388.6423064423525
0.00964000  4388.034836437647
0.00966000  4387.427366432941
0.00968000  4386.819896428236
0.00970000  4386.212426423529
0.00972000  4385.604956418823
0.00974000  4384.997486414118
0.00976000  4384.390016409412
0.00978000  4383.7825464047055
0.00980000  4383.1750764
0.00982000  4382.567606395294
0.00984000  4381.960136390588
0.00986000  4381.352666385882
0.00988000  4380.745196381176
0.00990000  4380.137726376471
0.00992000  4379.530256371764
0.00994000  4378.9227863670585
0.00996000  4378.315316362353
0.00998000  4377.707846357647
0.01000000  4377.100376352941
0.01002000  4376.492906348235
0.01004000  4375.885436343529
0.01006000  4375.277966338824
0.01008000  4374.670496334117
0.01010000  4374.0630263294115
0.01012000  4373.455556324706
0.01014000  4372.84808632
0.01016000  4372.240616315294
0.01018000  4371.633146310588
0.01020000  4371.025676305882
0.01022000  4370.418206301177
0.01024000  4369.81073629647
0.01026000  4369.2032662917645
0.01028000  4368.595796287059
0.01030000  4367.988326282353
0.01032000  4367.380856277647
0.01034000  4366.773386272941
0.01036000  4366.165916268235
0.01038000  4365.558446263529
0.01040000  4364.950976258823
0.01042000  4364.3435062541175
0.01044000  4363.736036249412
0.01046000  4363.128566244705
0.01048000  4362.52109624
0.01050000  4361.913626235294
0.01052000  4361.306156230588
0.01054000  4360.698686225882
0.01056000  4360.091216221176
0.01058000  4359.4837462164705
0.01060000  4358.876276211765
0.01062000  4358.268806207058
0.01064000  4357.661336202353
0.01066000  4357.053866197647
0.01068000  4356.446396192941
0.01070000  4355.838926188235
0.01072000  4355.231456183529
0.01074000  4354.6239861788235
0.01076000  4354.016516174118
0.01078000  4353.409046169411
0.01080000  4352.801576164706
0.01082000  4352.19410616
0.01084000  4351.586636155294
0.01086000  4350.979166150588
0.01088000  4350.371696145882
0.01090000  4349.764226141177
0.01092000  4349.156756136471
0.01094000  4348.549286131764
0.01096000  4347.941816127059
0.01098000  4347.334346122353
0.01100000  4346.726876117647
0.01102000  4346.119406112941
0.01104000  4345.511936108235
0.01106000  4344.90446610353
0.01108000  4344.296996098823
0.01110000  4343.689526094117
0.01112000  4343.082056089412
0.01114000  4342.474586084706
0.01116000  4341.8671160799995
0.01118000  4341.259646075294
0.01120000  4340.652176070588
0.01122000  4340.044706065883
0.01124000  4339.437236061176
0.01126000  4338.82976605647
0.01128000  4338.222296051765
0.01130000  4337.614826047059
0.01132000  4337.0073560423525
0.01134000  4336.399886037647
0.01136000  4335.792416032941
0.01138000  4335.184946028236
0.01140000  4334.577476023529
0.01142000  4333.970006018823
0.01144000  4333.362536014118
0.01146000  4332.755066009412
0.01148000  4332.1475960047055
0.01150000  4331.540126
0.01152000  4330.932655995294
0.01154000  4330.325185990589
0.01156000  4329.717715985882
0.01158000  4329.110245981176
0.01160000  4328.502775976471
0.01162000  4327.895305971764
0.01164000  4327.2878359670585
0.01166000  4326.680365962353
0.01168000  4326.072895957647
0.01170000  4325.465425952941
0.01172000  4324.857955948235
0.01174000  4324.250485943529
0.01176000  4323.643015938824
0.01178000  4323.035545934117
0.01180000  4322.4280759294115
0.01182000  4321.820605924706
0.01184000  4321.21313592
0.01186000  4320.605665915294
0.01188000  4319.998195910588
0.01190000  4319.390725905882
0.01192000  4318.783255901177
0.01194000  4318.17578589647
0.01196000  4317.5683158917645
0.01198000  4316.960845887059
0.01200000  4316.353375882353
0.01202000  4315.745905877647
0.01204000  4315.138435872941
0.01206000  4314.530965868235
0.01208000  4313.92349586353
0.01210000  4313.316025858823
0.01212000  4312.708555854118
0.01214000  4312.101085849412
0.01216000  4311.493615844705
0.01218000  4310.88614584
0.01220000  4310.278675835294
0.01222000  4309.671205830588
0.01224000  4309.063735825882
0.01226000  4308.456265821176
0.01228000  4307.848795816471
0.01230000  4307.241325811765
0.01232000  4306.633855807058
0.01234000  4306.026385802353
0.01236000  4305.418915797647
0.01238000  4304.811445792941
0.01240000  4304.203975788235
0.01242000  4303.596505783529
0.01244000  4302.989035778824
0.01246000  4302.381565774118
0.01248000  4301.774095769411
0.01250000  4301.166625764706
0.01252000  4300.55915576
0.01254000  4299.951685755294
0.01256000  4299.344215750588
0.01258000  4298.736745745882
0.01260000  4298.129275741177
0.01262000  4297.521805736471
0.01264000  4296.914335731764
0.01266000  4296.306865727059
0.01268000  4295.699395722353
0.01270000  4295.0919257176465
0.01272000  4294.484455712941
0.01274000  4293.876985708235
0.01276000  4293.26951570353
0.01278000  4292.662045698823
0.01280000  4292.054575694117
0.01282000  4291.447105689412
0.01284000  4290.839635684706
0.01286000  4290.2321656799995
0.01288000  4289.624695675294
0.01290000  4289.017225670588
0.01292000  4288.409755665883
0.01294000  4287.802285661176
0.01296000  4287.19481565647
0.01298000  4286.587345651765
0.01300000  4285.979875647059
0.01302000  4285.3724056423525
0.01304000  4284.764935637647
0.01306000  4284.157465632941
0.01308000  4283.549995628236
0.01310000  4282.942525623529
0.01312000  4282.335055618823
0.01314000  4281.727585614118
0.01316000  4281.120115609412
0.01318000  4280.5126456047055
0.01320000  4279.9051756
0.01322000  4279.297705595294
0.01324000  4278.690235590588
0.01326000  4278.082765585882
0.01328000  4277.475295581176
0.01330000  4276.867825576471
0.01332000  4276.260355571764
0.01334000  4275.652885567059
0.01336000  4275.045415562353
0.01338000  4274.437945557647
0.01340000  4273.830475552941
0.01342000  4273.223005548235
0.01344000  4272.615535543529
0.01346000  4272.008065538824
0.01348000  4271.400595534117
0.01350000  4270.793125529412
0.01352000  4270.185655524706
0.01354000  4269.57818552
0.01356000  4268.970715515294
0.01358000  4268.363245510588
0.01360000  4267.755775505882
0.01362000  4267.148305501177
0.01364000  4266.54083549647
0.01366000  4265.933365491765
0.01368000  4265.325895487059
0.01370000  4264.718425482353
0.01372000  4264.110955477647
0.01374000  4263.503485472941
0.01376000  4262.896015468235
0.01378000  4262.288545463529
0.01380000  4261.681075458823
0.01382000  4261.073605454118
0.01384000  4260.466135449412
0.01386000  4259.858665444706
0.01388000  4259.25119544
0.01390000  4258.643725435294
0.01392000  4258.036255430588
0.01394000  4257.428785425882
0.01396000  4256.821315421176
0.01398000  4256.213845416471
0.01400000  4255.606375411765
0.01402000  4254.998905407058
0.01404000  4254.391435402353
0.01406000  4253.783965397647
0.01408000  4253.176495392941
0.01410000  4252.569025388235
0.01412000  4251.961555383529
0.01414000  4251.354085378824
0.01416000  4250.746615374118
0.01418000  4250.139145369411
0.01420000  4249.531675364706
0.01422000  4248.92420536
0.01424000  4248.316735355294
0.01426000  4247.709265350588
0.01428000  4247.101795345882
0.01430000  4246.494325341177
0.01432000  4245.88685533647
0.01434000  4245.279385331764
0.01436000  4244.671915327059
0.01438000  4244.064445322353
0.01440000  4243.456975317647
0.01442000  4242.849505312941
0.01444000  4242.242035308235
0.01446000  4241.63456530353
0.01448000  4241.027095298823
0.01450000  4240.419625294117
0.01452000  4239.812155289412
0.01454000  4239.204685284706
0.01456000  4238.59721528
0.01458000  4237.989745275294
0.01460000  4237.382275270588
0.01462000  4236.774805265883
0.01464000  4236.167335261176
0.01466000  4235.55986525647
0.01468000  4234.952395251765
0.01470000  4234.344925247059
0.01472000  4233.737455242353
0.01474000  4233.129985237647
0.01476000  4232.522515232941
0.01478000  4231.915045228236
0.01480000  4231.307575223529
0.01482000  4230.700105218823
0.01484000  4230.092635214118
0.01486000  4229.485165209412
0.01488000  4228.877695204706
0.01490000  4228.2702252
0.01492000  4227.662755195294
0.01494000  4227.055285190589
0.01496000  4226.447815185882
0.01498000  4225.840345181176
0.01500000  4225.232875176471
0.01502000  4224.625405171764
0.01504000  4224.017935167059
0.01506000  4223.410465162353
0.01508000  4222.802995157647
0.01510000  4222.195525152941
0.01512000  4221.588055148235
0.01514000  4220.980585143529
0.01516000  4220.373115138824
0.01518000  4219.765645134117
0.01520000  4219.158175129412
0.01522000  4218.550705124706
0.01524000  4217.94323512
0.01526000  4217.335765115294
0.01528000  4216.728295110588
0.01530000  4216.120825105882
0.01532000  4215.513355101177
0.01534000  4214.90588509647
0.01536000  4214.298415091765
0.01538000  4213.690945087059
0.01540000  4213.083475082353
0.01542000  4212.476005077647
0.01544000  4211.868535072941
0.01546000  4211.261065068235
0.01548000  4210.65359506353
0.01550000  4210.046125058823
0.01552000  4209.438655054118
0.01554000  4208.831185049412
0.01556000  4208.223715044705
0.01558000  4207.61624504
0.01560000  4207.008775035294
0.01562000  4206.401305030588
0.01564000  4205.793835025882
0.01566000  4205.186365021176
0.01568000  4204.578895016471
0.01570000  4203.971425011765
0.01572000  4203.363955007058
0.01574000  4202.756485002353
0.01576000  4202.149014997647
0.01578000  4201.541544992941
0.01580000  4200.934074988235
0.01582000  4200.326604983529
0.01584000  4199.719134978824
0.01586000  4199.111664974118
0.01588000  4198.504194969411
0.01590000  4197.896724964706
0.01592000  4197.28925496
0.01594000  4196.6817849552945
0.01596000  4196.074314950588
0.01598000  4195.466844945882
0.01600000  4194.859374941177
0.01602000  4194.251904936471
0.01604000  4193.644434931764
0.01606000  4193.036964927059
0.01608000  4192.429494922353
0.01610000  4191.822024917647
0.01612000  4191.214554912941
0.01614000  4190.607084908235
0.01616000  4189.99961490353
0.01618000  4189.392144898823
0.01620000  4188.784674894117
0.01622000  4188.177204889412
0.01624000  4187.569734884706
0.01626000  4186.96226488
0.01628000  4186.354794875294
0.01630000  4185.747324870588
0.01632000  4185.139854865883
0.01634000  4184.532384861176
0.01636000  4183.92491485647
0.01638000  4183.317444851765
0.01640000  4182.709974847059
0.01642000  4182.102504842353
0.01644000  4181.495034837647
0.01646000  4180.887564832941
0.01648000  4180.280094828236
0.01650000  4179.672624823529
0.01652000  4179.065154818823
0.01654000  4178.457684814118
0.01656000  4177.850214809412
0.01658000  4177.242744804706
0.01660000  4176.6352748
0.01662000  4176.027804795294
0.01664000  4175.420334790588
0.01666000  4174.812864785882
0.01668000  4174.205394781176
0.01670000  4173.597924776471
0.01672000  4172.990454771765
0.01674000  4172.382984767059
0.01676000  4171.775514762353
0.01678000  4171.168044757647
0.01680000  4170.560574752941
0.01682000  4169.953104748235
0.01684000  4169.345634743529
0.01686000  4168.738164738824
0.01688000  4168.130694734117
0.01690000  4167.523224729412
0.01692000  4166.915754724706
0.01694000  4166.30828472
0.01696000  4165.700814715294
0.01698000  4165.093344710588
0.01700000  4164.485874705882
0.01702000  4163.878404701177
0.01704000  4163.27093469647
0.01706000  4162.663464691765
0.01708000  4162.055994687059
0.01710000  4161.448524682353
0.01712000  4160.841054677647
0.01714000  4160.233584672941
0.01716000  4159.6261146682355
0.01718000  4159.018644663529
0.01720000  4158.411174658823
0.01722000  4157.803704654118
0.01724000  4157.196234649412
0.01726000  4156.588764644706
0.01728000  4155.98129464
0.01730000  4155.373824635294
0.01732000  4154.7663546305885
0.01734000  4154.158884625882
0.01736000  4153.551414621176
0.01738000  4152.943944616471
0.01740000  4152.336474611765
0.01742000  4151.729004607058
0.01744000  4151.121534602353
0.01746000  4150.514064597647
0.01748000  4149.9065945929415
0.01750000  4149.299124588235
0.01752000  4148.691654583529
0.01754000  4148.084184578824
0.01756000  4147.476714574118
0.01758000  4146.869244569411
0.01760000  4146.261774564706
0.01762000  4145.65430456
0.01764000  4145.0468345552945
0.01766000  4144.439364550588
0.01768000  4143.831894545882
0.01770000  4143.224424541177
0.01772000  4142.61695453647
0.01774000  4142.009484531764
0.01776000  4141.402014527059
0.01778000  4140.794544522353
0.01780000  4140.1870745176475
0.01782000  4139.579604512941
0.01784000  4138.972134508235
0.01786000  4138.36466450353
0.01788000  4137.757194498823
0.01790000  4137.149724494117
0.01792000  4136.542254489412
0.01794000  4135.934784484706
0.01796000  4135.32731448
0.01798000  4134.719844475294
0.01800000  4134.112374470588
0.01802000  4133.504904465883
0.01804000  4132.897434461176
0.01806000  4132.28996445647
0.01808000  4131.682494451765
0.01810000  4131.075024447059
0.01812000  4130.467554442353
0.01814000  4129.860084437647
0.01816000  4129.252614432941
0.01818000  4128.645144428236
0.01820000  4128.037674423529
0.01822000  4127.430204418823
0.01824000  4126.822734414118
0.01826000  4126.215264409412
0.01828000  4125.607794404706
0.01830000  4125.0003244
0.01832000  4124.392854395294
0.01834000  4123.785384390589
0.01836000  4123.177914385882
0.01838000  4122.5704443811765
0.01840000  4121.962974376471
0.01842000  4121.355504371764
0.01844000  4120.748034367059
0.01846000  4120.140564362353
0.01848000  4119.533094357647
0.01850000  4118.925624352941
0.01852000  4118.318154348235
0.01854000  4117.7106843435295
0.01856000  4117.103214338824
0.01858000  4116.495744334117
0.01860000  4115.888274329412
0.01862000  4115.280804324706
0.01864000  4114.67333432
0.01866000  4114.065864315294
0.01868000  4113.458394310588
0.01870000  4112.8509243058825
0.01872000  4112.243454301177
0.01874000  4111.63598429647
0.01876000  4111.028514291765
0.01878000  4110.421044287059
0.01880000  4109.813574282353
0.01882000  4109.206104277647
0.01884000  4108.598634272941
0.01886000  4107.9911642682355
0.01888000  4107.38369426353
0.01890000  4106.776224258823
0.01892000  4106.168754254118
0.01894000  4105.561284249412
0.01896000  4104.953814244705
0.01898000  4104.34634424
0.01900000  4103.738874235294
0.01902000  4103.1314042305885
0.01904000  4102.523934225882
0.01906000  4101.916464221176
0.01908000  4101.308994216471
0.01910000  4100.701524211765
0.01912000  4100.094054207058
0.01914000  4099.486584202353
0.01916000  4098.879114197647
0.01918000  4098.2716441929415
0.01920000  4097.664174188235
0.01922000  4097.056704183529
0.01924000  4096.449234178824
0.01926000  4095.8417641741175
0.01928000  4095.234294169412
0.01930000  4094.626824164706
0.01932000  4094.01935416
0.01934000  4093.411884155294
0.01936000  4092.8044141505884
0.01938000  4092.1969441458823
0.01940000  4091.5894741411767
0.01942000  4090.9820041364706
0.01944000  4090.3745341317644
0.01946000  4089.767064127059
0.01948000  4089.159594122353
0.01950000  4088.552124117647
0.01952000  4087.944654112941
0.01954000  4087.3371841082353
0.01956000  4086.7297141035297
0.01958000  4086.1222440988236
0.01960000  4085.5147740941175
0.01962000  4084.907304089412
0.01964000  4084.2998340847057
0.01966000  4083.69236408
0.01968000  4083.084894075294
0.01970000  4082.4774240705883
0.01972000  4081.869954065882
0.01974000  4081.2624840611766
0.01976000  4080.6550140564705
0.01978000  4080.047544051765
0.01980000  4079.4400740470587
0.01982000  4078.832604042353
0.01984000  4078.225134037647
0.01986000  4077.6176640329413
0.01988000  4077.010194028235
0.01990000  4076.4027240235296
0.01992000  4075.7952540188235
0.01994000  4075.187784014118
0.01996000  4074.5803140094117
0.01998000  4073.9728440047056
0.02000000  4073.365374
0.02002000  4068.850552
0.02004000  4064.687158
0.02006000  4060.849111
0.02008000  4057.295023
0.02010000  4053.776198
0.02012000  4049.572588
0.02014000  4043.930169
0.02016000  4036.338949
0.02018000  4026.201744
0.02020000  4012.859019
0.02022000  3994.72082
0.02024000  3967.011181
0.02026000  3923.878112
0.02028000  3857.98342
0.02030000  3759.049046
0.02032000  3613.078255
0.02034000  3403.385747
0.02036000  3115.881397
0.02038000  2757.740797
0.02040000  2374.156006
0.02042000  1999.964632
0.02044000  1632.961731
0.02046000  1251.648463
0.02048000  852.99685
0.02050000  505.552152
0.02052000  289.729155
0.02054000  179.955901
0.02056000  131.347283
0.02058000  116.603377
0.02060000  130.348484
0.02062000  184.29848
0.02064000  309.417447
0.02066000  549.587714
0.02068000  920.379725
0.02070000  1393.647063
0.02072000  1918.554861
0.02074000  2440.605793
0.02076000  2918.236691
0.02078000  3326.0742
0.02080000  3652.297597
0.02082000  3899.860477
0.02084000  4081.834775
0.02086000  4213.925669
0.02088000  4309.792262
0.02090000  4379.789874
0.02092000  4431.34107
0.02094000  4469.641704
0.02096000  4498.323245
0.02098000  4519.956139
0.02100000  4536.370403
0.02102000  4548.878386
0.02104000  4558.435312
0.02106000  4565.752445
0.02108000  4571.349729
0.02110000  4575.6354
0.02112000  4578.91111
0.02114000  4581.408356
0.02116000  4583.299049
0.02118000  4584.720591
0.02120000  4585.774892
0.02122000  4586.540454
0.02124000  4587.081204
0.02126000  4587.449607
0.02128000  4587.681444
0.02130000  4587.812322
0.02132000  4587.866846
0.02134000  4587.869572
0.02136000  4587.839585
0.02138000  4587.790511
0.02140000  4587.741434
0.02142000  4587.689625
0.02144000  4587.640538
0.02146000  4587.594175
0.02148000  4587.553263
0.02150000  4587.520532
0.02152000  4587.495982
0.02154000  4587.476887
0.02156000  4587.465975
0.02158000  4587.460519
0.02160000  4587.457791
0.02162000  4587.463247
0.02164000  4587.471431
0.02166000  4587.482343
0.02168000  4587.495982
0.02170000  4587.512349
0.02172000  4587.528715
0.02174000  4587.547808
0.02176000  4587.569628
0.02178000  4587.591448
0.02180000  4587.615994
0.02182000  4587.637811
0.02184000  4587.662355
0.02186000  4587.689625
0.02188000  4587.714166
0.02190000  4587.741434
0.02192000  4587.7687
0.02194000  4587.795964
0.02196000  4587.823228
0.02198000  4587.853216
0.02200000  4587.883203
0.02202000  4587.910462
0.02204000  4587.940446
0.02206000  4587.973153
0.02208000  4588.003134
0.02210000  4588.033113
0.02212000  4588.065815
0.02214000  4588.095791
0.02216000  4588.12849
0.02218000  4588.161187
0.02220000  4588.193882
0.02222000  4588.226575
0.02224000  4588.261991
0.02226000  4588.29468
0.02228000  4588.330092
0.02230000  4588.362777
0.02232000  4588.398185
0.02234000  4588.43359
0.02236000  4588.468993
0.02238000  4588.504394
0.02240000  4588.539792
0.02242000  4588.575189
0.02244000  4588.610583
0.02246000  4588.648697
0.02248000  4588.684087
0.02250000  4588.722197
0.02252000  4588.760304
0.02254000  4588.798408
0.02256000  4588.833789
0.02258000  4588.871889
0.02260000  4588.909986
0.02262000  4588.950801
0.02264000  4588.988893
0.02266000  4589.026983
0.02268000  4589.065069
0.02270000  4589.105874
0.02272000  4589.143956
0.02274000  4589.184755
0.02276000  4589.225551
0.02278000  4589.263624
0.02280000  4589.304415
0.02282000  4589.345202
0.02284000  4589.385987
0.02286000  4589.426769
0.02288000  4589.467548
0.02290000  4589.508324
0.02292000  4589.549097
0.02294000  4589.589867
0.02296000  4589.630634
0.02298000  4589.671399
0.02300000  4589.714878
0.02302000  4589.107407995294
0.02304000  4588.499937990588
0.02306000  4587.892467985882
0.02308000  4587.284997981176
0.02310000  4586.677527976471
0.02312000  4586.070057971764
0.02314000  4585.462587967058
0.02316000  4584.855117962353
0.02318000  4584.247647957647
0.02320000  4583.640177952941
0.02322000  4583.032707948235
0.02324000  4582.425237943529
0.02326000  4581.817767938824
0.02328000  4581.210297934117
0.02330000  4580.602827929411
0.02332000  4579.995357924706
0.02334000  4579.38788792
0.02336000  4578.780417915294
0.02338000  4578.172947910588
0.02340000  4577.565477905882
0.02342000  4576.958007901177
0.02344000  4576.35053789647
0.02346000  4575.743067891764
0.02348000  4575.135597887059
0.02350000  4574.528127882353
0.02352000  4573.920657877647
0.02354000  4573.313187872941
0.02356000  4572.705717868235
0.02358000  4572.098247863529
0.02360000  4571.490777858823
0.02362000  4570.883307854117
0.02364000  4570.275837849412
0.02366000  4569.668367844705
0.02368000  4569.06089784
0.02370000  4568.453427835294
0.02372000  4567.845957830588
0.02374000  4567.238487825882
0.02376000  4566.631017821176
0.02378000  4566.02354781647
0.02380000  4565.416077811765
0.02382000  4564.808607807058
0.02384000  4564.201137802353
0.02386000  4563.593667797647
0.02388000  4562.986197792941
0.02390000  4562.378727788235
0.02392000  4561.771257783529
0.02394000  4561.1637877788235
0.02396000  4560.556317774118
0.02398000  4559.948847769411
0.02400000  4559.341377764706
0.02402000  4558.73390776
0.02404000  4558.126437755294
0.02406000  4557.518967750588
0.02408000  4556.911497745882
0.02410000  4556.3040277411765
0.02412000  4555.696557736471
0.02414000  4555.089087731764
0.02416000  4554.481617727059
0.02418000  4553.874147722353
0.02420000  4553.266677717646
0.02422000  4552.659207712941
0.02424000  4552.051737708235
0.02426000  4551.4442677035295
0.02428000  4550.836797698823
0.02430000  4550.229327694117
0.02432000  4549.621857689412
0.02434000  4549.014387684706
0.02436000  4548.406917679999
0.02438000  4547.799447675294
0.02440000  4547.191977670588
0.02442000  4546.5845076658825
0.02444000  4545.977037661176
0.02446000  4545.36956765647
0.02448000  4544.762097651765
0.02450000  4544.154627647059
0.02452000  4543.547157642352
0.02454000  4542.939687637647
0.02456000  4542.332217632941
0.02458000  4541.7247476282355
0.02460000  4541.117277623529
0.02462000  4540.509807618823
0.02464000  4539.902337614118
0.02466000  4539.294867609412
0.02468000  4538.687397604705
0.02470000  4538.0799276
0.02472000  4537.472457595294
0.02474000  4536.864987590588
0.02476000  4536.257517585882
0.02478000  4535.650047581176
0.02480000  4535.042577576471
0.02482000  4534.435107571764
0.02484000  4533.827637567058
0.02486000  4533.220167562353
0.02488000  4532.612697557647
0.02490000  4532.005227552941
0.02492000  4531.397757548235
0.02494000  4530.790287543529
0.02496000  4530.182817538824
0.02498000  4529.575347534117
0.02500000  4528.967877529411
0.02502000  4528.360407524706
0.02504000  4527.75293752
0.02506000  4527.145467515294
0.02508000  4526.537997510588
0.02510000  4525.930527505882
0.02512000  4525.323057501177
0.02514000  4524.71558749647
0.02516000  4524.1081174917645
0.02518000  4523.500647487059
0.02520000  4522.893177482353
0.02522000  4522.285707477647
0.02524000  4521.678237472941
0.02526000  4521.070767468235
0.02528000  4520.46329746353
0.02530000  4519.855827458823
0.02532000  4519.2483574541175
0.02534000  4518.640887449412
0.02536000  4518.033417444705
0.02538000  4517.42594744
0.02540000  4516.818477435294
0.02542000  4516.211007430588
0.02544000  4515.603537425882
0.02546000  4514.996067421176
0.02548000  4514.3885974164705
0.02550000  4513.781127411765
0.02552000  4513.173657407058
0.02554000  4512.566187402353
0.02556000  4511.958717397647
0.02558000  4511.351247392941
0.02560000  4510.743777388235
0.02562000  4510.136307383529
0.02564000  4509.5288373788235
0.02566000  4508.921367374118
0.02568000  4508.313897369411
0.02570000  4507.706427364706
0.02572000  4507.09895736
0.02574000  4506.491487355294
0.02576000  4505.884017350588
0.02578000  4505.276547345882
0.02580000  4504.6690773411765
0.02582000  4504.061607336471
0.02584000  4503.454137331764
0.02586000  4502.846667327059
0.02588000  4502.239197322353
0.02590000  4501.631727317646
0.02592000  4501.024257312941
0.02594000  4500.416787308235
0.02596000  4499.8093173035295
0.02598000  4499.201847298823
0.02600000  4498.594377294117
0.02602000  4497.986907289412
0.02604000  4497.379437284706
0.02606000  4496.771967279999
0.02608000  4496.164497275294
0.02610000  4495.557027270588
0.02612000  4494.9495572658825
0.02614000  4494.342087261176
0.02616000  4493.73461725647
0.02618000  4493.127147251765
0.02620000  4492.519677247059
0.02622000  4491.912207242352
0.02624000  4491.304737237647
0.02626000  4490.697267232941
0.02628000  4490.0897972282355
0.02630000  4489.482327223529
0.02632000  4488.874857218823
0.02634000  4488.267387214118
0.02636000  4487.659917209412
0.02638000  4487.0524472047055
0.02640000  4486.4449772
0.02642000  4485.837507195294
0.02644000  4485.230037190588
0.02646000  4484.622567185882
0.02648000  4484.015097181176
0.02650000  4483.407627176471
0.02652000  4482.800157171764
0.02654000  4482.1926871670585
0.02656000  4481.585217162353
0.02658000  4480.977747157647
0.02660000  4480.370277152941
0.02662000  4479.762807148235
0.02664000  4479.155337143529
0.02666000  4478.547867138824
0.02668000  4477.940397134117
0.02670000  4477.3329271294115
0.02672000  4476.725457124706
0.02674000  4476.11798712
0.02676000  4475.510517115294
0.02678000  4474.903047110588
0.02680000  4474.295577105882
0.02682000  4473.688107101177
0.02684000  4473.08063709647
0.02686000  4472.4731670917645
0.02688000  4471.865697087059
0.02690000  4471.258227082353
0.02692000  4470.650757077647
0.02694000  4470.043287072941
0.02696000  4469.435817068235
0.02698000  4468.828347063529
0.02700000  4468.220877058823
0.02702000  4467.6134070541175
0.02704000  4467.005937049412
0.02706000  4466.398467044705
0.02708000  4465.79099704
0.02710000  4465.183527035294
0.02712000  4464.576057030588
0.02714000  4463.968587025882
0.02716000  4463.361117021176
0.02718000  4462.7536470164705
0.02720000  4462.146177011765
0.02722000  4461.538707007058
0.02724000  4460.931237002353
0.02726000  4460.323766997647
0.02728000  4459.716296992941
0.02730000  4459.108826988235
0.02732000  4458.501356983529
0.02734000  4457.8938869788235
0.02736000  4457.286416974118
0.02738000  4456.678946969411
0.02740000  4456.071476964706
0.02742000  4455.46400696
0.02744000  4454.856536955294
0.02746000  4454.249066950588
0.02748000  4453.641596945882
0.02750000  4453.0341269411765
0.02752000  4452.42665693647
0.02754000  4451.819186931764
0.02756000  4451.211716927059
0.02758000  4450.604246922353
0.02760000  4449.9967769176465
0.02762000  4449.389306912941
0.02764000  4448.781836908235
0.02766000  4448.1743669035295
0.02768000  4447.566896898823
0.02770000  4446.959426894117
0.02772000  4446.351956889412
0.02774000  4445.744486884706
0.02776000  4445.1370168799995
0.02778000  4444.529546875294
0.02780000  4443.922076870588
0.02782000  4443.3146068658825
0.02784000  4442.707136861176
0.02786000  4442.09966685647
0.02788000  4441.492196851765
0.02790000  4440.884726847059
0.02792000  4440.2772568423525
0.02794000  4439.669786837647
0.02796000  4439.062316832941
0.02798000  4438.4548468282355
0.02800000  4437.847376823529
0.02802000  4437.239906818823
0.02804000  4436.632436814118
0.02806000  4436.024966809412
0.02808000  4435.4174968047055
0.02810000  4434.8100268
0.02812000  4434.202556795294
0.02814000  4433.5950867905885
0.02816000  4432.987616785882
0.02818000  4432.380146781176
0.02820000  4431.772676776471
0.02822000  4431.165206771764
0.02824000  4430.5577367670585
0.02826000  4429.950266762353
0.02828000  4429.342796757647
0.02830000  4428.735326752941
0.02832000  4428.127856748235
0.02834000  4427.520386743529
0.02836000  4426.912916738824
0.02838000  4426.305446734117
0.02840000  4425.6979767294115
0.02842000  4425.090506724706
0.02844000  4424.48303672
0.02846000  4423.875566715294
0.02848000  4423.268096710588
0.02850000  4422.660626705882
0.02852000  4422.053156701177
0.02854000  4421.44568669647
0.02856000  4420.8382166917645
0.02858000  4420.230746687059
0.02860000  4419.623276682353
0.02862000  4419.015806677647
0.02864000  4418.408336672941
0.02866000  4417.800866668235
0.02868000  4417.19339666353
0.02870000  4416.585926658823
0.02872000  4415.9784566541175
0.02874000  4415.370986649412
0.02876000  4414.763516644705
0.02878000  4414.15604664
0.02880000  4413.548576635294
0.02882000  4412.941106630588
0.02884000  4412.333636625882
0.02886000  4411.726166621176
0.02888000  4411.1186966164705
0.02890000  4410.511226611765
0.02892000  4409.903756607058
0.02894000  4409.296286602353
0.02896000  4408.688816597647
0.02898000  4408.081346592941
0.02900000  4407.473876588235
0.02902000  4406.866406583529
0.02904000  4406.2589365788235
0.02906000  4405.651466574118
0.02908000  4405.043996569411
0.02910000  4404.436526564706
0.02912000  4403.82905656
0.02914000  4403.221586555294
0.02916000  4402.614116550588
0.02918000  4402.006646545882
0.02920000  4401.3991765411765
0.02922000  4400.791706536471
0.02924000  4400.184236531764
0.02926000  4399.576766527059
0.02928000  4398.969296522353
0.02930000  4398.3618265176465
0.02932000  4397.754356512941
0.02934000  4397.146886508235
0.02936000  4396.5394165035295
0.02938000  4395.931946498823
0.02940000  4395.324476494117
0.02942000  4394.717006489412
0.02944000  4394.109536484706
0.02946000  4393.5020664799995
0.02948000  4392.894596475294
0.02950000  4392.287126470588
0.02952000  4391.6796564658825
0.02954000  4391.072186461176
0.02956000  4390.46471645647
0.02958000  4389.857246451765
0.02960000  4389.249776447059
0.02962000  4388.6423064423525
0.02964000  4388.034836437647
0.02966000  4387.427366432941
0.02968000  4386.819896428236
0.02970000  4386.212426423529
0.02972000  4385.604956418823
0.02974000  4384.997486414118
0.02976000  4384.390016409412
0.02978000  4383.7825464047055
0.02980000  4383.1750764
0.02982000  4382.567606395294
0.02984000  4381.960136390588
0.02986000  4381.352666385882
0.02988000  4380.745196381176
0.02990000  4380.137726376471
0.02992000  4379.530256371764
0.02994000  4378.9227863670585
0.02996000  4378.315316362353
0.02998000  4377.707846357647
0.03000000  4377.100376352941
0.03002000  4376.492906348235
0.03004000  4375.885436343529
0.03006000  4375.277966338824
0.03008000  4374.670496334117
0.03010000  4374.0630263294115
0.03012000  4373.455556324706
0.03014000  4372.84808632
0.03016000  4372.240616315294
0.03018000  4371.633146310588
0.03020000  4371.025676305882
0.03022000  4370.418206301177
0.03024000  4369.81073629647
0.03026000  4369.2032662917645
0.03028000  4368.595796287059
0.03030000  4367.988326282353
0.03032000  4367.380856277647
0.03034000  4366.773386272941
0.03036000  4366.165916268235
0.03038000  4365.558446263529
0.03040000  4364.950976258823
0.03042000  4364.3435062541175
0.03044000  4363.736036249412
0.03046000  4363.128566244705
0.03048000  4362.52109624
0.03050000  4361.913626235294
0.03052000  4361.306156230588
0.03054000  4360.698686225882
0.03056000  4360.091216221176
0.03058000  4359.4837462164705
0.03060000  4358.876276211765
0.03062000  4358.268806207058
0.03064000  4357.661336202353
0.03066000  4357.053866197647
0.03068000  4356.446396192941
0.03070000  4355.838926188235
0.03072000  4355.231456183529
0.03074000  4354.6239861788235
0.03076000  4354.016516174118
0.03078000  4353.409046169411
0.03080000  4352.801576164706
0.03082000  4352.19410616
0.03084000  4351.586636155294
0.03086000  4350.979166150588
0.03088000  4350.371696145882
0.03090000  4349.764226141177
0.03092000  4349.156756136471
0.03094000  4348.549286131764
0.03096000  4347.941816127059
0.03098000  4347.334346122353
0.03100000  4346.726876117647
0.03102000  4346.119406112941
0.03104000  4345.511936108235
0.03106000  4344.90446610353
0.03108000  4344.296996098823
0.03110000  4343.689526094117
0.03112000  4343.082056089412
0.03114000  4342.474586084706
0.03116000  4341.8671160799995
0.03118000  4341.259646075294
0.03120000  4340.652176070588
0.03122000  4340.044706065883
0.03124000  4339.437236061176
0.03126000  4338.82976605647
0.03128000  4338.222296051765
0.03130000  4337.614826047059
0.03132000  4337.0073560423525
0.03134000  4336.399886037647
0.03136000  4335.792416032941
0.03138000  4335.184946028236
0.03140000  4334.577476023529
0.03142000  4333.970006018823
0.03144000  4333.362536014118
0.03146000  4332.755066009412
0.03148000  4332.1475960047055
0.03150000  4331.540126
0.03152000  4330.932655995294
0.03154000  4330.325185990589
0.03156000  4329.717715985882
0.03158000  4329.110245981176
0.03160000  4328.502775976471
0.03162000  4327.895305971764
0.03164000  4327.2878359670585
0.03166000  4326.680365962353
0.03168000  4326.072895957647
0.03170000  4325.465425952941
0.03172000  4324.857955948235
0.03174000  4324.250485943529
0.03176000  4323.643015938824
0.03178000  4323.035545934117
0.03180000  4322.4280759294115
0.03182000  4321.820605924706
0.03184000  4321.21313592
0.03186000  4320.605665915294
0.03188000  4319.998195910588
0.03190000  4319.390725905882
0.03192000  4318.783255901177
0.03194000  4318.17578589647
0.03196000  4317.5683158917645
0.03198000  4316.960845887059
0.03200000  4316.353375882353
0.03202000  4315.745905877647
0.03204000  4315.138435872941
0.03206000  4314.530965868235
0.03208000  4313.92349586353
0.03210000  4313.316025858823
0.03212000  4312.708555854118
0.03214000  4312.101085849412
0.03216000  4311.493615844705
0.03218000  4310.88614584
0.03220000  4310.278675835294
0.03222000  4309.671205830588
0.03224000  4309.063735825882
0.03226000  4308.456265821176
0.03228000  4307.848795816471
0.03230000  4307.241325811765
0.03232000  4306.633855807058
0.03234000  4306.026385802353
0.03236000  4305.418915797647
0.03238000  4304.811445792941
0.03240000  4304.203975788235
0.03242000  4303.596505783529
0.03244000  4302.989035778824
0.03246000  4302.381565774118
0.03248000  4301.774095769411
0.03250000  4301.166625764706
0.03252000  4300.55915576
0.03254000  4299.951685755294
0.03256000  4299.344215750588
0.03258000  4298.736745745882
0.03260000  4298.129275741177
0.03262000  4297.521805736471
0.03264000  4296.914335731764
0.03266000  4296.306865727059
0.03268000  4295.699395722353
0.03270000  4295.0919257176465
0.03272000  4294.484455712941
0.03274000  4293.876985708235
0.03276000  4293.26951570353
0.03278000  4292.662045698823
0.03280000  4292.054575694117
0.03282000  4291.447105689412
0.03284000  4290.839635684706
0.03286000  4290.2321656799995
0.03288000  4289.624695675294
0.03290000  4289.017225670588
0.03292000  4288.409755665883
0.03294000  4287.802285661176
0.03296000  4287.19481565647
0.03298000  4286.587345651765
0.03300000  4285.979875647059
0.03302000  4285.3724056423525
0.03304000  4284.764935637647
0.03306000  4284.157465632941
0.03308000  4283.549995628236
0.03310000  4282.942525623529
0.03312000  4282.335055618823
0.03314000  4281.727585614118
0.03316000  4281.120115609412
0.03318000  4280.5126456047055
0.03320000  4279.9051756
0.03322000  4279.297705595294
0.03324000  4278.690235590588
0.03326000  4278.082765585882
0.03328000  4277.475295581176
0.03330000  4276.867825576471
0.03332000  4276.260355571764
0.03334000  4275.652885567059
0.03336000  4275.045415562353
0.03338000  4274.437945557647
0.03340000  4273.830475552941
0.03342000  4273.223005548235
0.03344000  4272.615535543529
0.03346000  4272.008065538824
0.03348000  4271.400595534117
0.03350000  4270.793125529412
0.03352000  4270.185655524706
0.03354000  4269.57818552
0.03356000  4268.970715515294
0.03358000  4268.363245510588
0.03360000  4267.755775505882
0.03362000  4267.148305501177
0.03364000  4266.54083549647
0.03366000  4265.933365491765
0.03368000  4265.325895487059
0.03370000  4264.718425482353
0.03372000  4264.110955477647
0.03374000  4263.503485472941
0.03376000  4262.896015468235
0.03378000  4262.288545463529
0.03380000  4261.681075458823
0.03382000  4261.073605454118
0.03384000  4260.466135449412
0.03386000  4259.858665444706
0.03388000  4259.25119544
0.03390000  4258.643725435294
0.03392000  4258.036255430588
0.03394000  4257.428785425882
0.03396000  4256.821315421176
0.03398000  4256.213845416471
0.03400000  4255.606375411765
0.03402000  4254.998905407058
0.03404000  4254.391435402353
0.03406000  4253.783965397647
0.03408000  4253.176495392941
0.03410000  4252.569025388235
0.03412000  4251.961555383529
0.03414000  4251.354085378824
0.03416000  4250.746615374118
0.03418000  4250.139145369411
0.03420000  4249.531675364706
0.03422000  4248.92420536
0.03424000  4248.316735355294
0.03426000  4247.709265350588
0.03428000  4247.101795345882
0.03430000  4246.494325341177
0.03432000  4245.88685533647
0.03434000  4245.279385331764
0.03436000  4244.671915327059
0.03438000  4244.064445322353
0.03440000  4243.456975317647
0.03442000  4242.849505312941
0.03444000  4242.242035308235
0.03446000  4241.63456530353
0.03448000  4241.027095298823
0.03450000  4240.419625294117
0.03452000  4239.812155289412
0.03454000  4239.204685284706
0.03456000  4238.59721528
0.03458000  4237.989745275294
0.03460000  4237.382275270588
0.03462000  4236.774805265883
0.03464000  4236.167335261176
0.03466000  4235.55986525647
0.03468000  4234.952395251765
0.03470000  4234.344925247059
0.03472000  4233.737455242353
0.03474000  4233.129985237647
0.03476000  4232.522515232941
0.03478000  4231.915045228236
0.03480000  4231.307575223529
0.03482000  4230.700105218823
0.03484000  4230.092635214118
0.03486000  4229.485165209412
0.03488000  4228.877695204706
0.03490000  4228.2702252
0.03492000  4227.662755195294
0.03494000  4227.055285190589
0.03496000  4226.447815185882
0.03498000  4225.840345181176
0.03500000  4225.232875176471
0.03502000  4224.625405171764
0.03504000  4224.017935167059
0.03506000  4223.410465162353
0.03508000  4222.802995157647
0.03510000  4222.195525152941
0.03512000  4221.588055148235
0.03514000  4220.980585143529
0.03516000  4220.373115138824
0.03518000  4219.765645134117
0.03520000  4219.158175129412
0.03522000  4218.550705124706
0.03524000  4217.94323512
0.03526000  4217.335765115294
0.03528000  4216.728295110588
0.03530000  4216.120825105882
0.03532000  4215.513355101177
0.03534000  4214.90588509647
0.03536000  4214.298415091765
0.03538000  4213.690945087059
0.03540000  4213.083475082353
0.03542000  4212.476005077647
0.03544000  4211.868535072941
0.03546000  4211.261065068235
0.03548000  4210.65359506353
0.03550000  4210.046125058823
0.03552000  4209.438655054118
0.03554000  4208.831185049412
0.03556000  4208.223715044705
0.03558000  4207.61624504
0.03560000  4207.008775035294
0.03562000  4206.401305030588
0.03564000  4205.793835025882
0.03566000  4205.186365021176
0.03568000  4204.578895016471
0.03570000  4203.971425011765
0.03572000  4203.363955007058
0.03574000  4202.756485002353
0.03576000  4202.149014997647
0.03578000  4201.541544992941
0.03580000  4200.934074988235
0.03582000  4200.326604983529
0.03584000  4199.719134978824
0.03586000  4199.111664974118
0.03588000  4198.504194969411
0.03590000  4197.896724964706
0.03592000  4197.28925496
0.03594000  4196.6817849552945
0.03596000  4196.074314950588
0.03598000  4195.466844945882
0.03600000  4194.859374941177
0.03602000  4194.251904936471
0.03604000  4193.644434931764
0.03606000  4193.036964927059
0.03608000  4192.429494922353
0.03610000  4191.822024917647
0.03612000  4191.214554912941
0.03614000  4190.607084908235
0.03616000  4189.99961490353
0.03618000  4189.392144898823
0.03620000  4188.784674894117
0.03622000  4188.177204889412
0.03624000  4187.569734884706
0.03626000  4186.96226488
0.03628000  4186.354794875294
0.03630000  4185.747324870588
0.03632000  4185.139854865883
0.03634000  4184.532384861176
0.03636000  4183.92491485647
0.03638000  4183.317444851765
0.03640000  4182.709974847059
0.03642000  4182.102504842353
0.03644000  4181.495034837647
0.03646000  4180.887564832941
0.03648000  4180.280094828236
0.03650000  4179.672624823529
0.03652000  4179.065154818823
0.03654000  4178.457684814118
0.03656000  4177.850214809412
0.03658000  4177.242744804706
0.03660000  4176.6352748
0.03662000  4176.027804795294
0.03664000  4175.420334790588
0.03666000  4174.812864785882
0.03668000  4174.205394781176
0.03670000  4173.597924776471
0.03672000  4172.990454771765
0.03674000  4172.382984767059
0.03676000  4171.775514762353
0.03678000  4171.168044757647
0.03680000  4170.560574752941
0.03682000  4169.953104748235
0.03684000  4169.345634743529
0.03686000  4168.738164738824
0.03688000  4168.130694734117
0.03690000  4167.523224729412
0.03692000  4166.915754724706
0.03694000  4166.30828472
0.03696000  4165.700814715294
0.03698000  4165.093344710588
0.03700000  4164.485874705882
0.03702000  4163.878404701177
0.03704000  4163.27093469647
0.03706000  4162.663464691765
0.03708000  4162.055994687059
0.03710000  4161.448524682353
0.03712000  4160.841054677647
0.03714000  4160.233584672941
0.03716000  4159.6261146682355
0.03718000  4159.018644663529
0.03720000  4158.411174658823
0.03722000  4157.803704654118
0.03724000  4157.196234649412
0.03726000  4156.588764644706
0.03728000  4155.98129464
0.03730000  4155.373824635294
0.03732000  4154.7663546305885
0.03734000  4154.158884625882
0.03736000  4153.551414621176
0.03738000  4152.943944616471
0.03740000  4152.336474611765
0.03742000  4151.729004607058
0.03744000  4151.121534602353
0.03746000  4150.514064597647
0.03748000  4149.9065945929415
0.03750000  4149.299124588235
0.03752000  4148.691654583529
0.03754000  4148.084184578824
0.03756000  4147.476714574118
0.03758000  4146.869244569411
0.03760000  4146.261774564706
0.03762000  4145.65430456
0.03764000  4145.0468345552945
0.03766000  4144.439364550588
0.03768000  4143.831894545882
0.03770000  4143.224424541177
0.03772000  4142.61695453647
0.03774000  4142.009484531764
0.03776000  4141.402014527059
0.03778000  4140.794544522353
0.03780000  4140.1870745176475
0.03782000  4139.579604512941
0.03784000  4138.972134508235
0.03786000  4138.36466450353
0.03788000  4137.757194498823
0.03790000  4137.149724494117
0.03792000  4136.542254489412
0.03794000  4135.934784484706
0.03796000  4135.32731448
0.03798000  4134.719844475294
0.03800000  4134.112374470588
0.03802000  4133.504904465883
0.03804000  4132.897434461176
0.03806000  4132.28996445647
0.03808000  4131.682494451765
0.03810000  4131.075024447059
0.03812000  4130.467554442353
0.03814000  4129.860084437647
0.03816000  4129.252614432941
0.03818000  4128.645144428236
0.03820000  4128.037674423529
0.03822000  4127.430204418823
0.03824000  4126.822734414118
0.03826000  4126.215264409412
0.03828000  4125.607794404706
0.03830000  4125.0003244
0.03832000  4124.392854395294
0.03834000  4123.785384390589
0.03836000  4123.177914385882
0.03838000  4122.5704443811765
0.03840000  4121.962974376471
0.03842000  4121.355504371764
0.03844000  4120.748034367059
0.03846000  4120.140564362353
0.03848000  4119.533094357647
0.03850000  4118.925624352941
0.03852000  4118.318154348235
0.03854000  4117.7106843435295
0.03856000  4117.103214338824
0.03858000  4116.495744334117
0.03860000  4115.888274329412
0.03862000  4115.280804324706
0.03864000  4114.67333432
0.03866000  4114.065864315294
0.03868000  4113.458394310588
0.03870000  4112.8509243058825
0.03872000  4112.243454301177
0.03874000  4111.63598429647
0.03876000  4111.028514291765
0.03878000  4110.421044287059
0.03880000  4109.813574282353
0.03882000  4109.206104277647
0.03884000  4108.598634272941
0.03886000  4107.9911642682355
0.03888000  4107.38369426353
0.03890000  4106.776224258823
0.03892000  4106.168754254118
0.03894000  4105.561284249412
0.03896000  4104.953814244705
0.03898000  4104.34634424
0.03900000  4103.738874235294
0.03902000  4103.1314042305885
0.03904000  4102.523934225882
0.03906000  4101.916464221176
0.03908000  4101.308994216471
0.03910000  4100.701524211765
0.03912000  4100.094054207058
0.03914000  4099.486584202353
0.03916000  4098.879114197647
0.03918000  4098.2716441929415
0.03920000  4097.664174188235
0.03922000  4097.056704183529
0.03924000  4096.449234178824
0.03926000  4095.8417641741175
0.03928000  4095.234294169412
0.03930000  4094.626824164706
0.03932000  4094.01935416
0.03934000  4093.411884155294
0.03936000  4092.8044141505884
0.03938000  4092.1969441458823
0.03940000  4091.5894741411767
0.03942000  4090.9820041364706
0.03944000  4090.3745341317644
0.03946000  4089.767064127059
0.03948000  4089.159594122353
0.03950000  4088.552124117647
0.03952000  4087.944654112941
0.03954000  4087.3371841082353
0.03956000  4086.7297141035297
0.03958000  4086.1222440988236
0.03960000  4085.5147740941175
0.03962000  4084.907304089412
0.03964000  4084.2998340847057
0.03966000  4083.69236408
0.03968000  4083.084894075294
0.03970000  4082.4774240705883
0.03972000  4081.869954065882
0.03974000  4081.2624840611766
0.03976000  4080.6550140564705
0.03978000  4080.047544051765
0.03980000  4079.4400740470587
0.03982000  4078.832604042353
0.03984000  4078.225134037647
0.03986000  4077.6176640329413
0.03988000  4077.010194028235
0.03990000  4076.4027240235296
0.03992000  4075.7952540188235
0.03994000  4075.187784014118
0.03996000  4074.5803140094117
0.03998000  4073.9728440047056
0.04000000  4073.365374
0.04002000  4068.850552
0.04004000  4064.687158
0.04006000  4060.849111
0.04008000  4057.295023
0.04010000  4053.776198
0.04012000  4049.572588
0.04014000  4043.930169
0.04016000  4036.338949
0.04018000  4026.201744
0.04020000  4012.859019
0.04022000  3994.72082
0.04024000  3967.011181
0.04026000  3923.878112
0.04028000  3857.98342
0.04030000  3759.049046
0.04032000  3613.078255
0.04034000  3403.385747
0.04036000  3115.881397
0.04038000  2757.740797
0.04040000  2374.156006
0.04042000  1999.964632
0.04044000  1632.961731
0.04046000  1251.648463
0.04048000  852.99685
0.04050000  505.552152
0.04052000  289.729155
0.04054000  179.955901
0.04056000  131.347283
0.04058000  116.603377
0.04060000  130.348484
0.04062000  184.29848
0.04064000  309.417447
0.04066000  549.587714
0.04068000  920.379725
0.04070000  1393.647063
0.04072000  1918.554861
0.04074000  2440.605793
0.04076000  2918.236691
0.04078000  3326.0742
0.04080000  3652.297597
0.04082000  3899.860477
0.04084000  4081.834775
0.04086000  4213.925669
0.04088000  4309.792262
0.04090000  4379.789874
0.04092000  4431.34107
0.04094000  4469.641704
0.04096000  4498.323245
0.04098000  4519.956139
0.04100000  4536.370403
0.04102000  4548.878386
0.04104000  4558.435312
0.04106000  4565.752445
0.04108000  4571.349729
0.04110000  4575.6354
0.04112000  4578.91111
0.04114000  4581.408356
0.04116000  4583.299049
0.04118000  4584.720591
0.04120000  4585.774892
0.04122000  4586.540454
0.04124000  4587.081204
0.04126000  4587.449607
0.04128000  4587.681444
0.04130000  4587.812322
0.04132000  4587.866846
0.04134000  4587.869572
0.04136000  4587.839585
0.04138000  4587.790511
0.04140000  4587.741434
0.04142000  4587.689625
0.04144000  4587.640538
0.04146000  4587.594175
0.04148000  4587.553263
0.04150000  4587.520532
0.04152000  4587.495982
0.04154000  4587.476887
0.04156000  4587.465975
0.04158000  4587.460519
0.04160000  4587.457791
0.04162000  4587.463247
0.04164000  4587.471431
0.04166000  4587.482343
0.04168000  4587.495982
0.04170000  4587.512349
0.04172000  4587.528715
0.04174000  4587.547808
0.04176000  4587.569628
0.04178000  4587.591448
0.04180000  4587.615994
0.04182000  4587.637811
0.04184000  4587.662355
0.04186000  4587.689625
0.04188000  4587.714166
0.04190000  4587.741434
0.04192000  4587.7687
0.04194000  4587.795964
0.04196000  4587.823228
0.04198000  4587.853216
0.04200000  4587.883203
0.04202000  4587.910462
0.04204000  4587.940446
0.04206000  4587.973153
0.04208000  4588.003134
0.04210000  4588.033113
0.04212000  4588.065815
0.04214000  4588.095791
0.04216000  4588.12849
0.04218000  4588.161187
0.04220000  4588.193882
0.04222000  4588.226575
0.04224000  4588.261991
0.04226000  4588.29468
0.04228000  4588.330092
0.04230000  4588.362777
0.04232000  4588.398185
0.04234000  4588.43359
0.04236000  4588.468993
0.04238000  4588.504394
0.04240000  4588.539792
0.04242000  4588.575189
0.04244000  4588.610583
0.04246000  4588.648697
0.04248000  4588.684087
0.04250000  4588.722197
0.04252000  4588.760304
0.04254000  4588.798408
0.04256000  4588.833789
0.04258000  4588.871889
0.04260000  4588.909986
0.04262000  4588.950801
0.04264000  4588.988893
0.04266000  4589.026983
0.04268000  4589.065069
0.04270000  4589.105874
0.04272000  4589.143956
0.04274000  4589.184755
0.04276000  4589.225551
0.04278000  4589.263624
0.04280000  4589.304415
0.04282000  4589.345202
0.04284000  4589.385987
0.04286000  4589.426769
0.04288000  4589.467548
0.04290000  4589.508324
0.04292000  4589.549097
0.04294000  4589.589867
0.04296000  4589.630634
0.04298000  4589.671399
0.04300000  4589.714878
0.04302000  4589.107407995294
0.04304000  4588.499937990588
0.04306000  4587.892467985882
0.04308000  4587.284997981176
0.04310000  4586.677527976471
0.04312000  4586.070057971764
0.04314000  4585.462587967058
0.04316000  4584.855117962353
0.04318000  4584.247647957647
0.04320000  4583.640177952941
0.04322000  4583.032707948235
0.04324000  4582.425237943529
0.04326000  4581.817767938824
0.04328000  4581.210297934117
0.04330000  4580.602827929411
0.04332000  4579.995357924706
0.04334000  4579.38788792
0.04336000  4578.780417915294
0.04338000  4578.172947910588
0.04340000  4577.565477905882
0.04342000  4576.958007901177
0.04344000  4576.35053789647
0.04346000  4575.743067891764
0.04348000  4575.135597887059
0.04350000  4574.528127882353
0.04352000  4573.920657877647
0.04354000  4573.313187872941
0.04356000  4572.705717868235
0.04358000  4572.098247863529
0.04360000  4571.490777858823
0.04362000  4570.883307854117
0.04364000  4570.275837849412
0.04366000  4569.668367844705
0.04368000  4569.06089784
0.04370000  4568.453427835294
0.04372000  4567.845957830588
0.04374000  4567.238487825882
0.04376000  4566.631017821176
0.04378000  4566.02354781647
0.04380000  4565.416077811765
0.04382000  4564.808607807058
0.04384000  4564.201137802353
0.04386000  4563.593667797647
0.04388000  4562.986197792941
0.04390000  4562.378727788235
0.04392000  4561.771257783529
0.04394000  4561.1637877788235
0.04396000  4560.556317774118
0.04398000  4559.948847769411
0.04400000  4559.341377764706
0.04402000  4558.73390776
0.04404000  4558.126437755294
0.04406000  4557.518967750588
0.04408000  4556.911497745882
0.04410000  4556.3040277411765
0.04412000  4555.696557736471
0.04414000  4555.089087731764
0.04416000  4554.481617727059
0.04418000  4553.874147722353
0.04420000  4553.266677717646
0.04422000  4552.659207712941
0.04424000  4552.051737708235
0.04426000  4551.4442677035295
0.04428000  4550.836797698823
0.04430000  4550.229327694117
0.04432000  4549.621857689412
0.04434000  4549.014387684706
0.04436000  4548.406917679999
0.04438000  4547.799447675294
0.04440000  4547.191977670588
0.04442000  4546.5845076658825
0.04444000  4545.977037661176
0.04446000  4545.36956765647
0.04448000  4544.762097651765
0.04450000  4544.154627647059
0.04452000  4543.547157642352
0.04454000  4542.939687637647
0.04456000  4542.332217632941
0.04458000  4541.7247476282355
0.04460000  4541.117277623529
0.04462000  4540.509807618823
0.04464000  4539.902337614118
0.04466000  4539.294867609412
0.04468000  4538.687397604705
0.04470000  4538.0799276
0.04472000  4537.472457595294
0.04474000  4536.864987590588
0.04476000  4536.257517585882
0.04478000  4535.650047581176
0.04480000  4535.042577576471
0.04482000  4534.435107571764
0.04484000  4533.827637567058
0.04486000  4533.220167562353
0.04488000  4532.612697557647
0.04490000  4532.005227552941
0.04492000  4531.397757548235
0.04494000  4530.790287543529
0.04496000  4530.182817538824
0.04498000  4529.575347534117
0.04500000  4528.967877529411
0.04502000  4528.360407524706
0.04504000  4527.75293752
0.04506000  4527.145467515294
0.04508000  4526.537997510588
0.04510000  4525.930527505882
0.04512000  4525.323057501177
0.04514000  4524.71558749647
0.04516000  4524.1081174917645
0.04518000  4523.500647487059
0.04520000  4522.893177482353
0.04522000  4522.285707477647
0.04524000  4521.678237472941
0.04526000  4521.070767468235
0.04528000  4520.46329746353
0.04530000  4519.855827458823
0.04532000  4519.2483574541175
0.04534000  4518.640887449412
0.04536000  4518.033417444705
0.04538000  4517.42594744
0.04540000  4516.818477435294
0.04542000  4516.211007430588
0.04544000  4515.603537425882
0.04546000  4514.996067421176
0.04548000  4514.3885974164705
0.04550000  4513.781127411765
0.04552000  4513.173657407058
0.04554000  4512.566187402353
0.04556000  4511.958717397647
0.04558000  4511.351247392941
0.04560000  4510.743777388235
0.04562000  4510.136307383529
0.04564000  4509.5288373788235
0.04566000  4508.921367374118
0.04568000  4508.313897369411
0.04570000  4507.706427364706
0.04572000  4507.09895736
0.04574000  4506.491487355294
0.04576000  4505.884017350588
0.04578000  4505.276547345882
0.04580000  4504.6690773411765
0.04582000  4504.061607336471
0.04584000  4503.454137331764
0.04586000  4502.846667327059
0.04588000  4502.239197322353
0.04590000  4501.631727317646
0.04592000  4501.024257312941
0.04594000  4500.416787308235
0.04596000  4499.8093173035295
0.04598000  4499.201847298823
0.04600000  4498.594377294117
0.04602000  4497.986907289412
0.04604000  4497.379437284706
0.04606000  4496.771967279999
0.04608000  4496.164497275294
0.04610000  4495.557027270588
0.04612000  4494.9495572658825
0.04614000  4494.342087261176
0.04616000  4493.73461725647
0.04618000  4493.127147251765
0.04620000  4492.519677247059
0.04622000  4491.912207242352
0.04624000  4491.304737237647
0.04626000  4490.697267232941
0.04628000  4490.0897972282355
0.04630000  4489.482327223529
0.04632000  4488.874857218823
0.04634000  4488.267387214118
0.04636000  4487.659917209412
0.04638000  4487.0524472047055
0.04640000  4486.4449772
0.04642000  4485.837507195294
0.04644000  4485.230037190588
0.04646000  4484.622567185882
0.04648000  4484.015097181176
0.04650000  4483.407627176471
0.04652000  4482.800157171764
0.04654000  4482.1926871670585
0.04656000  4481.585217162353
0.04658000  4480.977747157647
0.04660000  4480.370277152941
0.04662000  4479.762807148235
0.04664000  4479.155337143529
0.04666000  4478.547867138824
0.04668000  4477.940397134117
0.04670000  4477.3329271294115
0.04672000  4476.725457124706
0.04674000  4476.11798712
0.04676000  4475.510517115294
0.04678000  4474.903047110588
0.04680000  4474.295577105882
0.04682000  4473.688107101177
0.04684000  4473.08063709647
0.04686000  4472.4731670917645
0.04688000  4471.865697087059
0.04690000  4471.258227082353
0.04692000  4470.650757077647
0.04694000  4470.043287072941
0.04696000  4469.435817068235
0.04698000  4468.828347063529
0.04700000  4468.220877058823
0.04702000  4467.6134070541175
0.04704000  4467.005937049412
0.04706000  4466.398467044705
0.04708000  4465.79099704
0.04710000  4465.183527035294
0.04712000  4464.576057030588
0.04714000  4463.968587025882
0.04716000  4463.361117021176
0.04718000  4462.7536470164705
0.04720000  4462.146177011765
0.04722000  4461.538707007058
0.04724000  4460.931237002353
0.04726000  4460.323766997647
0.04728000  4459.716296992941
0.04730000  4459.108826988235
0.04732000  4458.501356983529
0.04734000  4457.8938869788235
0.04736000  4457.286416974118
0.04738000  4456.678946969411
0.04740000  4456.071476964706
0.04742000  4455.46400696
0.04744000  4454.856536955294
0.04746000  4454.249066950588
0.04748000  4453.641596945882
0.04750000  4453.0341269411765
0.04752000  4452.42665693647
0.04754000  4451.819186931764
0.04756000  4451.211716927059
0.04758000  4450.604246922353
0.04760000  4449.9967769176465
0.04762000  4449.389306912941
0.04764000  4448.781836908235
0.04766000  4448.1743669035295
0.04768000  4447.566896898823
0.04770000  4446.959426894117
0.04772000  4446.351956889412
0.04774000  4445.744486884706
0.04776000  4445.1370168799995
0.04778000  4444.529546875294
0.04780000  4443.922076870588
0.04782000  4443.3146068658825
0.04784000  4442.707136861176
0.04786000  4442.09966685647
0.04788000  4441.492196851765
0.04790000  4440.884726847059
0.04792000  4440.2772568423525
0.04794000  4439.669786837647
0.04796000  4439.062316832941
0.04798000  4438.4548468282355
0.04800000  4437.847376823529
0.04802000  4437.239906818823
0.04804000  4436.632436814118
0.04806000  4436.024966809412
0.04808000  4435.4174968047055
0.04810000  4434.8100268
0.04812000  4434.202556795294
0.04814000  4433.5950867905885
0.04816000  4432.987616785882
0.04818000  4432.380146781176
0.04820000  4431.772676776471
0.04822000  4431.165206771764
0.04824000  4430.5577367670585
0.04826000  4429.950266762353
0.04828000  4429.342796757647
0.04830000  4428.735326752941
0.04832000  4428.127856748235
0.04834000  4427.520386743529
0.04836000  4426.912916738824
0.04838000  4426.305446734117
0.04840000  4425.6979767294115
0.04842000  4425.090506724706
0.04844000  4424.48303672
0.04846000  4423.875566715294
0.04848000  4423.268096710588
0.04850000  4422.660626705882
0.04852000  4422.053156701177
0.04854000  4421.44568669647
0.04856000  4420.8382166917645
0.04858000  4420.230746687059
0.04860000  4419.623276682353
0.04862000  4419.015806677647
0.04864000  4418.408336672941
0.04866000  4417.800866668235
0.04868000  4417.19339666353
0.04870000  4416.585926658823
0.04872000  4415.9784566541175
0.04874000  4415.370986649412
0.04876000  4414.763516644705
0.04878000  4414.15604664
0.04880000  4413.548576635294
0.04882000  4412.941106630588
0.04884000  4412.333636625882
0.04886000  4411.726166621176
0.04888000  4411.1186966164705
0.04890000  4410.511226611765
0.04892000  4409.903756607058
0.04894000  4409.296286602353
0.04896000  4408.688816597647
0.04898000  4408.081346592941
0.04900000  4407.473876588235
0.04902000  4406.866406583529
0.04904000  4406.2589365788235
0.04906000  4405.651466574118
0.04908000  4405.043996569411
0.04910000  4404.436526564706
0.04912000  4403.82905656
0.04914000  4403.221586555294
0.04916000  4402.614116550588
0.04918000  4402.006646545882
0.04920000  4401.3991765411765
0.04922000  4400.791706536471
0.04924000  4400.184236531764
0.04926000  4399.576766527059
0.04928000  4398.969296522353
0.04930000  4398.3618265176465
0.04932000  4397.754356512941
0.04934000  4397.146886508235
0.04936000  4396.5394165035295
0.04938000  4395.931946498823
0.04940000  4395.324476494117
0.04942000  4394.717006489412
0.04944000  4394.109536484706
0.04946000  4393.5020664799995
0.04948000  4392.894596475294
0.04950000  4392.287126470588
0.04952000  4391.6796564658825
0.04954000  4391.072186461176
0.04956000  4390.46471645647
0.04958000  4389.857246451765
0.04960000  4389.249776447059
0.04962000  4388.6423064423525
0.04964000  4388.034836437647
0.04966000  4387.427366432941
0.04968000  4386.819896428236
0.04970000  4386.212426423529
0.04972000  4385.604956418823
0.04974000  4384.997486414118
0.04976000  4384.390016409412
0.04978000  4383.7825464047055
0.04980000  4383.1750764
0.04982000  4382.567606395294
0.04984000  4381.960136390588
0.04986000  4381.352666385882
0.04988000  4380.745196381176
0.04990000  4380.137726376471
0.04992000  4379.530256371764
0.04994000  4378.9227863670585
0.04996000  4378.315316362353
0.04998000  4377.707846357647
0.05000000  4377.100376352941
0.05002000  4376.492906348235
0.05004000  4375.885436343529
0.05006000  4375.277966338824
0.05008000  4374.670496334117
0.05010000  4374.0630263294115
0.05012000  4373.455556324706
0.05014000  4372.84808632
0.05016000  4372.240616315294
0.05018000  4371.633146310588
0.05020000  4371.025676305882
0.05022000  4370.418206301177
0.05024000  4369.81073629647
0.05026000  4369.2032662917645
0.05028000  4368.595796287059
0.05030000  4367.988326282353
0.05032000  4367.380856277647
0.05034000  4366.773386272941
0.05036000  4366.165916268235
0.05038000  4365.558446263529
0.05040000  4364.950976258823
0.05042000  4364.3435062541175
0.05044000  4363.736036249412
0.05046000  4363.128566244705
0.05048000  4362.52109624
0.05050000  4361.913626235294
0.05052000  4361.306156230588
0.05054000  4360.698686225882
0.05056000  4360.091216221176
0.05058000  4359.4837462164705
0.05060000  4358.876276211765
0.05062000  4358.268806207058
0.05064000  4357.661336202353
0.05066000  4357.053866197647
0.05068000  4356.446396192941
0.05070000  4355.838926188235
0.05072000  4355.231456183529
0.05074000  4354.6239861788235
0.05076000  4354.016516174118
0.05078000  4353.409046169411
0.05080000  4352.801576164706
0.05082000  4352.19410616
0.05084000  4351.586636155294
0.05086000  4350.979166150588
0.05088000  4350.371696145882
0.05090000  4349.764226141177
0.05092000  4349.156756136471
0.05094000  4348.549286131764
0.05096000  4347.941816127059
0.05098000  4347.334346122353
0.05100000  4346.726876117647
0.05102000  4346.119406112941
0.05104000  4345.511936108235
0.05106000  4344.90446610353
0.05108000  4344.296996098823
0.05110000  4343.689526094117
0.05112000  4343.082056089412
0.05114000  4342.474586084706
0.05116000  4341.8671160799995
0.05118000  4341.259646075294
0.05120000  4340.652176070588
0.05122000  4340.044706065883
0.05124000  4339.437236061176
0.05126000  4338.82976605647
0.05128000  4338.222296051765
0.05130000  4337.614826047059
0.05132000  4337.0073560423525
0.05134000  4336.399886037647
0.05136000  4335.792416032941
0.05138000  4335.184946028236
0.05140000  4334.577476023529
0.05142000  4333.970006018823
0.05144000  4333.362536014118
0.05146000  4332.755066009412
0.05148000  4332.1475960047055
0.05150000  4331.540126
0.05152000  4330.932655995294
0.05154000  4330.325185990589
0.05156000  4329.717715985882
0.05158000  4329.110245981176
0.05160000  4328.502775976471
0.05162000  4327.895305971764
0.05164000  4327.2878359670585
0.05166000  4326.680365962353
0.05168000  4326.072895957647
0.05170000  4325.465425952941
0.05172000  4324.857955948235
0.05174000  4324.250485943529
0.05176000  4323.643015938824
0.05178000  4323.035545934117
0.05180000  4322.4280759294115
0.05182000  4321.820605924706
0.05184000  4321.21313592
0.05186000  4320.605665915294
0.05188000  4319.998195910588
0.05190000  4319.390725905882
0.05192000  4318.783255901177
0.05194000  4318.17578589647
0.05196000  4317.5683158917645
0.05198000  4316.960845887059
0.05200000  4316.353375882353
0.05202000  4315.745905877647
0.05204000  4315.138435872941
0.05206000  4314.530965868235
0.05208000  4313.92349586353
0.05210000  4313.316025858823
0.05212000  4312.708555854118
0.05214000  4312.101085849412
0.05216000  4311.493615844705
0.05218000  4310.88614584
0.05220000  4310.278675835294
0.05222000  4309.671205830588
0.05224000  4309.063735825882
0.05226000  4308.456265821176
0.05228000  4307.848795816471
0.05230000  4307.241325811765
0.05232000  4306.633855807058
0.05234000  4306.026385802353
0.05236000  4305.418915797647
0.05238000  4304.811445792941
0.05240000  4304.203975788235
0.05242000  4303.596505783529
0.05244000  4302.989035778824
0.05246000  4302.381565774118
0.05248000  4301.774095769411
0.05250000  4301.166625764706
0.05252000  4300.55915576
0.05254000  4299.951685755294
0.05256000  4299.344215750588
0.05258000  4298.736745745882
0.05260000  4298.129275741177
0.05262000  4297.521805736471
0.05264000  4296.914335731764
0.05266000  4296.306865727059
0.05268000  4295.699395722353
0.05270000  4295.0919257176465
0.05272000  4294.484455712941
0.05274000  4293.876985708235
0.05276000  4293.26951570353
0.05278000  4292.662045698823
0.05280000  4292.054575694117
0.05282000  4291.447105689412
0.05284000  4290.839635684706
0.05286000  4290.2321656799995
0.05288000  4289.624695675294
0.05290000  4289.017225670588
0.05292000  4288.409755665883
0.05294000  4287.802285661176
0.05296000  4287.19481565647
0.05298000  4286.587345651765
0.05300000  4285.979875647059
0.05302000  4285.3724056423525
0.05304000  4284.764935637647
0.05306000  4284.157465632941
0.05308000  4283.549995628236
0.05310000  4282.942525623529
0.05312000  4282.335055618823
0.05314000  4281.727585614118
0.05316000  4281.120115609412
0.05318000  4280.5126456047055
0.05320000  4279.9051756
0.05322000  4279.297705595294
0.05324000  4278.690235590588
0.05326000  4278.082765585882
0.05328000  4277.475295581176
0.05330000  4276.867825576471
0.05332000  4276.260355571764
0.05334000  4275.652885567059
0.05336000  4275.045415562353
0.05338000  4274.437945557647
0.05340000  4273.830475552941
0.05342000  4273.223005548235
0.05344000  4272.615535543529
0.05346000  4272.008065538824
0.05348000  4271.400595534117
0.05350000  4270.793125529412
0.05352000  4270.185655524706
0.05354000  4269.57818552
0.05356000  4268.970715515294
0.05358000  4268.363245510588
0.05360000  4267.755775505882
0.05362000  4267.148305501177
0.05364000  4266.54083549647
0.05366000  4265.933365491765
0.05368000  4265.325895487059
0.05370000  4264.718425482353
0.05372000  4264.110955477647
0.05374000  4263.503485472941
0.05376000  4262.896015468235
0.05378000  4262.288545463529
0.05380000  4261.681075458823
0.05382000  4261.073605454118
0.05384000  4260.466135449412
0.05386000  4259.858665444706
0.05388000  4259.25119544
0.05390000  4258.643725435294
0.05392000  4258.036255430588
0.05394000  4257.428785425882
0.05396000  4256.821315421176
0.05398000  4256.213845416471
0.05400000  4255.606375411765
0.05402000  4254.998905407058
0.05404000  4254.391435402353
0.05406000  4253.783965397647
0.05408000  4253.176495392941
0.05410000  4252.569025388235
0.05412000  4251.961555383529
0.05414000  4251.354085378824
0.05416000  4250.746615374118
0.05418000  4250.139145369411
0.05420000  4249.531675364706
0.05422000  4248.92420536
0.05424000  4248.316735355294
0.05426000  4247.709265350588
0.05428000  4247.101795345882
0.05430000  4246.494325341177
0.05432000  4245.88685533647
0.05434000  4245.279385331764
0.05436000  4244.671915327059
0.05438000  4244.064445322353
0.05440000  4243.456975317647
0.05442000  4242.849505312941
0.05444000  4242.242035308235
0.05446000  4241.63456530353
0.05448000  4241.027095298823
0.05450000  4240.419625294117
0.05452000  4239.812155289412
0.05454000  4239.204685284706
0.05456000  4238.59721528
0.05458000  4237.989745275294
0.05460000  4237.382275270588
0.05462000  4236.774805265883
0.05464000  4236.167335261176
0.05466000  4235.55986525647
0.05468000  4234.952395251765
0.05470000  4234.344925247059
0.05472000  4233.737455242353
0.05474000  4233.129985237647
0.05476000  4232.522515232941
0.05478000  4231.915045228236
0.05480000  4231.307575223529
0.05482000  4230.700105218823
0.05484000  4230.092635214118
0.05486000  4229.485165209412
0.05488000  4228.877695204706
0.05490000  4228.2702252
0.05492000  4227.662755195294
0.05494000  4227.055285190589
0.05496000  4226.447815185882
0.05498000  4225.840345181176
0.05500000  4225.232875176471
0.05502000  4224.625405171764
0.05504000  4224.017935167059
0.05506000  4223.410465162353
0.05508000  4222.802995157647
0.05510000  4222.195525152941
0.05512000  4221.588055148235
0.05514000  4220.980585143529
0.05516000  4220.373115138824
0.05518000  4219.765645134117
0.05520000  4219.158175129412
0.05522000  4218.550705124706
0.05524000  4217.94323512
0.05526000  4217.335765115294
0.05528000  4216.728295110588
0.05530000  4216.120825105882
0.05532000  4215.513355101177
0.05534000  4214.90588509647
0.05536000  4214.298415091765
0.05538000  4213.690945087059
0.05540000  4213.083475082353
0.05542000  4212.476005077647
0.05544000  4211.868535072941
0.05546000  4211.261065068235
0.05548000  4210.65359506353
0.05550000  4210.046125058823
0.05552000  4209.438655054118
0.05554000  4208.831185049412
0.05556000  4208.223715044705
0.05558000  4207.61624504
0.05560000  4207.008775035294
0.05562000  4206.401305030588
0.05564000  4205.793835025882
0.05566000  4205.186365021176
0.05568000  4204.578895016471
0.05570000  4203.971425011765
0.05572000  4203.363955007058
0.05574000  4202.756485002353
0.05576000  4202.149014997647
0.05578000  4201.541544992941
0.05580000  4200.934074988235
0.05582000  4200.326604983529
0.05584000  4199.719134978824
0.05586000  4199.111664974118
0.05588000  4198.504194969411
0.05590000  4197.896724964706
0.05592000  4197.28925496
0.05594000  4196.6817849552945
0.05596000  4196.074314950588
0.05598000  4195.466844945882
0.05600000  4194.859374941177
0.05602000  4194.251904936471
0.05604000  4193.644434931764
0.05606000  4193.036964927059
0.05608000  4192.429494922353
0.05610000  4191.822024917647
0.05612000  4191.214554912941
0.05614000  4190.607084908235
0.05616000  4189.99961490353
0.05618000  4189.392144898823
0.05620000  4188.784674894117
0.05622000  4188.177204889412
0.05624000  4187.569734884706
0.05626000  4186.96226488
0.05628000  4186.354794875294
0.05630000  4185.747324870588
0.05632000  4185.139854865883
0.05634000  4184.532384861176
0.05636000  4183.92491485647
0.05638000  4183.317444851765
0.05640000  4182.709974847059
0.05642000  4182.102504842353
0.05644000  4181.495034837647
0.05646000  4180.887564832941
0.05648000  4180.280094828236
0.05650000  4179.672624823529
0.05652000  4179.065154818823
0.05654000  4178.457684814118
0.05656000  4177.850214809412
0.05658000  4177.242744804706
0.05660000  4176.6352748
0.05662000  4176.027804795294
0.05664000  4175.420334790588
0.05666000  4174.812864785882
0.05668000  4174.205394781176
0.05670000  4173.597924776471
0.05672000  4172.990454771765
0.05674000  4172.382984767059
0.05676000  4171.775514762353
0.05678000  4171.168044757647
0.05680000  4170.560574752941
0.05682000  4169.953104748235
0.05684000  4169.345634743529
0.05686000  4168.738164738824
0.05688000  4168.130694734117
0.05690000  4167.523224729412
0.05692000  4166.915754724706
0.05694000  4166.30828472
0.05696000  4165.700814715294
0.05698000  4165.093344710588
0.05700000  4164.485874705882
0.05702000  4163.878404701177
0.05704000  4163.27093469647
0.05706000  4162.663464691765
0.05708000  4162.055994687059
0.05710000  4161.448524682353
0.05712000  4160.841054677647
0.05714000  4160.233584672941
0.05716000  4159.6261146682355
0.05718000  4159.018644663529
0.05720000  4158.411174658823
0.05722000  4157.803704654118
0.05724000  4157.196234649412
0.05726000  4156.588764644706
0.05728000  4155.98129464
0.05730000  4155.373824635294
0.05732000  4154.7663546305885
0.05734000  4154.158884625882
0.05736000  4153.551414621176
0.05738000  4152.943944616471
0.05740000  4152.336474611765
0.05742000  4151.729004607058
0.05744000  4151.121534602353
0.05746000  4150.514064597647
0.05748000  4149.9065945929415
0.05750000  4149.299124588235
0.05752000  4148.691654583529
0.05754000  4148.084184578824
0.05756000  4147.476714574118
0.05758000  4146.869244569411
0.05760000  4146.261774564706
0.05762000  4145.65430456
0.05764000  4145.0468345552945
0.05766000  4144.439364550588
0.05768000  4143.831894545882
0.05770000  4143.224424541177
0.05772000  4142.61695453647
0.05774000  4142.009484531764
0.05776000  4141.402014527059
0.05778000  4140.794544522353
0.05780000  4140.1870745176475
0.05782000  4139.579604512941
0.05784000  4138.972134508235
0.05786000  4138.36466450353
0.05788000  4137.757194498823
0.05790000  4137.149724494117
0.05792000  4136.542254489412
0.05794000  4135.934784484706
0.05796000  4135.32731448
0.05798000  4134.719844475294
0.05800000  4134.112374470588
0.05802000  4133.504904465883
0.05804000  4132.897434461176
0.05806000  4132.28996445647
0.05808000  4131.682494451765
0.05810000  4131.075024447059
0.05812000  4130.467554442353
0.05814000  4129.860084437647
0.05816000  4129.252614432941
0.05818000  4128.645144428236
0.05820000  4128.037674423529
0.05822000  4127.430204418823
0.05824000  4126.822734414118
0.05826000  4126.215264409412
0.05828000  4125.607794404706
0.05830000  4125.0003244
0.05832000  4124.392854395294
0.05834000  4123.785384390589
0.05836000  4123.177914385882
0.05838000  4122.5704443811765
0.05840000  4121.962974376471
0.05842000  4121.355504371764
0.05844000  4120.748034367059
0.05846000  4120.140564362353
0.05848000  4119.533094357647
0.05850000  4118.925624352941
0.05852000  4118.318154348235
0.05854000  4117.7106843435295
0.05856000  4117.103214338824
0.05858000  4116.495744334117
0.05860000  4115.888274329412
0.05862000  4115.280804324706
0.05864000  4114.67333432
0.05866000  4114.065864315294
0.05868000  4113.458394310588
0.05870000  4112.8509243058825
0.05872000  4112.243454301177
0.05874000  4111.63598429647
0.05876000  4111.028514291765
0.05878000  4110.421044287059
0.05880000  4109.813574282353
0.05882000  4109.206104277647
0.05884000  4108.598634272941
0.05886000  4107.9911642682355
0.05888000  4107.38369426353
0.05890000  4106.776224258823
0.05892000  4106.168754254118
0.05894000  4105.561284249412
0.05896000  4104.953814244705
0.05898000  4104.34634424
0.05900000  4103.738874235294
0.05902000  4103.1314042305885
0.05904000  4102.523934225882
0.05906000  4101.916464221176
0.05908000  4101.308994216471
0.05910000  4100.701524211765
0.05912000  4100.094054207058
0.05914000  4099.486584202353
0.05916000  4098.879114197647
0.05918000  4098.2716441929415
0.05920000  4097.664174188235
0.05922000  4097.056704183529
0.05924000  4096.449234178824
0.05926000  4095.8417641741175
0.05928000  4095.234294169412
0.05930000  4094.626824164706
0.05932000  4094.01935416
0.05934000  4093.411884155294
0.05936000  4092.8044141505884
0.05938000  4092.1969441458823
0.05940000  4091.5894741411767
0.05942000  4090.9820041364706
0.05944000  4090.3745341317644
0.05946000  4089.767064127059
0.05948000  4089.159594122353
0.05950000  4088.552124117647
0.05952000  4087.944654112941
0.05954000  4087.3371841082353
0.05956000  4086.7297141035297
0.05958000  4086.1222440988236
0.05960000  4085.5147740941175
0.05962000  4084.907304089412
0.05964000  4084.2998340847057
0.05966000  4083.69236408
0.05968000  4083.084894075294
0.05970000  4082.4774240705883
0.05972000  4081.869954065882
0.05974000  4081.2624840611766
0.05976000  4080.6550140564705
0.05978000  4080.047544051765
0.05980000  4079.4400740470587
0.05982000  4078.832604042353
0.05984000  4078.225134037647
0.05986000  4077.6176640329413
0.05988000  4077.010194028235
0.05990000  4076.4027240235296
0.05992000  4075.7952540188235
0.05994000  4075.187784014118
0.05996000  4074.5803140094117
0.05998000  4073.9728440047056
0.06000000  4073.365374
0.06002000  4068.850552
0.06004000  4064.687158
0.06006000  4060.849111
0.06008000  4057.295023
0.06010000  4053.776198
0.06012000  4049.572588
0.06014000  4043.930169
0.06016000  4036.338949
0.06018000  4026.201744
0.06020000  4012.859019
0.06022000  3994.72082
0.06024000  3967.011181
0.06026000  3923.878112
0.06028000  3857.98342
0.06030000  3759.049046
0.06032000  3613.078255
0.06034000  3403.385747
0.06036000  3115.881397
0.06038000  2757.740797
0.06040000  2374.156006
0.06042000  1999.964632
0.06044000  1632.961731
0.06046000  1251.648463
0.06048000  852.99685
0.06050000  505.552152
0.06052000  289.729155
0.06054000  179.955901
0.06056000  131.347283
0.06058000  116.603377
0.06060000  130.348484
0.06062000  184.29848
0.06064000  309.417447
0.06066000  549.587714
0.06068000  920.379725
0.06070000  1393.647063
0.06072000  1918.554861
0.06074000  2440.605793
0.06076000  2918.236691
0.06078000  3326.0742
0.06080000  3652.297597
0.06082000  3899.860477
0.06084000  4081.834775
0.06086000  4213.925669
0.06088000  4309.792262
0.06090000  4379.789874
0.06092000  4431.34107
0.06094000  4469.641704
0.06096000  4498.323245
0.06098000  4519.956139
0.06100000  4536.370403
0.06102000  4548.878386
0.06104000  4558.435312
0.06106000  4565.752445
0.06108000  4571.349729
0.06110000  4575.6354
0.06112000  4578.91111
0.06114000  4581.408356
0.06116000  4583.299049
0.06118000  4584.720591
0.06120000  4585.774892
0.06122000  4586.540454
0.06124000  4587.081204
0.06126000  4587.449607
0.06128000  4587.681444
0.06130000  4587.812322
0.06132000  4587.866846
0.06134000  4587.869572
0.06136000  4587.839585
0.06138000  4587.790511
0.06140000  4587.741434
0.06142000  4587.689625
0.06144000  4587.640538
0.06146000  4587.594175
0.06148000  4587.553263
0.06150000  4587.520532
0.06152000  4587.495982
0.06154000  4587.476887
0.06156000  4587.465975
0.06158000  4587.460519
0.06160000  4587.457791
0.06162000  4587.463247
0.06164000  4587.471431
0.06166000  4587.482343
0.06168000  4587.495982
0.06170000  4587.512349
0.06172000  4587.528715
0.06174000  4587.547808
0.06176000  4587.569628
0.06178000  4587.591448
0.06180000  4587.615994
0.06182000  4587.637811
0.06184000  4587.662355
0.06186000  4587.689625
0.06188000  4587.714166
0.06190000  4587.741434
0.06192000  4587.7687
0.06194000  4587.795964
0.06196000  4587.823228
0.06198000  4587.853216
0.06200000  4587.883203
0.06202000  4587.910462
0.06204000  4587.940446
0.06206000  4587.973153
0.06208000  4588.003134
0.06210000  4588.033113
0.06212000  4588.065815
0.06214000  4588.095791
0.06216000  4588.12849
0.06218000  4588.161187
0.06220000  4588.193882
0.06222000  4588.226575
0.06224000  4588.261991
0.06226000  4588.29468
0.06228000  4588.330092
0.06230000  4588.362777
0.06232000  4588.398185
0.06234000  4588.43359
0.06236000  4588.468993
0.06238000  4588.504394
0.06240000  4588.539792
0.06242000  4588.575189
0.06244000  4588.610583
0.06246000  4588.648697
0.06248000  4588.684087
0.06250000  4588.722197
0.06252000  4588.760304
0.06254000  4588.798408
0.06256000  4588.833789
0.06258000  4588.871889
0.06260000  4588.909986
0.06262000  4588.950801
0.06264000  4588.988893
0.06266000  4589.026983
0.06268000  4589.065069
0.06270000  4589.105874
0.06272000  4589.143956
0.06274000  4589.184755
0.06276000  4589.225551
0.06278000  4589.263624
0.06280000  4589.304415
0.06282000  4589.345202
0.06284000  4589.385987
0.06286000  4589.426769
0.06288000  4589.467548
0.06290000  4589.508324
0.06292000  4589.549097
0.06294000  4589.589867
0.06296000  4589.630634
0.06298000  4589.671399
0.06300000  4589.714878
