0.00000000  4073.394485
0.00002000  4068.884626
0.00004000  4064.721335
0.00006000  4060.888278
0.00008000  4057.329381
0.00010000  4053.810642
0.00012000  4049.607135
0.00014000  4043.969808
0.00016000  4036.378798
0.00018000  4026.241872
0.00020000  4012.899511
0.00022000  3994.761801
0.00024000  3967.052898
0.00026000  3923.931655
0.00028000  3858.072369
0.00030000  3759.236185
0.00032000  3613.520771
0.00034000  3404.430695
0.00036000  3118.147547
0.00038000  2762.139329
0.00040000  2381.650996
0.00042000  2011.291083
0.00044000  1648.311137
0.00046000  1270.14276
0.00048000  872.066056
0.00050000  522.127929
0.00052000  303.540481
0.00054000  192.2367
0.00056000  143.85138
0.00058000  131.579181
0.00060000  152.394946
0.00062000  224.189426
0.00064000  390.343478
0.00066000  708.058467
0.00068000  1183.84454
0.00070000  1754.357324
0.00072000  2336.384786
0.00074000  2865.577358
0.00076000  3310.688708
0.00078000  3664.388937
0.00080000  3931.490797
0.00082000  4125.443841
0.00084000  4263.30285
0.00086000  4360.742603
0.00088000  4429.864864
0.00090000  4479.270199
0.00092000  4514.881343
0.00094000  4540.748828
0.00096000  4559.64855
0.00098000  4573.529948
0.00100000  4583.75498
0.00102000  4591.296895
0.00104000  4596.857351
0.00106000  4600.942826
0.00108000  4603.929205
0.00110000  4606.092532
0.00112000  4607.647646
0.00114000  4608.744129
0.00116000  4609.500139
0.00118000  4609.998326
0.00120000  4610.29964
0.00122000  4610.454163
0.00124000  4610.498679
0.00126000  4610.4594
0.00128000  4610.359883
0.00130000  4610.218432
0.00132000  4610.048119
0.00134000  4609.862025
0.00136000  4609.670622
0.00138000  4609.484399
0.00140000  4609.30861
0.00142000  4609.143264
0.00144000  4608.988371
0.00146000  4608.846567
0.00148000  4608.712606
0.00150000  4608.589124
0.00152000  4608.473498
0.00154000  4608.368363
0.00156000  4608.268466
0.00158000  4608.176439
0.00160000  4608.089657
0.00162000  4608.008122
0.00164000  4607.929206
0.00166000  4607.855541
0.00168000  4607.781865
0.00170000  4607.713444
0.00172000  4607.645014
0.00174000  4607.579208
0.00176000  4607.516026
0.00178000  4607.452838
0.00180000  4607.392275
0.00182000  4607.331706
0.00184000  4607.273764
0.00186000  4607.215816
0.00188000  4607.157862
0.00190000  4607.102537
0.00192000  4607.049841
0.00194000  4606.994504
0.00196000  4606.941798
0.00198000  4606.891722
0.00200000  4606.841642
0.00202000  4606.791557
0.00204000  4606.744104
0.00206000  4606.694011
0.00208000  4606.649186
0.00210000  4606.601721
0.00212000  4606.556889
0.00214000  4606.512053
0.00216000  4606.469852
0.00218000  4606.427647
0.00220000  4606.385439
0.00222000  4606.345866
0.00224000  4606.30629
0.00226000  4606.266712
0.00228000  4606.22713
0.00230000  4606.190185
0.00232000  4606.153237
0.00234000  4606.116287
0.00236000  4606.081974
0.00238000  4606.047659
0.00240000  4606.013342
0.00242000  4605.981662
0.00244000  4605.949981
0.00246000  4605.918298
0.00248000  4605.886613
0.00250000  4605.857567
0.00252000  4605.828519
0.00254000  4605.79947
0.00256000  4605.773061
0.00258000  4605.744009
0.00260000  4605.717597
0.00262000  4605.691183
0.00264000  4605.66741
0.00266000  4605.643636
0.00268000  4605.61986
0.00270000  4605.596084
0.00272000  4605.572307
0.00274000  4605.55117
0.00276000  4605.530033
0.00278000  4605.508896
0.00280000  4605.487757
0.00282000  4605.46926
0.00284000  4605.450762
0.00286000  4605.432264
0.00288000  4605.413765
0.00290000  4605.395266
0.00292000  4605.379409
0.00294000  4605.360908
0.00296000  4605.34505
0.00298000  4605.331834
0.00300000  4605.315975
0.00302000  4604.690185011765
0.00304000  4604.06439502353
0.00306000  4603.438605035294
0.00308000  4602.812815047059
0.00310000  4602.187025058824
0.00312000  4601.561235070589
0.00314000  4600.935445082353
0.00316000  4600.309655094118
0.00318000  4599.683865105882
0.00320000  4599.058075117648
0.00322000  4598.432285129412
0.00324000  4597.806495141177
0.00326000  4597.180705152941
0.00328000  4596.5549151647065
0.00330000  4595.929125176471
0.00332000  4595.303335188236
0.00334000  4594.6775452
0.00336000  4594.051755211765
0.00338000  4593.42596522353
0.00340000  4592.800175235295
0.00342000  4592.174385247059
0.00344000  4591.548595258824
0.00346000  4590.9228052705885
0.00348000  4590.297015282354
0.00350000  4589.671225294118
0.00352000  4589.045435305883
0.00354000  4588.419645317647
0.00356000  4587.7938553294125
0.00358000  4587.168065341177
0.00360000  4586.542275352942
0.00362000  4585.916485364706
0.00364000  4585.290695376471
0.00366000  4584.664905388236
0.00368000  4584.039115400001
0.00370000  4583.413325411765
0.00372000  4582.78753542353
0.00374000  4582.1617454352945
0.00376000  4581.53595544706
0.00378000  4580.910165458824
0.00380000  4580.284375470588
0.00382000  4579.658585482353
0.00384000  4579.032795494118
0.00386000  4578.407005505883
0.00388000  4577.781215517647
0.00390000  4577.155425529412
0.00392000  4576.5296355411765
0.00394000  4575.903845552942
0.00396000  4575.278055564706
0.00398000  4574.652265576471
0.00400000  4574.026475588235
0.00402000  4573.4006856000005
0.00404000  4572.774895611765
0.00406000  4572.14910562353
0.00408000  4571.523315635294
0.00410000  4570.897525647059
0.00412000  4570.271735658824
0.00414000  4569.645945670589
0.00416000  4569.020155682353
0.00418000  4568.394365694118
0.00420000  4567.7685757058825
0.00422000  4567.142785717648
0.00424000  4566.516995729412
0.00426000  4565.891205741177
0.00428000  4565.265415752941
0.00430000  4564.639625764707
0.00432000  4564.013835776471
0.00434000  4563.388045788236
0.00436000  4562.7622558
0.00438000  4562.136465811765
0.00440000  4561.51067582353
0.00442000  4560.884885835295
0.00444000  4560.259095847059
0.00446000  4559.633305858824
0.00448000  4559.007515870589
0.00450000  4558.381725882354
0.00452000  4557.755935894118
0.00454000  4557.130145905883
0.00456000  4556.504355917647
0.00458000  4555.878565929412
0.00460000  4555.252775941177
0.00462000  4554.626985952941
0.00464000  4554.001195964706
0.00466000  4553.375405976471
0.00468000  4552.749615988236
0.00470000  4552.123826
0.00472000  4551.498036011765
0.00474000  4550.872246023529
0.00476000  4550.246456035295
0.00478000  4549.620666047059
0.00480000  4548.994876058824
0.00482000  4548.369086070588
0.00484000  4547.7432960823535
0.00486000  4547.117506094118
0.00488000  4546.491716105883
0.00490000  4545.865926117647
0.00492000  4545.240136129412
0.00494000  4544.614346141177
0.00496000  4543.988556152942
0.00498000  4543.362766164706
0.00500000  4542.736976176471
0.00502000  4542.1111861882355
0.00504000  4541.485396200001
0.00506000  4540.859606211765
0.00508000  4540.23381622353
0.00510000  4539.608026235294
0.00512000  4538.9822362470595
0.00514000  4538.356446258824
0.00516000  4537.730656270589
0.00518000  4537.104866282353
0.00520000  4536.479076294118
0.00522000  4535.853286305883
0.00524000  4535.227496317648
0.00526000  4534.601706329412
0.00528000  4533.975916341177
0.00530000  4533.3501263529415
0.00532000  4532.724336364707
0.00534000  4532.098546376471
0.00536000  4531.472756388235
0.00538000  4530.8469664
0.00540000  4530.221176411765
0.00542000  4529.59538642353
0.00544000  4528.969596435294
0.00546000  4528.343806447059
0.00548000  4527.7180164588235
0.00550000  4527.092226470589
0.00552000  4526.466436482353
0.00554000  4525.840646494118
0.00556000  4525.214856505882
0.00558000  4524.589066517648
0.00560000  4523.963276529412
0.00562000  4523.337486541177
0.00564000  4522.711696552941
0.00566000  4522.085906564706
0.00568000  4521.460116576471
0.00570000  4520.834326588236
0.00572000  4520.2085366
0.00574000  4519.582746611765
0.00576000  4518.95695662353
0.00578000  4518.331166635295
0.00580000  4517.705376647059
0.00582000  4517.079586658824
0.00584000  4516.453796670588
0.00586000  4515.828006682354
0.00588000  4515.202216694118
0.00590000  4514.576426705883
0.00592000  4513.950636717647
0.00594000  4513.3248467294125
0.00596000  4512.699056741177
0.00598000  4512.073266752942
0.00600000  4511.447476764706
0.00602000  4510.821686776471
0.00604000  4510.195896788236
0.00606000  4509.570106800001
0.00608000  4508.944316811765
0.00610000  4508.31852682353
0.00612000  4507.692736835294
0.00614000  4507.066946847059
0.00616000  4506.441156858824
0.00618000  4505.815366870588
0.00620000  4505.189576882353
0.00622000  4504.563786894118
0.00624000  4503.937996905883
0.00626000  4503.312206917647
0.00628000  4502.686416929412
0.00630000  4502.060626941176
0.00632000  4501.434836952942
0.00634000  4500.809046964706
0.00636000  4500.183256976471
0.00638000  4499.557466988235
0.00640000  4498.9316770000005
0.00642000  4498.305887011765
0.00644000  4497.68009702353
0.00646000  4497.054307035294
0.00648000  4496.428517047059
0.00650000  4495.802727058824
0.00652000  4495.176937070589
0.00654000  4494.551147082353
0.00656000  4493.925357094118
0.00658000  4493.2995671058825
0.00660000  4492.673777117648
0.00662000  4492.047987129412
0.00664000  4491.422197141177
0.00666000  4490.796407152941
0.00668000  4490.1706171647065
0.00670000  4489.544827176471
0.00672000  4488.919037188236
0.00674000  4488.2932472
0.00676000  4487.667457211765
0.00678000  4487.04166722353
0.00680000  4486.415877235295
0.00682000  4485.790087247059
0.00684000  4485.164297258824
0.00686000  4484.5385072705885
0.00688000  4483.912717282353
0.00690000  4483.286927294118
0.00692000  4482.661137305882
0.00694000  4482.035347317647
0.00696000  4481.409557329412
0.00698000  4480.783767341177
0.00700000  4480.157977352941
0.00702000  4479.532187364706
0.00704000  4478.9063973764705
0.00706000  4478.280607388236
0.00708000  4477.6548174
0.00710000  4477.029027411765
0.00712000  4476.403237423529
0.00714000  4475.777447435295
0.00716000  4475.151657447059
0.00718000  4474.525867458824
0.00720000  4473.900077470588
0.00722000  4473.274287482353
0.00724000  4472.648497494118
0.00726000  4472.022707505883
0.00728000  4471.396917517647
0.00730000  4470.771127529412
0.00732000  4470.145337541177
0.00734000  4469.519547552942
0.00736000  4468.893757564706
0.00738000  4468.267967576471
0.00740000  4467.642177588235
0.00742000  4467.016387600001
0.00744000  4466.390597611765
0.00746000  4465.76480762353
0.00748000  4465.139017635294
0.00750000  4464.5132276470595
0.00752000  4463.887437658824
0.00754000  4463.261647670589
0.00756000  4462.635857682353
0.00758000  4462.010067694118
0.00760000  4461.384277705883
0.00762000  4460.758487717647
0.00764000  4460.132697729412
0.00766000  4459.506907741177
0.00768000  4458.8811177529415
0.00770000  4458.255327764706
0.00772000  4457.629537776471
0.00774000  4457.003747788235
0.00776000  4456.3779578
0.00778000  4455.752167811765
0.00780000  4455.12637782353
0.00782000  4454.500587835294
0.00784000  4453.874797847059
0.00786000  4453.2490078588235
0.00788000  4452.623217870589
0.00790000  4451.997427882353
0.00792000  4451.371637894118
0.00794000  4450.745847905882
0.00796000  4450.1200579176475
0.00798000  4449.494267929412
0.00800000  4448.868477941177
0.00802000  4448.242687952941
0.00804000  4447.616897964706
0.00806000  4446.991107976471
0.00808000  4446.365317988236
0.00810000  4445.739528
0.00812000  4445.113738011765
0.00814000  4444.4879480235295
0.00816000  4443.862158035295
0.00818000  4443.236368047059
0.00820000  4442.610578058824
0.00822000  4441.984788070588
0.00824000  4441.3589980823535
0.00826000  4440.733208094118
0.00828000  4440.107418105883
0.00830000  4439.481628117647
0.00832000  4438.855838129412
0.00834000  4438.230048141177
0.00836000  4437.604258152942
0.00838000  4436.978468164706
0.00840000  4436.35267817647
0.00842000  4435.7268881882355
0.00844000  4435.1010982
0.00846000  4434.475308211765
0.00848000  4433.849518223529
0.00850000  4433.223728235294
0.00852000  4432.597938247059
0.00854000  4431.972148258824
0.00856000  4431.346358270588
0.00858000  4430.720568282353
0.00860000  4430.0947782941175
0.00862000  4429.468988305883
0.00864000  4428.843198317647
0.00866000  4428.217408329412
0.00868000  4427.591618341176
0.00870000  4426.965828352942
0.00872000  4426.340038364706
0.00874000  4425.714248376471
0.00876000  4425.088458388235
0.00878000  4424.4626684
0.00880000  4423.836878411765
0.00882000  4423.21108842353
0.00884000  4422.585298435294
0.00886000  4421.959508447059
0.00888000  4421.333718458824
0.00890000  4420.707928470589
0.00892000  4420.082138482353
0.00894000  4419.456348494118
0.00896000  4418.830558505882
0.00898000  4418.204768517648
0.00900000  4417.578978529412
0.00902000  4416.953188541177
0.00904000  4416.327398552941
0.00906000  4415.7016085647065
0.00908000  4415.075818576471
0.00910000  4414.450028588236
0.00912000  4413.8242386
0.00914000  4413.198448611765
0.00916000  4412.57265862353
0.00918000  4411.946868635294
0.00920000  4411.321078647059
0.00922000  4410.695288658823
0.00924000  4410.0694986705885
0.00926000  4409.443708682353
0.00928000  4408.817918694118
0.00930000  4408.192128705882
0.00932000  4407.566338717647
0.00934000  4406.940548729412
0.00936000  4406.314758741177
0.00938000  4405.688968752941
0.00940000  4405.063178764706
0.00942000  4404.4373887764705
0.00944000  4403.811598788236
0.00946000  4403.1858088
0.00948000  4402.560018811765
0.00950000  4401.934228823529
0.00952000  4401.3084388352945
0.00954000  4400.682648847059
0.00956000  4400.056858858824
0.00958000  4399.431068870588
0.00960000  4398.805278882353
0.00962000  4398.179488894118
0.00964000  4397.553698905883
0.00966000  4396.927908917647
0.00968000  4396.302118929412
0.00970000  4395.6763289411765
0.00972000  4395.050538952942
0.00974000  4394.424748964706
0.00976000  4393.798958976471
0.00978000  4393.173168988235
0.00980000  4392.547379000001
0.00982000  4391.921589011765
0.00984000  4391.29579902353
0.00986000  4390.670009035294
0.00988000  4390.044219047059
0.00990000  4389.418429058824
0.00992000  4388.792639070589
0.00994000  4388.166849082353
0.00996000  4387.541059094117
0.00998000  4386.9152691058825
0.01000000  4386.289479117647
0.01002000  4385.663689129412
0.01004000  4385.037899141176
0.01006000  4384.412109152941
0.01008000  4383.786319164706
0.01010000  4383.160529176471
0.01012000  4382.534739188235
0.01014000  4381.9089492
0.01016000  4381.2831592117645
0.01018000  4380.65736922353
0.01020000  4380.031579235294
0.01022000  4379.405789247059
0.01024000  4378.779999258823
0.01026000  4378.154209270589
0.01028000  4377.528419282353
0.01030000  4376.902629294118
0.01032000  4376.276839305882
0.01034000  4375.651049317647
0.01036000  4375.025259329412
0.01038000  4374.399469341177
0.01040000  4373.773679352941
0.01042000  4373.147889364706
0.01044000  4372.522099376471
0.01046000  4371.896309388236
0.01048000  4371.2705194
0.01050000  4370.644729411765
0.01052000  4370.018939423529
0.01054000  4369.393149435295
0.01056000  4368.767359447059
0.01058000  4368.141569458824
0.01060000  4367.515779470588
0.01062000  4366.8899894823535
0.01064000  4366.264199494118
0.01066000  4365.638409505883
0.01068000  4365.012619517647
0.01070000  4364.386829529412
0.01072000  4363.761039541177
0.01074000  4363.135249552941
0.01076000  4362.509459564706
0.01078000  4361.88366957647
0.01080000  4361.2578795882355
0.01082000  4360.6320896
0.01084000  4360.006299611765
0.01086000  4359.380509623529
0.01088000  4358.754719635294
0.01090000  4358.128929647059
0.01092000  4357.503139658824
0.01094000  4356.877349670588
0.01096000  4356.251559682353
0.01098000  4355.6257696941175
0.01100000  4354.999979705883
0.01102000  4354.374189717647
0.01104000  4353.748399729412
0.01106000  4353.122609741176
0.01108000  4352.4968197529415
0.01110000  4351.871029764706
0.01112000  4351.245239776471
0.01114000  4350.619449788235
0.01116000  4349.9936598
0.01118000  4349.367869811765
0.01120000  4348.74207982353
0.01122000  4348.116289835294
0.01124000  4347.490499847059
0.01126000  4346.8647098588235
0.01128000  4346.238919870589
0.01130000  4345.613129882353
0.01132000  4344.987339894118
0.01134000  4344.361549905882
0.01136000  4343.735759917648
0.01138000  4343.109969929412
0.01140000  4342.484179941177
0.01142000  4341.858389952941
0.01144000  4341.232599964706
0.01146000  4340.606809976471
0.01148000  4339.981019988236
0.01150000  4339.35523
0.01152000  4338.729440011764
0.01154000  4338.10365002353
0.01156000  4337.477860035294
0.01158000  4336.852070047059
0.01160000  4336.226280058823
0.01162000  4335.600490070588
0.01164000  4334.974700082353
0.01166000  4334.348910094118
0.01168000  4333.723120105882
0.01170000  4333.097330117647
0.01172000  4332.471540129412
0.01174000  4331.845750141177
0.01176000  4331.219960152941
0.01178000  4330.594170164706
0.01180000  4329.96838017647
0.01182000  4329.342590188236
0.01184000  4328.7168002
0.01186000  4328.091010211765
0.01188000  4327.465220223529
0.01190000  4326.8394302352945
0.01192000  4326.213640247059
0.01194000  4325.587850258824
0.01196000  4324.962060270588
0.01198000  4324.336270282353
0.01200000  4323.710480294118
0.01202000  4323.084690305883
0.01204000  4322.458900317647
0.01206000  4321.833110329412
0.01208000  4321.2073203411765
0.01210000  4320.581530352942
0.01212000  4319.955740364706
0.01214000  4319.329950376471
0.01216000  4318.704160388235
0.01218000  4318.0783704000005
0.01220000  4317.452580411765
0.01222000  4316.82679042353
0.01224000  4316.201000435294
0.01226000  4315.575210447059
0.01228000  4314.949420458824
0.01230000  4314.323630470588
0.01232000  4313.697840482353
0.01234000  4313.072050494117
0.01236000  4312.4462605058825
0.01238000  4311.820470517647
0.01240000  4311.194680529412
0.01242000  4310.568890541176
0.01244000  4309.943100552941
0.01246000  4309.317310564706
0.01248000  4308.691520576471
0.01250000  4308.065730588235
0.01252000  4307.4399406
0.01254000  4306.8141506117645
0.01256000  4306.18836062353
0.01258000  4305.562570635294
0.01260000  4304.936780647059
0.01262000  4304.310990658823
0.01264000  4303.6852006705885
0.01266000  4303.059410682353
0.01268000  4302.433620694118
0.01270000  4301.807830705882
0.01272000  4301.182040717647
0.01274000  4300.556250729412
0.01276000  4299.930460741177
0.01278000  4299.304670752941
0.01280000  4298.678880764706
0.01282000  4298.0530907764705
0.01284000  4297.427300788236
0.01286000  4296.8015108
0.01288000  4296.175720811765
0.01290000  4295.549930823529
0.01292000  4294.924140835295
0.01294000  4294.298350847059
0.01296000  4293.672560858824
0.01298000  4293.046770870588
0.01300000  4292.4209808823525
0.01302000  4291.795190894118
0.01304000  4291.169400905883
0.01306000  4290.543610917647
0.01308000  4289.917820929411
0.01310000  4289.292030941177
0.01312000  4288.666240952941
0.01314000  4288.040450964706
0.01316000  4287.41466097647
0.01318000  4286.788870988235
0.01320000  4286.163081
0.01322000  4285.537291011765
0.01324000  4284.911501023529
0.01326000  4284.285711035294
0.01328000  4283.659921047059
0.01330000  4283.034131058824
0.01332000  4282.408341070588
0.01334000  4281.782551082353
0.01336000  4281.156761094117
0.01338000  4280.530971105883
0.01340000  4279.905181117647
0.01342000  4279.279391129412
0.01344000  4278.653601141176
0.01346000  4278.0278111529415
0.01348000  4277.402021164706
0.01350000  4276.776231176471
0.01352000  4276.150441188235
0.01354000  4275.5246512
0.01356000  4274.898861211765
0.01358000  4274.27307122353
0.01360000  4273.647281235294
0.01362000  4273.021491247059
0.01364000  4272.3957012588235
0.01366000  4271.769911270589
0.01368000  4271.144121282353
0.01370000  4270.518331294118
0.01372000  4269.892541305882
0.01374000  4269.2667513176475
0.01376000  4268.640961329412
0.01378000  4268.015171341176
0.01380000  4267.389381352941
0.01382000  4266.763591364706
0.01384000  4266.137801376471
0.01386000  4265.512011388235
0.01388000  4264.8862214
0.01390000  4264.260431411764
0.01392000  4263.6346414235295
0.01394000  4263.008851435294
0.01396000  4262.383061447059
0.01398000  4261.757271458823
0.01400000  4261.131481470588
0.01402000  4260.505691482353
0.01404000  4259.879901494118
0.01406000  4259.254111505882
0.01408000  4258.628321517647
0.01410000  4258.0025315294115
0.01412000  4257.376741541177
0.01414000  4256.750951552941
0.01416000  4256.125161564706
0.01418000  4255.49937157647
0.01420000  4254.8735815882355
0.01422000  4254.2477916
0.01424000  4253.622001611765
0.01426000  4252.996211623529
0.01428000  4252.370421635294
0.01430000  4251.744631647059
0.01432000  4251.118841658824
0.01434000  4250.493051670588
0.01436000  4249.867261682353
0.01438000  4249.2414716941175
0.01440000  4248.615681705883
0.01442000  4247.989891717647
0.01444000  4247.364101729412
0.01446000  4246.738311741176
0.01448000  4246.112521752942
0.01450000  4245.486731764706
0.01452000  4244.860941776471
0.01454000  4244.235151788235
0.01456000  4243.6093617999995
0.01458000  4242.983571811765
0.01460000  4242.35778182353
0.01462000  4241.731991835294
0.01464000  4241.106201847058
0.01466000  4240.480411858824
0.01468000  4239.854621870588
0.01470000  4239.228831882353
0.01472000  4238.603041894117
0.01474000  4237.977251905882
0.01476000  4237.351461917647
0.01478000  4236.725671929412
0.01480000  4236.099881941176
0.01482000  4235.474091952941
0.01484000  4234.848301964706
0.01486000  4234.222511976471
0.01488000  4233.596721988235
0.01490000  4232.970932
0.01492000  4232.345142011764
0.01494000  4231.71935202353
0.01496000  4231.093562035294
0.01498000  4230.467772047059
0.01500000  4229.841982058823
0.01502000  4229.2161920705885
0.01504000  4228.590402082353
0.01506000  4227.964612094118
0.01508000  4227.338822105882
0.01510000  4226.713032117647
0.01512000  4226.087242129412
0.01514000  4225.461452141177
0.01516000  4224.835662152941
0.01518000  4224.209872164706
0.01520000  4223.5840821764705
0.01522000  4222.958292188236
0.01524000  4222.3325022
0.01526000  4221.706712211765
0.01528000  4221.080922223529
0.01530000  4220.4551322352945
0.01532000  4219.829342247059
0.01534000  4219.203552258823
0.01536000  4218.577762270588
0.01538000  4217.951972282353
0.01540000  4217.326182294118
0.01542000  4216.700392305882
0.01544000  4216.074602317647
0.01546000  4215.448812329411
0.01548000  4214.8230223411765
0.01550000  4214.197232352941
0.01552000  4213.571442364706
0.01554000  4212.94565237647
0.01556000  4212.319862388235
0.01558000  4211.6940724
0.01560000  4211.068282411765
0.01562000  4210.442492423529
0.01564000  4209.816702435294
0.01566000  4209.1909124470585
0.01568000  4208.565122458824
0.01570000  4207.939332470588
0.01572000  4207.313542482353
0.01574000  4206.687752494117
0.01576000  4206.061962505883
0.01578000  4205.436172517647
0.01580000  4204.810382529412
0.01582000  4204.184592541176
0.01584000  4203.558802552941
0.01586000  4202.933012564706
0.01588000  4202.307222576471
0.01590000  4201.681432588235
0.01592000  4201.0556426
0.01594000  4200.4298526117645
0.01596000  4199.80406262353
0.01598000  4199.178272635294
0.01600000  4198.552482647059
0.01602000  4197.926692658823
0.01604000  4197.300902670589
0.01606000  4196.675112682353
0.01608000  4196.049322694118
0.01610000  4195.423532705882
0.01612000  4194.7977427176465
0.01614000  4194.171952729412
0.01616000  4193.546162741177
0.01618000  4192.920372752941
0.01620000  4192.294582764705
0.01622000  4191.668792776471
0.01624000  4191.043002788235
0.01626000  4190.4172128
0.01628000  4189.791422811764
0.01630000  4189.165632823529
0.01632000  4188.539842835294
0.01634000  4187.914052847059
0.01636000  4187.288262858823
0.01638000  4186.662472870588
0.01640000  4186.036682882353
0.01642000  4185.410892894118
0.01644000  4184.785102905882
0.01646000  4184.159312917647
0.01648000  4183.533522929411
0.01650000  4182.907732941177
0.01652000  4182.281942952941
0.01654000  4181.656152964706
0.01656000  4181.03036297647
0.01658000  4180.4045729882355
0.01660000  4179.778783
0.01662000  4179.152993011765
0.01664000  4178.527203023529
0.01666000  4177.901413035294
0.01668000  4177.275623047059
0.01670000  4176.649833058824
0.01672000  4176.024043070588
0.01674000  4175.398253082353
0.01676000  4174.7724630941175
0.01678000  4174.146673105883
0.01680000  4173.520883117647
0.01682000  4172.895093129412
0.01684000  4172.269303141176
0.01686000  4171.6435131529415
0.01688000  4171.017723164706
0.01690000  4170.39193317647
0.01692000  4169.766143188235
0.01694000  4169.1403532
0.01696000  4168.514563211765
0.01698000  4167.888773223529
0.01700000  4167.262983235294
0.01702000  4166.637193247058
0.01704000  4166.0114032588235
0.01706000  4165.385613270588
0.01708000  4164.759823282353
0.01710000  4164.134033294117
0.01712000  4163.508243305882
0.01714000  4162.882453317647
0.01716000  4162.256663329412
0.01718000  4161.630873341176
0.01720000  4161.005083352941
0.01722000  4160.3792933647055
0.01724000  4159.753503376471
0.01726000  4159.127713388235
0.01728000  4158.5019234
0.01730000  4157.876133411764
0.01732000  4157.25034342353
0.01734000  4156.624553435294
0.01736000  4155.998763447059
0.01738000  4155.372973458823
0.01740000  4154.747183470588
0.01742000  4154.121393482353
0.01744000  4153.495603494118
0.01746000  4152.869813505882
0.01748000  4152.244023517647
0.01750000  4151.618233529412
0.01752000  4150.992443541177
0.01754000  4150.366653552941
0.01756000  4149.740863564706
0.01758000  4149.11507357647
0.01760000  4148.489283588236
0.01762000  4147.8634936
0.01764000  4147.237703611765
0.01766000  4146.611913623529
0.01768000  4145.986123635294
0.01770000  4145.360333647059
0.01772000  4144.734543658824
0.01774000  4144.108753670588
0.01776000  4143.482963682352
0.01778000  4142.857173694118
0.01780000  4142.231383705882
0.01782000  4141.605593717647
0.01784000  4140.979803729411
0.01786000  4140.3540137411765
0.01788000  4139.728223752941
0.01790000  4139.102433764706
0.01792000  4138.47664377647
0.01794000  4137.850853788235
0.01796000  4137.2250638
0.01798000  4136.599273811765
0.01800000  4135.973483823529
0.01802000  4135.347693835294
0.01804000  4134.7219038470585
0.01806000  4134.096113858824
0.01808000  4133.470323870588
0.01810000  4132.844533882353
0.01812000  4132.218743894117
0.01814000  4131.5929539058825
0.01816000  4130.967163917647
0.01818000  4130.341373929412
0.01820000  4129.715583941176
0.01822000  4129.089793952941
0.01824000  4128.464003964706
0.01826000  4127.838213976471
0.01828000  4127.212423988235
0.01830000  4126.586634
0.01832000  4125.9608440117645
0.01834000  4125.33505402353
0.01836000  4124.709264035294
0.01838000  4124.083474047059
0.01840000  4123.457684058823
0.01842000  4122.8318940705885
0.01844000  4122.206104082353
0.01846000  4121.580314094117
0.01848000  4120.954524105882
0.01850000  4120.328734117647
0.01852000  4119.702944129412
0.01854000  4119.077154141176
0.01856000  4118.451364152941
0.01858000  4117.825574164705
0.01860000  4117.1997841764705
0.01862000  4116.573994188235
0.01864000  4115.9482042
0.01866000  4115.322414211764
0.01868000  4114.696624223529
0.01870000  4114.070834235294
0.01872000  4113.445044247059
0.01874000  4112.819254258823
0.01876000  4112.193464270588
0.01878000  4111.5676742823525
0.01880000  4110.941884294118
0.01882000  4110.316094305882
0.01884000  4109.690304317647
0.01886000  4109.064514329411
0.01888000  4108.438724341177
0.01890000  4107.812934352941
0.01892000  4107.187144364706
0.01894000  4106.56135437647
0.01896000  4105.935564388235
0.01898000  4105.3097744
0.01900000  4104.683984411765
0.01902000  4104.058194423529
0.01904000  4103.432404435294
0.01906000  4102.806614447059
0.01908000  4102.180824458824
0.01910000  4101.555034470588
0.01912000  4100.929244482353
0.01914000  4100.303454494117
0.01916000  4099.677664505883
0.01918000  4099.051874517647
0.01920000  4098.426084529412
0.01922000  4097.800294541176
0.01924000  4097.174504552941
0.01926000  4096.548714564706
0.01928000  4095.9229245764705
0.01930000  4095.297134588235
0.01932000  4094.6713446
0.01934000  4094.0455546117646
0.01936000  4093.4197646235293
0.01938000  4092.793974635294
0.01940000  4092.1681846470588
0.01942000  4091.5423946588235
0.01944000  4090.916604670588
0.01946000  4090.290814682353
0.01948000  4089.6650246941176
0.01950000  4089.0392347058823
0.01952000  4088.4134447176466
0.01954000  4087.7876547294118
0.01956000  4087.161864741176
0.01958000  4086.536074752941
0.01960000  4085.9102847647055
0.01962000  4085.2844947764706
0.01964000  4084.658704788235
0.01966000  4084.0329148
0.01968000  4083.4071248117643
0.01970000  4082.7813348235295
0.01972000  4082.1555448352938
0.01974000  4081.5297548470585
0.01976000  4080.903964858823
0.01978000  4080.278174870588
0.01980000  4079.6523848823526
0.01982000  4079.0265948941174
0.01984000  4078.400804905882
0.01986000  4077.775014917647
0.01988000  4077.1492249294115
0.01990000  4076.523434941176
0.01992000  4075.897644952941
0.01994000  4075.2718549647057
0.01996000  4074.6460649764704
0.01998000  4074.020274988235
0.02000000  4073.394485
0.02002000  4068.884626
0.02004000  4064.721335
0.02006000  4060.888278
0.02008000  4057.329381
0.02010000  4053.810642
0.02012000  4049.607135
0.02014000  4043.969808
0.02016000  4036.378798
0.02018000  4026.241872
0.02020000  4012.899511
0.02022000  3994.761801
0.02024000  3967.052898
0.02026000  3923.931655
0.02028000  3858.072369
0.02030000  3759.236185
0.02032000  3613.520771
0.02034000  3404.430695
0.02036000  3118.147547
0.02038000  2762.139329
0.02040000  2381.650996
0.02042000  2011.291083
0.02044000  1648.311137
0.02046000  1270.14276
0.02048000  872.066056
0.02050000  522.127929
0.02052000  303.540481
0.02054000  192.2367
0.02056000  143.85138
0.02058000  131.579181
0.02060000  152.394946
0.02062000  224.189426
0.02064000  390.343478
0.02066000  708.058467
0.02068000  1183.84454
0.02070000  1754.357324
0.02072000  2336.384786
0.02074000  2865.577358
0.02076000  3310.688708
0.02078000  3664.388937
0.02080000  3931.490797
0.02082000  4125.443841
0.02084000  4263.30285
0.02086000  4360.742603
0.02088000  4429.864864
0.02090000  4479.270199
0.02092000  4514.881343
0.02094000  4540.748828
0.02096000  4559.64855
0.02098000  4573.529948
0.02100000  4583.75498
0.02102000  4591.296895
0.02104000  4596.857351
0.02106000  4600.942826
0.02108000  4603.929205
0.02110000  4606.092532
0.02112000  4607.647646
0.02114000  4608.744129
0.02116000  4609.500139
0.02118000  4609.998326
0.02120000  4610.29964
0.02122000  4610.454163
0.02124000  4610.498679
0.02126000  4610.4594
0.02128000  4610.359883
0.02130000  4610.218432
0.02132000  4610.048119
0.02134000  4609.862025
0.02136000  4609.670622
0.02138000  4609.484399
0.02140000  4609.30861
0.02142000  4609.143264
0.02144000  4608.988371
0.02146000  4608.846567
0.02148000  4608.712606
0.02150000  4608.589124
0.02152000  4608.473498
0.02154000  4608.368363
0.02156000  4608.268466
0.02158000  4608.176439
0.02160000  4608.089657
0.02162000  4608.008122
0.02164000  4607.929206
0.02166000  4607.855541
0.02168000  4607.781865
0.02170000  4607.713444
0.02172000  4607.645014
0.02174000  4607.579208
0.02176000  4607.516026
0.02178000  4607.452838
0.02180000  4607.392275
0.02182000  4607.331706
0.02184000  4607.273764
0.02186000  4607.215816
0.02188000  4607.157862
0.02190000  4607.102537
0.02192000  4607.049841
0.02194000  4606.994504
0.02196000  4606.941798
0.02198000  4606.891722
0.02200000  4606.841642
0.02202000  4606.791557
0.02204000  4606.744104
0.02206000  4606.694011
0.02208000  4606.649186
0.02210000  4606.601721
0.02212000  4606.556889
0.02214000  4606.512053
0.02216000  4606.469852
0.02218000  4606.427647
0.02220000  4606.385439
0.02222000  4606.345866
0.02224000  4606.30629
0.02226000  4606.266712
0.02228000  4606.22713
0.02230000  4606.190185
0.02232000  4606.153237
0.02234000  4606.116287
0.02236000  4606.081974
0.02238000  4606.047659
0.02240000  4606.013342
0.02242000  4605.981662
0.02244000  4605.949981
0.02246000  4605.918298
0.02248000  4605.886613
0.02250000  4605.857567
0.02252000  4605.828519
0.02254000  4605.79947
0.02256000  4605.773061
0.02258000  4605.744009
0.02260000  4605.717597
0.02262000  4605.691183
0.02264000  4605.66741
0.02266000  4605.643636
0.02268000  4605.61986
0.02270000  4605.596084
0.02272000  4605.572307
0.02274000  4605.55117
0.02276000  4605.530033
0.02278000  4605.508896
0.02280000  4605.487757
0.02282000  4605.46926
0.02284000  4605.450762
0.02286000  4605.432264
0.02288000  4605.413765
0.02290000  4605.395266
0.02292000  4605.379409
0.02294000  4605.360908
0.02296000  4605.34505
0.02298000  4605.331834
0.02300000  4605.315975
0.02302000  4604.690185011765
0.02304000  4604.06439502353
0.02306000  4603.438605035294
0.02308000  4602.812815047059
0.02310000  4602.187025058824
0.02312000  4601.561235070589
0.02314000  4600.935445082353
0.02316000  4600.309655094118
0.02318000  4599.683865105882
0.02320000  4599.058075117648
0.02322000  4598.432285129412
0.02324000  4597.806495141177
0.02326000  4597.180705152941
0.02328000  4596.5549151647065
0.02330000  4595.929125176471
0.02332000  4595.303335188236
0.02334000  4594.6775452
0.02336000  4594.051755211765
0.02338000  4593.42596522353
0.02340000  4592.800175235295
0.02342000  4592.174385247059
0.02344000  4591.548595258824
0.02346000  4590.9228052705885
0.02348000  4590.297015282354
0.02350000  4589.671225294118
0.02352000  4589.045435305883
0.02354000  4588.419645317647
0.02356000  4587.7938553294125
0.02358000  4587.168065341177
0.02360000  4586.542275352942
0.02362000  4585.916485364706
0.02364000  4585.290695376471
0.02366000  4584.664905388236
0.02368000  4584.039115400001
0.02370000  4583.413325411765
0.02372000  4582.78753542353
0.02374000  4582.1617454352945
0.02376000  4581.53595544706
0.02378000  4580.910165458824
0.02380000  4580.284375470588
0.02382000  4579.658585482353
0.02384000  4579.032795494118
0.02386000  4578.407005505883
0.02388000  4577.781215517647
0.02390000  4577.155425529412
0.02392000  4576.5296355411765
0.02394000  4575.903845552942
0.02396000  4575.278055564706
0.02398000  4574.652265576471
0.02400000  4574.026475588235
0.02402000  4573.4006856000005
0.02404000  4572.774895611765
0.02406000  4572.14910562353
0.02408000  4571.523315635294
0.02410000  4570.897525647059
0.02412000  4570.271735658824
0.02414000  4569.645945670589
0.02416000  4569.020155682353
0.02418000  4568.394365694118
0.02420000  4567.7685757058825
0.02422000  4567.142785717648
0.02424000  4566.516995729412
0.02426000  4565.891205741177
0.02428000  4565.265415752941
0.02430000  4564.639625764707
0.02432000  4564.013835776471
0.02434000  4563.388045788236
0.02436000  4562.7622558
0.02438000  4562.136465811765
0.02440000  4561.51067582353
0.02442000  4560.884885835295
0.02444000  4560.259095847059
0.02446000  4559.633305858824
0.02448000  4559.007515870589
0.02450000  4558.381725882354
0.02452000  4557.755935894118
0.02454000  4557.130145905883
0.02456000  4556.504355917647
0.02458000  4555.878565929412
0.02460000  4555.252775941177
0.02462000  4554.626985952941
0.02464000  4554.001195964706
0.02466000  4553.375405976471
0.02468000  4552.749615988236
0.02470000  4552.123826
0.02472000  4551.498036011765
0.02474000  4550.872246023529
0.02476000  4550.246456035295
0.02478000  4549.620666047059
0.02480000  4548.994876058824
0.02482000  4548.369086070588
0.02484000  4547.7432960823535
0.02486000  4547.117506094118
0.02488000  4546.491716105883
0.02490000  4545.865926117647
0.02492000  4545.240136129412
0.02494000  4544.614346141177
0.02496000  4543.988556152942
0.02498000  4543.362766164706
0.02500000  4542.736976176471
0.02502000  4542.1111861882355
0.02504000  4541.485396200001
0.02506000  4540.859606211765
0.02508000  4540.23381622353
0.02510000  4539.608026235294
0.02512000  4538.9822362470595
0.02514000  4538.356446258824
0.02516000  4537.730656270589
0.02518000  4537.104866282353
0.02520000  4536.479076294118
0.02522000  4535.853286305883
0.02524000  4535.227496317648
0.02526000  4534.601706329412
0.02528000  4533.975916341177
0.02530000  4533.3501263529415
0.02532000  4532.724336364707
0.02534000  4532.098546376471
0.02536000  4531.472756388235
0.02538000  4530.8469664
0.02540000  4530.221176411765
0.02542000  4529.59538642353
0.02544000  4528.969596435294
0.02546000  4528.343806447059
0.02548000  4527.7180164588235
0.02550000  4527.092226470589
0.02552000  4526.466436482353
0.02554000  4525.840646494118
0.02556000  4525.214856505882
0.02558000  4524.589066517648
0.02560000  4523.963276529412
0.02562000  4523.337486541177
0.02564000  4522.711696552941
0.02566000  4522.085906564706
0.02568000  4521.460116576471
0.02570000  4520.834326588236
0.02572000  4520.2085366
0.02574000  4519.582746611765
0.02576000  4518.95695662353
0.02578000  4518.331166635295
0.02580000  4517.705376647059
0.02582000  4517.079586658824
0.02584000  4516.453796670588
0.02586000  4515.828006682354
0.02588000  4515.202216694118
0.02590000  4514.576426705883
0.02592000  4513.950636717647
0.02594000  4513.3248467294125
0.02596000  4512.699056741177
0.02598000  4512.073266752942
0.02600000  4511.447476764706
0.02602000  4510.821686776471
0.02604000  4510.195896788236
0.02606000  4509.570106800001
0.02608000  4508.944316811765
0.02610000  4508.31852682353
0.02612000  4507.692736835294
0.02614000  4507.066946847059
0.02616000  4506.441156858824
0.02618000  4505.815366870588
0.02620000  4505.189576882353
0.02622000  4504.563786894118
0.02624000  4503.937996905883
0.02626000  4503.312206917647
0.02628000  4502.686416929412
0.02630000  4502.060626941176
0.02632000  4501.434836952942
0.02634000  4500.809046964706
0.02636000  4500.183256976471
0.02638000  4499.557466988235
0.02640000  4498.9316770000005
0.02642000  4498.305887011765
0.02644000  4497.68009702353
0.02646000  4497.054307035294
0.02648000  4496.428517047059
0.02650000  4495.802727058824
0.02652000  4495.176937070589
0.02654000  4494.551147082353
0.02656000  4493.925357094118
0.02658000  4493.2995671058825
0.02660000  4492.673777117648
0.02662000  4492.047987129412
0.02664000  4491.422197141177
0.02666000  4490.796407152941
0.02668000  4490.1706171647065
0.02670000  4489.544827176471
0.02672000  4488.919037188236
0.02674000  4488.2932472
0.02676000  4487.667457211765
0.02678000  4487.04166722353
0.02680000  4486.415877235295
0.02682000  4485.790087247059
0.02684000  4485.164297258824
0.02686000  4484.5385072705885
0.02688000  4483.912717282353
0.02690000  4483.286927294118
0.02692000  4482.661137305882
0.02694000  4482.035347317647
0.02696000  4481.409557329412
0.02698000  4480.783767341177
0.02700000  4480.157977352941
0.02702000  4479.532187364706
0.02704000  4478.9063973764705
0.02706000  4478.280607388236
0.02708000  4477.6548174
0.02710000  4477.029027411765
0.02712000  4476.403237423529
0.02714000  4475.777447435295
0.02716000  4475.151657447059
0.02718000  4474.525867458824
0.02720000  4473.900077470588
0.02722000  4473.274287482353
0.02724000  4472.648497494118
0.02726000  4472.022707505883
0.02728000  4471.396917517647
0.02730000  4470.771127529412
0.02732000  4470.145337541177
0.02734000  4469.519547552942
0.02736000  4468.893757564706
0.02738000  4468.267967576471
0.02740000  4467.642177588235
0.02742000  4467.016387600001
0.02744000  4466.390597611765
0.02746000  4465.76480762353
0.02748000  4465.139017635294
0.02750000  4464.5132276470595
0.02752000  4463.887437658824
0.02754000  4463.261647670589
0.02756000  4462.635857682353
0.02758000  4462.010067694118
0.02760000  4461.384277705883
0.02762000  4460.758487717647
0.02764000  4460.132697729412
0.02766000  4459.506907741177
0.02768000  4458.8811177529415
0.02770000  4458.255327764706
0.02772000  4457.629537776471
0.02774000  4457.003747788235
0.02776000  4456.3779578
0.02778000  4455.752167811765
0.02780000  4455.12637782353
0.02782000  4454.500587835294
0.02784000  4453.874797847059
0.02786000  4453.2490078588235
0.02788000  4452.623217870589
0.02790000  4451.997427882353
0.02792000  4451.371637894118
0.02794000  4450.745847905882
0.02796000  4450.1200579176475
0.02798000  4449.494267929412
0.02800000  4448.868477941177
0.02802000  4448.242687952941
0.02804000  4447.616897964706
0.02806000  4446.991107976471
0.02808000  4446.365317988236
0.02810000  4445.739528
0.02812000  4445.113738011765
0.02814000  4444.4879480235295
0.02816000  4443.862158035295
0.02818000  4443.236368047059
0.02820000  4442.610578058824
0.02822000  4441.984788070588
0.02824000  4441.3589980823535
0.02826000  4440.733208094118
0.02828000  4440.107418105883
0.02830000  4439.481628117647
0.02832000  4438.855838129412
0.02834000  4438.230048141177
0.02836000  4437.604258152942
0.02838000  4436.978468164706
0.02840000  4436.35267817647
0.02842000  4435.7268881882355
0.02844000  4435.1010982
0.02846000  4434.475308211765
0.02848000  4433.849518223529
0.02850000  4433.223728235294
0.02852000  4432.597938247059
0.02854000  4431.972148258824
0.02856000  4431.346358270588
0.02858000  4430.720568282353
0.02860000  4430.0947782941175
0.02862000  4429.468988305883
0.02864000  4428.843198317647
0.02866000  4428.217408329412
0.02868000  4427.591618341176
0.02870000  4426.965828352942
0.02872000  4426.340038364706
0.02874000  4425.714248376471
0.02876000  4425.088458388235
0.02878000  4424.4626684
0.02880000  4423.836878411765
0.02882000  4423.21108842353
0.02884000  4422.585298435294
0.02886000  4421.959508447059
0.02888000  4421.333718458824
0.02890000  4420.707928470589
0.02892000  4420.082138482353
0.02894000  4419.456348494118
0.02896000  4418.830558505882
0.02898000  4418.204768517648
0.02900000  4417.578978529412
0.02902000  4416.953188541177
0.02904000  4416.327398552941
0.02906000  4415.7016085647065
0.02908000  4415.075818576471
0.02910000  4414.450028588236
0.02912000  4413.8242386
0.02914000  4413.198448611765
0.02916000  4412.57265862353
0.02918000  4411.946868635294
0.02920000  4411.321078647059
0.02922000  4410.695288658823
0.02924000  4410.0694986705885
0.02926000  4409.443708682353
0.02928000  4408.817918694118
0.02930000  4408.192128705882
0.02932000  4407.566338717647
0.02934000  4406.940548729412
0.02936000  4406.314758741177
0.02938000  4405.688968752941
0.02940000  4405.063178764706
0.02942000  4404.4373887764705
0.02944000  4403.811598788236
0.02946000  4403.1858088
0.02948000  4402.560018811765
0.02950000  4401.934228823529
0.02952000  4401.3084388352945
0.02954000  4400.682648847059
0.02956000  4400.056858858824
0.02958000  4399.431068870588
0.02960000  4398.805278882353
0.02962000  4398.179488894118
0.02964000  4397.553698905883
0.02966000  4396.927908917647
0.02968000  4396.302118929412
0.02970000  4395.6763289411765
0.02972000  4395.050538952942
0.02974000  4394.424748964706
0.02976000  4393.798958976471
0.02978000  4393.173168988235
0.02980000  4392.547379000001
0.02982000  4391.921589011765
0.02984000  4391.29579902353
0.02986000  4390.670009035294
0.02988000  4390.044219047059
0.02990000  4389.418429058824
0.02992000  4388.792639070589
0.02994000  4388.166849082353
0.02996000  4387.541059094117
0.02998000  4386.9152691058825
0.03000000  4386.289479117647
0.03002000  4385.663689129412
0.03004000  4385.037899141176
0.03006000  4384.412109152941
0.03008000  4383.786319164706
0.03010000  4383.160529176471
0.03012000  4382.534739188235
0.03014000  4381.9089492
0.03016000  4381.2831592117645
0.03018000  4380.65736922353
0.03020000  4380.031579235294
0.03022000  4379.405789247059
0.03024000  4378.779999258823
0.03026000  4378.154209270589
0.03028000  4377.528419282353
0.03030000  4376.902629294118
0.03032000  4376.276839305882
0.03034000  4375.651049317647
0.03036000  4375.025259329412
0.03038000  4374.399469341177
0.03040000  4373.773679352941
0.03042000  4373.147889364706
0.03044000  4372.522099376471
0.03046000  4371.896309388236
0.03048000  4371.2705194
0.03050000  4370.644729411765
0.03052000  4370.018939423529
0.03054000  4369.393149435295
0.03056000  4368.767359447059
0.03058000  4368.141569458824
0.03060000  4367.515779470588
0.03062000  4366.8899894823535
0.03064000  4366.264199494118
0.03066000  4365.638409505883
0.03068000  4365.012619517647
0.03070000  4364.386829529412
0.03072000  4363.761039541177
0.03074000  4363.135249552941
0.03076000  4362.509459564706
0.03078000  4361.88366957647
0.03080000  4361.2578795882355
0.03082000  4360.6320896
0.03084000  4360.006299611765
0.03086000  4359.380509623529
0.03088000  4358.754719635294
0.03090000  4358.128929647059
0.03092000  4357.503139658824
0.03094000  4356.877349670588
0.03096000  4356.251559682353
0.03098000  4355.6257696941175
0.03100000  4354.999979705883
0.03102000  4354.374189717647
0.03104000  4353.748399729412
0.03106000  4353.122609741176
0.03108000  4352.4968197529415
0.03110000  4351.871029764706
0.03112000  4351.245239776471
0.03114000  4350.619449788235
0.03116000  4349.9936598
0.03118000  4349.367869811765
0.03120000  4348.74207982353
0.03122000  4348.116289835294
0.03124000  4347.490499847059
0.03126000  4346.8647098588235
0.03128000  4346.238919870589
0.03130000  4345.613129882353
0.03132000  4344.987339894118
0.03134000  4344.361549905882
0.03136000  4343.735759917648
0.03138000  4343.109969929412
0.03140000  4342.484179941177
0.03142000  4341.858389952941
0.03144000  4341.232599964706
0.03146000  4340.606809976471
0.03148000  4339.981019988236
0.03150000  4339.35523
0.03152000  4338.729440011764
0.03154000  4338.10365002353
0.03156000  4337.477860035294
0.03158000  4336.852070047059
0.03160000  4336.226280058823
0.03162000  4335.600490070588
0.03164000  4334.974700082353
0.03166000  4334.348910094118
0.03168000  4333.723120105882
0.03170000  4333.097330117647
0.03172000  4332.471540129412
0.03174000  4331.845750141177
0.03176000  4331.219960152941
0.03178000  4330.594170164706
0.03180000  4329.96838017647
0.03182000  4329.342590188236
0.03184000  4328.7168002
0.03186000  4328.091010211765
0.03188000  4327.465220223529
0.03190000  4326.8394302352945
0.03192000  4326.213640247059
0.03194000  4325.587850258824
0.03196000  4324.962060270588
0.03198000  4324.336270282353
0.03200000  4323.710480294118
0.03202000  4323.084690305883
0.03204000  4322.458900317647
0.03206000  4321.833110329412
0.03208000  4321.2073203411765
0.03210000  4320.581530352942
0.03212000  4319.955740364706
0.03214000  4319.329950376471
0.03216000  4318.704160388235
0.03218000  4318.0783704000005
0.03220000  4317.452580411765
0.03222000  4316.82679042353
0.03224000  4316.201000435294
0.03226000  4315.575210447059
0.03228000  4314.949420458824
0.03230000  4314.323630470588
0.03232000  4313.697840482353
0.03234000  4313.072050494117
0.03236000  4312.4462605058825
0.03238000  4311.820470517647
0.03240000  4311.194680529412
0.03242000  4310.568890541176
0.03244000  4309.943100552941
0.03246000  4309.317310564706
0.03248000  4308.691520576471
0.03250000  4308.065730588235
0.03252000  4307.4399406
0.03254000  4306.8141506117645
0.03256000  4306.18836062353
0.03258000  4305.562570635294
0.03260000  4304.936780647059
0.03262000  4304.310990658823
0.03264000  4303.6852006705885
0.03266000  4303.059410682353
0.03268000  4302.433620694118
0.03270000  4301.807830705882
0.03272000  4301.182040717647
0.03274000  4300.556250729412
0.03276000  4299.930460741177
0.03278000  4299.304670752941
0.03280000  4298.678880764706
0.03282000  4298.0530907764705
0.03284000  4297.427300788236
0.03286000  4296.8015108
0.03288000  4296.175720811765
0.03290000  4295.549930823529
0.03292000  4294.924140835295
0.03294000  4294.298350847059
0.03296000  4293.672560858824
0.03298000  4293.046770870588
0.03300000  4292.4209808823525
0.03302000  4291.795190894118
0.03304000  4291.169400905883
0.03306000  4290.543610917647
0.03308000  4289.917820929411
0.03310000  4289.292030941177
0.03312000  4288.666240952941
0.03314000  4288.040450964706
0.03316000  4287.41466097647
0.03318000  4286.788870988235
0.03320000  4286.163081
0.03322000  4285.537291011765
0.03324000  4284.911501023529
0.03326000  4284.285711035294
0.03328000  4283.659921047059
0.03330000  4283.034131058824
0.03332000  4282.408341070588
0.03334000  4281.782551082353
0.03336000  4281.156761094117
0.03338000  4280.530971105883
0.03340000  4279.905181117647
0.03342000  4279.279391129412
0.03344000  4278.653601141176
0.03346000  4278.0278111529415
0.03348000  4277.402021164706
0.03350000  4276.776231176471
0.03352000  4276.150441188235
0.03354000  4275.5246512
0.03356000  4274.898861211765
0.03358000  4274.27307122353
0.03360000  4273.647281235294
0.03362000  4273.021491247059
0.03364000  4272.3957012588235
0.03366000  4271.769911270589
0.03368000  4271.144121282353
0.03370000  4270.518331294118
0.03372000  4269.892541305882
0.03374000  4269.2667513176475
0.03376000  4268.640961329412
0.03378000  4268.015171341176
0.03380000  4267.389381352941
0.03382000  4266.763591364706
0.03384000  4266.137801376471
0.03386000  4265.512011388235
0.03388000  4264.8862214
0.03390000  4264.260431411764
0.03392000  4263.6346414235295
0.03394000  4263.008851435294
0.03396000  4262.383061447059
0.03398000  4261.757271458823
0.03400000  4261.131481470588
0.03402000  4260.505691482353
0.03404000  4259.879901494118
0.03406000  4259.254111505882
0.03408000  4258.628321517647
0.03410000  4258.0025315294115
0.03412000  4257.376741541177
0.03414000  4256.750951552941
0.03416000  4256.125161564706
0.03418000  4255.49937157647
0.03420000  4254.8735815882355
0.03422000  4254.2477916
0.03424000  4253.622001611765
0.03426000  4252.996211623529
0.03428000  4252.370421635294
0.03430000  4251.744631647059
0.03432000  4251.118841658824
0.03434000  4250.493051670588
0.03436000  4249.867261682353
0.03438000  4249.2414716941175
0.03440000  4248.615681705883
0.03442000  4247.989891717647
0.03444000  4247.364101729412
0.03446000  4246.738311741176
0.03448000  4246.112521752942
0.03450000  4245.486731764706
0.03452000  4244.860941776471
0.03454000  4244.235151788235
0.03456000  4243.6093617999995
0.03458000  4242.983571811765
0.03460000  4242.35778182353
0.03462000  4241.731991835294
0.03464000  4241.106201847058
0.03466000  4240.480411858824
0.03468000  4239.854621870588
0.03470000  4239.228831882353
0.03472000  4238.603041894117
0.03474000  4237.977251905882
0.03476000  4237.351461917647
0.03478000  4236.725671929412
0.03480000  4236.099881941176
0.03482000  4235.474091952941
0.03484000  4234.848301964706
0.03486000  4234.222511976471
0.03488000  4233.596721988235
0.03490000  4232.970932
0.03492000  4232.345142011764
0.03494000  4231.71935202353
0.03496000  4231.093562035294
0.03498000  4230.467772047059
0.03500000  4229.841982058823
0.03502000  4229.2161920705885
0.03504000  4228.590402082353
0.03506000  4227.964612094118
0.03508000  4227.338822105882
0.03510000  4226.713032117647
0.03512000  4226.087242129412
0.03514000  4225.461452141177
0.03516000  4224.835662152941
0.03518000  4224.209872164706
0.03520000  4223.5840821764705
0.03522000  4222.958292188236
0.03524000  4222.3325022
0.03526000  4221.706712211765
0.03528000  4221.080922223529
0.03530000  4220.4551322352945
0.03532000  4219.829342247059
0.03534000  4219.203552258823
0.03536000  4218.577762270588
0.03538000  4217.951972282353
0.03540000  4217.326182294118
0.03542000  4216.700392305882
0.03544000  4216.074602317647
0.03546000  4215.448812329411
0.03548000  4214.8230223411765
0.03550000  4214.197232352941
0.03552000  4213.571442364706
0.03554000  4212.94565237647
0.03556000  4212.319862388235
0.03558000  4211.6940724
0.03560000  4211.068282411765
0.03562000  4210.442492423529
0.03564000  4209.816702435294
0.03566000  4209.1909124470585
0.03568000  4208.565122458824
0.03570000  4207.939332470588
0.03572000  4207.313542482353
0.03574000  4206.687752494117
0.03576000  4206.061962505883
0.03578000  4205.436172517647
0.03580000  4204.810382529412
0.03582000  4204.184592541176
0.03584000  4203.558802552941
0.03586000  4202.933012564706
0.03588000  4202.307222576471
0.03590000  4201.681432588235
0.03592000  4201.0556426
0.03594000  4200.4298526117645
0.03596000  4199.80406262353
0.03598000  4199.178272635294
0.03600000  4198.552482647059
0.03602000  4197.926692658823
0.03604000  4197.300902670589
0.03606000  4196.675112682353
0.03608000  4196.049322694118
0.03610000  4195.423532705882
0.03612000  4194.7977427176465
0.03614000  4194.171952729412
0.03616000  4193.546162741177
0.03618000  4192.920372752941
0.03620000  4192.294582764705
0.03622000  4191.668792776471
0.03624000  4191.043002788235
0.03626000  4190.4172128
0.03628000  4189.791422811764
0.03630000  4189.165632823529
0.03632000  4188.539842835294
0.03634000  4187.914052847059
0.03636000  4187.288262858823
0.03638000  4186.662472870588
0.03640000  4186.036682882353
0.03642000  4185.410892894118
0.03644000  4184.785102905882
0.03646000  4184.159312917647
0.03648000  4183.533522929411
0.03650000  4182.907732941177
0.03652000  4182.281942952941
0.03654000  4181.656152964706
0.03656000  4181.03036297647
0.03658000  4180.4045729882355
0.03660000  4179.778783
0.03662000  4179.152993011765
0.03664000  4178.527203023529
0.03666000  4177.901413035294
0.03668000  4177.275623047059
0.03670000  4176.649833058824
0.03672000  4176.024043070588
0.03674000  4175.398253082353
0.03676000  4174.7724630941175
0.03678000  4174.146673105883
0.03680000  4173.520883117647
0.03682000  4172.895093129412
0.03684000  4172.269303141176
0.03686000  4171.6435131529415
0.03688000  4171.017723164706
0.03690000  4170.39193317647
0.03692000  4169.766143188235
0.03694000  4169.1403532
0.03696000  4168.514563211765
0.03698000  4167.888773223529
0.03700000  4167.262983235294
0.03702000  4166.637193247058
0.03704000  4166.0114032588235
0.03706000  4165.385613270588
0.03708000  4164.759823282353
0.03710000  4164.134033294117
0.03712000  4163.508243305882
0.03714000  4162.882453317647
0.03716000  4162.256663329412
0.03718000  4161.630873341176
0.03720000  4161.005083352941
0.03722000  4160.3792933647055
0.03724000  4159.753503376471
0.03726000  4159.127713388235
0.03728000  4158.5019234
0.03730000  4157.876133411764
0.03732000  4157.25034342353
0.03734000  4156.624553435294
0.03736000  4155.998763447059
0.03738000  4155.372973458823
0.03740000  4154.747183470588
0.03742000  4154.121393482353
0.03744000  4153.495603494118
0.03746000  4152.869813505882
0.03748000  4152.244023517647
0.03750000  4151.618233529412
0.03752000  4150.992443541177
0.03754000  4150.366653552941
0.03756000  4149.740863564706
0.03758000  4149.11507357647
0.03760000  4148.489283588236
0.03762000  4147.8634936
0.03764000  4147.237703611765
0.03766000  4146.611913623529
0.03768000  4145.986123635294
0.03770000  4145.360333647059
0.03772000  4144.734543658824
0.03774000  4144.108753670588
0.03776000  4143.482963682352
0.03778000  4142.857173694118
0.03780000  4142.231383705882
0.03782000  4141.605593717647
0.03784000  4140.979803729411
0.03786000  4140.3540137411765
0.03788000  4139.728223752941
0.03790000  4139.102433764706
0.03792000  4138.47664377647
0.03794000  4137.850853788235
0.03796000  4137.2250638
0.03798000  4136.599273811765
0.03800000  4135.973483823529
0.03802000  4135.347693835294
0.03804000  4134.7219038470585
0.03806000  4134.096113858824
0.03808000  4133.470323870588
0.03810000  4132.844533882353
0.03812000  4132.218743894117
0.03814000  4131.5929539058825
0.03816000  4130.967163917647
0.03818000  4130.341373929412
0.03820000  4129.715583941176
0.03822000  4129.089793952941
0.03824000  4128.464003964706
0.03826000  4127.838213976471
0.03828000  4127.212423988235
0.03830000  4126.586634
0.03832000  4125.9608440117645
0.03834000  4125.33505402353
0.03836000  4124.709264035294
0.03838000  4124.083474047059
0.03840000  4123.457684058823
0.03842000  4122.8318940705885
0.03844000  4122.206104082353
0.03846000  4121.580314094117
0.03848000  4120.954524105882
0.03850000  4120.328734117647
0.03852000  4119.702944129412
0.03854000  4119.077154141176
0.03856000  4118.451364152941
0.03858000  4117.825574164705
0.03860000  4117.1997841764705
0.03862000  4116.573994188235
0.03864000  4115.9482042
0.03866000  4115.322414211764
0.03868000  4114.696624223529
0.03870000  4114.070834235294
0.03872000  4113.445044247059
0.03874000  4112.819254258823
0.03876000  4112.193464270588
0.03878000  4111.5676742823525
0.03880000  4110.941884294118
0.03882000  4110.316094305882
0.03884000  4109.690304317647
0.03886000  4109.064514329411
0.03888000  4108.438724341177
0.03890000  4107.812934352941
0.03892000  4107.187144364706
0.03894000  4106.56135437647
0.03896000  4105.935564388235
0.03898000  4105.3097744
0.03900000  4104.683984411765
0.03902000  4104.058194423529
0.03904000  4103.432404435294
0.03906000  4102.806614447059
0.03908000  4102.180824458824
0.03910000  4101.555034470588
0.03912000  4100.929244482353
0.03914000  4100.303454494117
0.03916000  4099.677664505883
0.03918000  4099.051874517647
0.03920000  4098.426084529412
0.03922000  4097.800294541176
0.03924000  4097.174504552941
0.03926000  4096.548714564706
0.03928000  4095.9229245764705
0.03930000  4095.297134588235
0.03932000  4094.6713446
0.03934000  4094.0455546117646
0.03936000  4093.4197646235293
0.03938000  4092.793974635294
0.03940000  4092.1681846470588
0.03942000  4091.5423946588235
0.03944000  4090.916604670588
0.03946000  4090.290814682353
0.03948000  4089.6650246941176
0.03950000  4089.0392347058823
0.03952000  4088.4134447176466
0.03954000  4087.7876547294118
0.03956000  4087.161864741176
0.03958000  4086.536074752941
0.03960000  4085.9102847647055
0.03962000  4085.2844947764706
0.03964000  4084.658704788235
0.03966000  4084.0329148
0.03968000  4083.4071248117643
0.03970000  4082.7813348235295
0.03972000  4082.1555448352938
0.03974000  4081.5297548470585
0.03976000  4080.903964858823
0.03978000  4080.278174870588
0.03980000  4079.6523848823526
0.03982000  4079.0265948941174
0.03984000  4078.400804905882
0.03986000  4077.775014917647
0.03988000  4077.1492249294115
0.03990000  4076.523434941176
0.03992000  4075.897644952941
0.03994000  4075.2718549647057
0.03996000  4074.6460649764704
0.03998000  4074.020274988235
0.04000000  4073.394485
0.04002000  4068.884626
0.04004000  4064.721335
0.04006000  4060.888278
0.04008000  4057.329381
0.04010000  4053.810642
0.04012000  4049.607135
0.04014000  4043.969808
0.04016000  4036.378798
0.04018000  4026.241872
0.04020000  4012.899511
0.04022000  3994.761801
0.04024000  3967.052898
0.04026000  3923.931655
0.04028000  3858.072369
0.04030000  3759.236185
0.04032000  3613.520771
0.04034000  3404.430695
0.04036000  3118.147547
0.04038000  2762.139329
0.04040000  2381.650996
0.04042000  2011.291083
0.04044000  1648.311137
0.04046000  1270.14276
0.04048000  872.066056
0.04050000  522.127929
0.04052000  303.540481
0.04054000  192.2367
0.04056000  143.85138
0.04058000  131.579181
0.04060000  152.394946
0.04062000  224.189426
0.04064000  390.343478
0.04066000  708.058467
0.04068000  1183.84454
0.04070000  1754.357324
0.04072000  2336.384786
0.04074000  2865.577358
0.04076000  3310.688708
0.04078000  3664.388937
0.04080000  3931.490797
0.04082000  4125.443841
0.04084000  4263.30285
0.04086000  4360.742603
0.04088000  4429.864864
0.04090000  4479.270199
0.04092000  4514.881343
0.04094000  4540.748828
0.04096000  4559.64855
0.04098000  4573.529948
0.04100000  4583.75498
0.04102000  4591.296895
0.04104000  4596.857351
0.04106000  4600.942826
0.04108000  4603.929205
0.04110000  4606.092532
0.04112000  4607.647646
0.04114000  4608.744129
0.04116000  4609.500139
0.04118000  4609.998326
0.04120000  4610.29964
0.04122000  4610.454163
0.04124000  4610.498679
0.04126000  4610.4594
0.04128000  4610.359883
0.04130000  4610.218432
0.04132000  4610.048119
0.04134000  4609.862025
0.04136000  4609.670622
0.04138000  4609.484399
0.04140000  4609.30861
0.04142000  4609.143264
0.04144000  4608.988371
0.04146000  4608.846567
0.04148000  4608.712606
0.04150000  4608.589124
0.04152000  4608.473498
0.04154000  4608.368363
0.04156000  4608.268466
0.04158000  4608.176439
0.04160000  4608.089657
0.04162000  4608.008122
0.04164000  4607.929206
0.04166000  4607.855541
0.04168000  4607.781865
0.04170000  4607.713444
0.04172000  4607.645014
0.04174000  4607.579208
0.04176000  4607.516026
0.04178000  4607.452838
0.04180000  4607.392275
0.04182000  4607.331706
0.04184000  4607.273764
0.04186000  4607.215816
0.04188000  4607.157862
0.04190000  4607.102537
0.04192000  4607.049841
0.04194000  4606.994504
0.04196000  4606.941798
0.04198000  4606.891722
0.04200000  4606.841642
0.04202000  4606.791557
0.04204000  4606.744104
0.04206000  4606.694011
0.04208000  4606.649186
0.04210000  4606.601721
0.04212000  4606.556889
0.04214000  4606.512053
0.04216000  4606.469852
0.04218000  4606.427647
0.04220000  4606.385439
0.04222000  4606.345866
0.04224000  4606.30629
0.04226000  4606.266712
0.04228000  4606.22713
0.04230000  4606.190185
0.04232000  4606.153237
0.04234000  4606.116287
0.04236000  4606.081974
0.04238000  4606.047659
0.04240000  4606.013342
0.04242000  4605.981662
0.04244000  4605.949981
0.04246000  4605.918298
0.04248000  4605.886613
0.04250000  4605.857567
0.04252000  4605.828519
0.04254000  4605.79947
0.04256000  4605.773061
0.04258000  4605.744009
0.04260000  4605.717597
0.04262000  4605.691183
0.04264000  4605.66741
0.04266000  4605.643636
0.04268000  4605.61986
0.04270000  4605.596084
0.04272000  4605.572307
0.04274000  4605.55117
0.04276000  4605.530033
0.04278000  4605.508896
0.04280000  4605.487757
0.04282000  4605.46926
0.04284000  4605.450762
0.04286000  4605.432264
0.04288000  4605.413765
0.04290000  4605.395266
0.04292000  4605.379409
0.04294000  4605.360908
0.04296000  4605.34505
0.04298000  4605.331834
0.04300000  4605.315975
0.04302000  4604.690185011765
0.04304000  4604.06439502353
0.04306000  4603.438605035294
0.04308000  4602.812815047059
0.04310000  4602.187025058824
0.04312000  4601.561235070589
0.04314000  4600.935445082353
0.04316000  4600.309655094118
0.04318000  4599.683865105882
0.04320000  4599.058075117648
0.04322000  4598.432285129412
0.04324000  4597.806495141177
0.04326000  4597.180705152941
0.04328000  4596.5549151647065
0.04330000  4595.929125176471
0.04332000  4595.303335188236
0.04334000  4594.6775452
0.04336000  4594.051755211765
0.04338000  4593.42596522353
0.04340000  4592.800175235295
0.04342000  4592.174385247059
0.04344000  4591.548595258824
0.04346000  4590.9228052705885
0.04348000  4590.297015282354
0.04350000  4589.671225294118
0.04352000  4589.045435305883
0.04354000  4588.419645317647
0.04356000  4587.7938553294125
0.04358000  4587.168065341177
0.04360000  4586.542275352942
0.04362000  4585.916485364706
0.04364000  4585.290695376471
0.04366000  4584.664905388236
0.04368000  4584.039115400001
0.04370000  4583.413325411765
0.04372000  4582.78753542353
0.04374000  4582.1617454352945
0.04376000  4581.53595544706
0.04378000  4580.910165458824
0.04380000  4580.284375470588
0.04382000  4579.658585482353
0.04384000  4579.032795494118
0.04386000  4578.407005505883
0.04388000  4577.781215517647
0.04390000  4577.155425529412
0.04392000  4576.5296355411765
0.04394000  4575.903845552942
0.04396000  4575.278055564706
0.04398000  4574.652265576471
0.04400000  4574.026475588235
0.04402000  4573.4006856000005
0.04404000  4572.774895611765
0.04406000  4572.14910562353
0.04408000  4571.523315635294
0.04410000  4570.897525647059
0.04412000  4570.271735658824
0.04414000  4569.645945670589
0.04416000  4569.020155682353
0.04418000  4568.394365694118
0.04420000  4567.7685757058825
0.04422000  4567.142785717648
0.04424000  4566.516995729412
0.04426000  4565.891205741177
0.04428000  4565.265415752941
0.04430000  4564.639625764707
0.04432000  4564.013835776471
0.04434000  4563.388045788236
0.04436000  4562.7622558
0.04438000  4562.136465811765
0.04440000  4561.51067582353
0.04442000  4560.884885835295
0.04444000  4560.259095847059
0.04446000  4559.633305858824
0.04448000  4559.007515870589
0.04450000  4558.381725882354
0.04452000  4557.755935894118
0.04454000  4557.130145905883
0.04456000  4556.504355917647
0.04458000  4555.878565929412
0.04460000  4555.252775941177
0.04462000  4554.626985952941
0.04464000  4554.001195964706
0.04466000  4553.375405976471
0.04468000  4552.749615988236
0.04470000  4552.123826
0.04472000  4551.498036011765
0.04474000  4550.872246023529
0.04476000  4550.246456035295
0.04478000  4549.620666047059
0.04480000  4548.994876058824
0.04482000  4548.369086070588
0.04484000  4547.7432960823535
0.04486000  4547.117506094118
0.04488000  4546.491716105883
0.04490000  4545.865926117647
0.04492000  4545.240136129412
0.04494000  4544.614346141177
0.04496000  4543.988556152942
0.04498000  4543.362766164706
0.04500000  4542.736976176471
0.04502000  4542.1111861882355
0.04504000  4541.485396200001
0.04506000  4540.859606211765
0.04508000  4540.23381622353
0.04510000  4539.608026235294
0.04512000  4538.9822362470595
0.04514000  4538.356446258824
0.04516000  4537.730656270589
0.04518000  4537.104866282353
0.04520000  4536.479076294118
0.04522000  4535.853286305883
0.04524000  4535.227496317648
0.04526000  4534.601706329412
0.04528000  4533.975916341177
0.04530000  4533.3501263529415
0.04532000  4532.724336364707
0.04534000  4532.098546376471
0.04536000  4531.472756388235
0.04538000  4530.8469664
0.04540000  4530.221176411765
0.04542000  4529.59538642353
0.04544000  4528.969596435294
0.04546000  4528.343806447059
0.04548000  4527.7180164588235
0.04550000  4527.092226470589
0.04552000  4526.466436482353
0.04554000  4525.840646494118
0.04556000  4525.214856505882
0.04558000  4524.589066517648
0.04560000  4523.963276529412
0.04562000  4523.337486541177
0.04564000  4522.711696552941
0.04566000  4522.085906564706
0.04568000  4521.460116576471
0.04570000  4520.834326588236
0.04572000  4520.2085366
0.04574000  4519.582746611765
0.04576000  4518.95695662353
0.04578000  4518.331166635295
0.04580000  4517.705376647059
0.04582000  4517.079586658824
0.04584000  4516.453796670588
0.04586000  4515.828006682354
0.04588000  4515.202216694118
0.04590000  4514.576426705883
0.04592000  4513.950636717647
0.04594000  4513.3248467294125
0.04596000  4512.699056741177
0.04598000  4512.073266752942
0.04600000  4511.447476764706
0.04602000  4510.821686776471
0.04604000  4510.195896788236
0.04606000  4509.570106800001
0.04608000  4508.944316811765
0.04610000  4508.31852682353
0.04612000  4507.692736835294
0.04614000  4507.066946847059
0.04616000  4506.441156858824
0.04618000  4505.815366870588
0.04620000  4505.189576882353
0.04622000  4504.563786894118
0.04624000  4503.937996905883
0.04626000  4503.312206917647
0.04628000  4502.686416929412
0.04630000  4502.060626941176
0.04632000  4501.434836952942
0.04634000  4500.809046964706
0.04636000  4500.183256976471
0.04638000  4499.557466988235
0.04640000  4498.9316770000005
0.04642000  4498.305887011765
0.04644000  4497.68009702353
0.04646000  4497.054307035294
0.04648000  4496.428517047059
0.04650000  4495.802727058824
0.04652000  4495.176937070589
0.04654000  4494.551147082353
0.04656000  4493.925357094118
0.04658000  4493.2995671058825
0.04660000  4492.673777117648
0.04662000  4492.047987129412
0.04664000  4491.422197141177
0.04666000  4490.796407152941
0.04668000  4490.1706171647065
0.04670000  4489.544827176471
0.04672000  4488.919037188236
0.04674000  4488.2932472
0.04676000  4487.667457211765
0.04678000  4487.04166722353
0.04680000  4486.415877235295
0.04682000  4485.790087247059
0.04684000  4485.164297258824
0.04686000  4484.5385072705885
0.04688000  4483.912717282353
0.04690000  4483.286927294118
0.04692000  4482.661137305882
0.04694000  4482.035347317647
0.04696000  4481.409557329412
0.04698000  4480.783767341177
0.04700000  4480.157977352941
0.04702000  4479.532187364706
0.04704000  4478.9063973764705
0.04706000  4478.280607388236
0.04708000  4477.6548174
0.04710000  4477.029027411765
0.04712000  4476.403237423529
0.04714000  4475.777447435295
0.04716000  4475.151657447059
0.04718000  4474.525867458824
0.04720000  4473.900077470588
0.04722000  4473.274287482353
0.04724000  4472.648497494118
0.04726000  4472.022707505883
0.04728000  4471.396917517647
0.04730000  4470.771127529412
0.04732000  4470.145337541177
0.04734000  4469.519547552942
0.04736000  4468.893757564706
0.04738000  4468.267967576471
0.04740000  4467.642177588235
0.04742000  4467.016387600001
0.04744000  4466.390597611765
0.04746000  4465.76480762353
0.04748000  4465.139017635294
0.04750000  4464.5132276470595
0.04752000  4463.887437658824
0.04754000  4463.261647670589
0.04756000  4462.635857682353
0.04758000  4462.010067694118
0.04760000  4461.384277705883
0.04762000  4460.758487717647
0.04764000  4460.132697729412
0.04766000  4459.506907741177
0.04768000  4458.8811177529415
0.04770000  4458.255327764706
0.04772000  4457.629537776471
0.04774000  4457.003747788235
0.04776000  4456.3779578
0.04778000  4455.752167811765
0.04780000  4455.12637782353
0.04782000  4454.500587835294
0.04784000  4453.874797847059
0.04786000  4453.2490078588235
0.04788000  4452.623217870589
0.04790000  4451.997427882353
0.04792000  4451.371637894118
0.04794000  4450.745847905882
0.04796000  4450.1200579176475
0.04798000  4449.494267929412
0.04800000  4448.868477941177
0.04802000  4448.242687952941
0.04804000  4447.616897964706
0.04806000  4446.991107976471
0.04808000  4446.365317988236
0.04810000  4445.739528
0.04812000  4445.113738011765
0.04814000  4444.4879480235295
0.04816000  4443.862158035295
0.04818000  4443.236368047059
0.04820000  4442.610578058824
0.04822000  4441.984788070588
0.04824000  4441.3589980823535
0.04826000  4440.733208094118
0.04828000  4440.107418105883
0.04830000  4439.481628117647
0.04832000  4438.855838129412
0.04834000  4438.230048141177
0.04836000  4437.604258152942
0.04838000  4436.978468164706
0.04840000  4436.35267817647
0.04842000  4435.7268881882355
0.04844000  4435.1010982
0.04846000  4434.475308211765
0.04848000  4433.849518223529
0.04850000  4433.223728235294
0.04852000  4432.597938247059
0.04854000  4431.972148258824
0.04856000  4431.346358270588
0.04858000  4430.720568282353
0.04860000  4430.0947782941175
0.04862000  4429.468988305883
0.04864000  4428.843198317647
0.04866000  4428.217408329412
0.04868000  4427.591618341176
0.04870000  4426.965828352942
0.04872000  4426.340038364706
0.04874000  4425.714248376471
0.04876000  4425.088458388235
0.04878000  4424.4626684
0.04880000  4423.836878411765
0.04882000  4423.21108842353
0.04884000  4422.585298435294
0.04886000  4421.959508447059
0.04888000  4421.333718458824
0.04890000  4420.707928470589
0.04892000  4420.082138482353
0.04894000  4419.456348494118
0.04896000  4418.830558505882
0.04898000  4418.204768517648
0.04900000  4417.578978529412
0.04902000  4416.953188541177
0.04904000  4416.327398552941
0.04906000  4415.7016085647065
0.04908000  4415.075818576471
0.04910000  4414.450028588236
0.04912000  4413.8242386
0.04914000  4413.198448611765
0.04916000  4412.57265862353
0.04918000  4411.946868635294
0.04920000  4411.321078647059
0.04922000  4410.695288658823
0.04924000  4410.0694986705885
0.04926000  4409.443708682353
0.04928000  4408.817918694118
0.04930000  4408.192128705882
0.04932000  4407.566338717647
0.04934000  4406.940548729412
0.04936000  4406.314758741177
0.04938000  4405.688968752941
0.04940000  4405.063178764706
0.04942000  4404.4373887764705
0.04944000  4403.811598788236
0.04946000  4403.1858088
0.04948000  4402.560018811765
0.04950000  4401.934228823529
0.04952000  4401.3084388352945
0.04954000  4400.682648847059
0.04956000  4400.056858858824
0.04958000  4399.431068870588
0.04960000  4398.805278882353
0.04962000  4398.179488894118
0.04964000  4397.553698905883
0.04966000  4396.927908917647
0.04968000  4396.302118929412
0.04970000  4395.6763289411765
0.04972000  4395.050538952942
0.04974000  4394.424748964706
0.04976000  4393.798958976471
0.04978000  4393.173168988235
0.04980000  4392.547379000001
0.04982000  4391.921589011765
0.04984000  4391.29579902353
0.04986000  4390.670009035294
0.04988000  4390.044219047059
0.04990000  4389.418429058824
0.04992000  4388.792639070589
0.04994000  4388.166849082353
0.04996000  4387.541059094117
0.04998000  4386.9152691058825
0.05000000  4386.289479117647
0.05002000  4385.663689129412
0.05004000  4385.037899141176
0.05006000  4384.412109152941
0.05008000  4383.786319164706
0.05010000  4383.160529176471
0.05012000  4382.534739188235
0.05014000  4381.9089492
0.05016000  4381.2831592117645
0.05018000  4380.65736922353
0.05020000  4380.031579235294
0.05022000  4379.405789247059
0.05024000  4378.779999258823
0.05026000  4378.154209270589
0.05028000  4377.528419282353
0.05030000  4376.902629294118
0.05032000  4376.276839305882
0.05034000  4375.651049317647
0.05036000  4375.025259329412
0.05038000  4374.399469341177
0.05040000  4373.773679352941
0.05042000  4373.147889364706
0.05044000  4372.522099376471
0.05046000  4371.896309388236
0.05048000  4371.2705194
0.05050000  4370.644729411765
0.05052000  4370.018939423529
0.05054000  4369.393149435295
0.05056000  4368.767359447059
0.05058000  4368.141569458824
0.05060000  4367.515779470588
0.05062000  4366.8899894823535
0.05064000  4366.264199494118
0.05066000  4365.638409505883
0.05068000  4365.012619517647
0.05070000  4364.386829529412
0.05072000  4363.761039541177
0.05074000  4363.135249552941
0.05076000  4362.509459564706
0.05078000  4361.88366957647
0.05080000  4361.2578795882355
0.05082000  4360.6320896
0.05084000  4360.006299611765
0.05086000  4359.380509623529
0.05088000  4358.754719635294
0.05090000  4358.128929647059
0.05092000  4357.503139658824
0.05094000  4356.877349670588
0.05096000  4356.251559682353
0.05098000  4355.6257696941175
0.05100000  4354.999979705883
0.05102000  4354.374189717647
0.05104000  4353.748399729412
0.05106000  4353.122609741176
0.05108000  4352.4968197529415
0.05110000  4351.871029764706
0.05112000  4351.245239776471
0.05114000  4350.619449788235
0.05116000  4349.9936598
0.05118000  4349.367869811765
0.05120000  4348.74207982353
0.05122000  4348.116289835294
0.05124000  4347.490499847059
0.05126000  4346.8647098588235
0.05128000  4346.238919870589
0.05130000  4345.613129882353
0.05132000  4344.987339894118
0.05134000  4344.361549905882
0.05136000  4343.735759917648
0.05138000  4343.109969929412
0.05140000  4342.484179941177
0.05142000  4341.858389952941
0.05144000  4341.232599964706
0.05146000  4340.606809976471
0.05148000  4339.981019988236
0.05150000  4339.35523
0.05152000  4338.729440011764
0.05154000  4338.10365002353
0.05156000  4337.477860035294
0.05158000  4336.852070047059
0.05160000  4336.226280058823
0.05162000  4335.600490070588
0.05164000  4334.974700082353
0.05166000  4334.348910094118
0.05168000  4333.723120105882
0.05170000  4333.097330117647
0.05172000  4332.471540129412
0.05174000  4331.845750141177
0.05176000  4331.219960152941
0.05178000  4330.594170164706
0.05180000  4329.96838017647
0.05182000  4329.342590188236
0.05184000  4328.7168002
0.05186000  4328.091010211765
0.05188000  4327.465220223529
0.05190000  4326.8394302352945
0.05192000  4326.213640247059
0.05194000  4325.587850258824
0.05196000  4324.962060270588
0.05198000  4324.336270282353
0.05200000  4323.710480294118
0.05202000  4323.084690305883
0.05204000  4322.458900317647
0.05206000  4321.833110329412
0.05208000  4321.2073203411765
0.05210000  4320.581530352942
0.05212000  4319.955740364706
0.05214000  4319.329950376471
0.05216000  4318.704160388235
0.05218000  4318.0783704000005
0.05220000  4317.452580411765
0.05222000  4316.82679042353
0.05224000  4316.201000435294
0.05226000  4315.575210447059
0.05228000  4314.949420458824
0.05230000  4314.323630470588
0.05232000  4313.697840482353
0.05234000  4313.072050494117
0.05236000  4312.4462605058825
0.05238000  4311.820470517647
0.05240000  4311.194680529412
0.05242000  4310.568890541176
0.05244000  4309.943100552941
0.05246000  4309.317310564706
0.05248000  4308.691520576471
0.05250000  4308.065730588235
0.05252000  4307.4399406
0.05254000  4306.8141506117645
0.05256000  4306.18836062353
0.05258000  4305.562570635294
0.05260000  4304.936780647059
0.05262000  4304.310990658823
0.05264000  4303.6852006705885
0.05266000  4303.059410682353
0.05268000  4302.433620694118
0.05270000  4301.807830705882
0.05272000  4301.182040717647
0.05274000  4300.556250729412
0.05276000  4299.930460741177
0.05278000  4299.304670752941
0.05280000  4298.678880764706
0.05282000  4298.0530907764705
0.05284000  4297.427300788236
0.05286000  4296.8015108
0.05288000  4296.175720811765
0.05290000  4295.549930823529
0.05292000  4294.924140835295
0.05294000  4294.298350847059
0.05296000  4293.672560858824
0.05298000  4293.046770870588
0.05300000  4292.4209808823525
0.05302000  4291.795190894118
0.05304000  4291.169400905883
0.05306000  4290.543610917647
0.05308000  4289.917820929411
0.05310000  4289.292030941177
0.05312000  4288.666240952941
0.05314000  4288.040450964706
0.05316000  4287.41466097647
0.05318000  4286.788870988235
0.05320000  4286.163081
0.05322000  4285.537291011765
0.05324000  4284.911501023529
0.05326000  4284.285711035294
0.05328000  4283.659921047059
0.05330000  4283.034131058824
0.05332000  4282.408341070588
0.05334000  4281.782551082353
0.05336000  4281.156761094117
0.05338000  4280.530971105883
0.05340000  4279.905181117647
0.05342000  4279.279391129412
0.05344000  4278.653601141176
0.05346000  4278.0278111529415
0.05348000  4277.402021164706
0.05350000  4276.776231176471
0.05352000  4276.150441188235
0.05354000  4275.5246512
0.05356000  4274.898861211765
0.05358000  4274.27307122353
0.05360000  4273.647281235294
0.05362000  4273.021491247059
0.05364000  4272.3957012588235
0.05366000  4271.769911270589
0.05368000  4271.144121282353
0.05370000  4270.518331294118
0.05372000  4269.892541305882
0.05374000  4269.2667513176475
0.05376000  4268.640961329412
0.05378000  4268.015171341176
0.05380000  4267.389381352941
0.05382000  4266.763591364706
0.05384000  4266.137801376471
0.05386000  4265.512011388235
0.05388000  4264.8862214
0.05390000  4264.260431411764
0.05392000  4263.6346414235295
0.05394000  4263.008851435294
0.05396000  4262.383061447059
0.05398000  4261.757271458823
0.05400000  4261.131481470588
0.05402000  4260.505691482353
0.05404000  4259.879901494118
0.05406000  4259.254111505882
0.05408000  4258.628321517647
0.05410000  4258.0025315294115
0.05412000  4257.376741541177
0.05414000  4256.750951552941
0.05416000  4256.125161564706
0.05418000  4255.49937157647
0.05420000  4254.8735815882355
0.05422000  4254.2477916
0.05424000  4253.622001611765
0.05426000  4252.996211623529
0.05428000  4252.370421635294
0.05430000  4251.744631647059
0.05432000  4251.118841658824
0.05434000  4250.493051670588
0.05436000  4249.867261682353
0.05438000  4249.2414716941175
0.05440000  4248.615681705883
0.05442000  4247.989891717647
0.05444000  4247.364101729412
0.05446000  4246.738311741176
0.05448000  4246.112521752942
0.05450000  4245.486731764706
0.05452000  4244.860941776471
0.05454000  4244.235151788235
0.05456000  4243.6093617999995
0.05458000  4242.983571811765
0.05460000  4242.35778182353
0.05462000  4241.731991835294
0.05464000  4241.106201847058
0.05466000  4240.480411858824
0.05468000  4239.854621870588
0.05470000  4239.228831882353
0.05472000  4238.603041894117
0.05474000  4237.977251905882
0.05476000  4237.351461917647
0.05478000  4236.725671929412
0.05480000  4236.099881941176
0.05482000  4235.474091952941
0.05484000  4234.848301964706
0.05486000  4234.222511976471
0.05488000  4233.596721988235
0.05490000  4232.970932
0.05492000  4232.345142011764
0.05494000  4231.71935202353
0.05496000  4231.093562035294
0.05498000  4230.467772047059
0.05500000  4229.841982058823
0.05502000  4229.2161920705885
0.05504000  4228.590402082353
0.05506000  4227.964612094118
0.05508000  4227.338822105882
0.05510000  4226.713032117647
0.05512000  4226.087242129412
0.05514000  4225.461452141177
0.05516000  4224.835662152941
0.05518000  4224.209872164706
0.05520000  4223.5840821764705
0.05522000  4222.958292188236
0.05524000  4222.3325022
0.05526000  4221.706712211765
0.05528000  4221.080922223529
0.05530000  4220.4551322352945
0.05532000  4219.829342247059
0.05534000  4219.203552258823
0.05536000  4218.577762270588
0.05538000  4217.951972282353
0.05540000  4217.326182294118
0.05542000  4216.700392305882
0.05544000  4216.074602317647
0.05546000  4215.448812329411
0.05548000  4214.8230223411765
0.05550000  4214.197232352941
0.05552000  4213.571442364706
0.05554000  4212.94565237647
0.05556000  4212.319862388235
0.05558000  4211.6940724
0.05560000  4211.068282411765
0.05562000  4210.442492423529
0.05564000  4209.816702435294
0.05566000  4209.1909124470585
0.05568000  4208.565122458824
0.05570000  4207.939332470588
0.05572000  4207.313542482353
0.05574000  4206.687752494117
0.05576000  4206.061962505883
0.05578000  4205.436172517647
0.05580000  4204.810382529412
0.05582000  4204.184592541176
0.05584000  4203.558802552941
0.05586000  4202.933012564706
0.05588000  4202.307222576471
0.05590000  4201.681432588235
0.05592000  4201.0556426
0.05594000  4200.4298526117645
0.05596000  4199.80406262353
0.05598000  4199.178272635294
0.05600000  4198.552482647059
0.05602000  4197.926692658823
0.05604000  4197.300902670589
0.05606000  4196.675112682353
0.05608000  4196.049322694118
0.05610000  4195.423532705882
0.05612000  4194.7977427176465
0.05614000  4194.171952729412
0.05616000  4193.546162741177
0.05618000  4192.920372752941
0.05620000  4192.294582764705
0.05622000  4191.668792776471
0.05624000  4191.043002788235
0.05626000  4190.4172128
0.05628000  4189.791422811764
0.05630000  4189.165632823529
0.05632000  4188.539842835294
0.05634000  4187.914052847059
0.05636000  4187.288262858823
0.05638000  4186.662472870588
0.05640000  4186.036682882353
0.05642000  4185.410892894118
0.05644000  4184.785102905882
0.05646000  4184.159312917647
0.05648000  4183.533522929411
0.05650000  4182.907732941177
0.05652000  4182.281942952941
0.05654000  4181.656152964706
0.05656000  4181.03036297647
0.05658000  4180.4045729882355
0.05660000  4179.778783
0.05662000  4179.152993011765
0.05664000  4178.527203023529
0.05666000  4177.901413035294
0.05668000  4177.275623047059
0.05670000  4176.649833058824
0.05672000  4176.024043070588
0.05674000  4175.398253082353
0.05676000  4174.7724630941175
0.05678000  4174.146673105883
0.05680000  4173.520883117647
0.05682000  4172.895093129412
0.05684000  4172.269303141176
0.05686000  4171.6435131529415
0.05688000  4171.017723164706
0.05690000  4170.39193317647
0.05692000  4169.766143188235
0.05694000  4169.1403532
0.05696000  4168.514563211765
0.05698000  4167.888773223529
0.05700000  4167.262983235294
0.05702000  4166.637193247058
0.05704000  4166.0114032588235
0.05706000  4165.385613270588
0.05708000  4164.759823282353
0.05710000  4164.134033294117
0.05712000  4163.508243305882
0.05714000  4162.882453317647
0.05716000  4162.256663329412
0.05718000  4161.630873341176
0.05720000  4161.005083352941
0.05722000  4160.3792933647055
0.05724000  4159.753503376471
0.05726000  4159.127713388235
0.05728000  4158.5019234
0.05730000  4157.876133411764
0.05732000  4157.25034342353
0.05734000  4156.624553435294
0.05736000  4155.998763447059
0.05738000  4155.372973458823
0.05740000  4154.747183470588
0.05742000  4154.121393482353
0.05744000  4153.495603494118
0.05746000  4152.869813505882
0.05748000  4152.244023517647
0.05750000  4151.618233529412
0.05752000  4150.992443541177
0.05754000  4150.366653552941
0.05756000  4149.740863564706
0.05758000  4149.11507357647
0.05760000  4148.489283588236
0.05762000  4147.8634936
0.05764000  4147.237703611765
0.05766000  4146.611913623529
0.05768000  4145.986123635294
0.05770000  4145.360333647059
0.05772000  4144.734543658824
0.05774000  4144.108753670588
0.05776000  4143.482963682352
0.05778000  4142.857173694118
0.05780000  4142.231383705882
0.05782000  4141.605593717647
0.05784000  4140.979803729411
0.05786000  4140.3540137411765
0.05788000  4139.728223752941
0.05790000  4139.102433764706
0.05792000  4138.47664377647
0.05794000  4137.850853788235
0.05796000  4137.2250638
0.05798000  4136.599273811765
0.05800000  4135.973483823529
0.05802000  4135.347693835294
0.05804000  4134.7219038470585
0.05806000  4134.096113858824
0.05808000  4133.470323870588
0.05810000  4132.844533882353
0.05812000  4132.218743894117
0.05814000  4131.5929539058825
0.05816000  4130.967163917647
0.05818000  4130.341373929412
0.05820000  4129.715583941176
0.05822000  4129.089793952941
0.05824000  4128.464003964706
0.05826000  4127.838213976471
0.05828000  4127.212423988235
0.05830000  4126.586634
0.05832000  4125.9608440117645
0.05834000  4125.33505402353
0.05836000  4124.709264035294
0.05838000  4124.083474047059
0.05840000  4123.457684058823
0.05842000  4122.8318940705885
0.05844000  4122.206104082353
0.05846000  4121.580314094117
0.05848000  4120.954524105882
0.05850000  4120.328734117647
0.05852000  4119.702944129412
0.05854000  4119.077154141176
0.05856000  4118.451364152941
0.05858000  4117.825574164705
0.05860000  4117.1997841764705
0.05862000  4116.573994188235
0.05864000  4115.9482042
0.05866000  4115.322414211764
0.05868000  4114.696624223529
0.05870000  4114.070834235294
0.05872000  4113.445044247059
0.05874000  4112.819254258823
0.05876000  4112.193464270588
0.05878000  4111.5676742823525
0.05880000  4110.941884294118
0.05882000  4110.316094305882
0.05884000  4109.690304317647
0.05886000  4109.064514329411
0.05888000  4108.438724341177
0.05890000  4107.812934352941
0.05892000  4107.187144364706
0.05894000  4106.56135437647
0.05896000  4105.935564388235
0.05898000  4105.3097744
0.05900000  4104.683984411765
0.05902000  4104.058194423529
0.05904000  4103.432404435294
0.05906000  4102.806614447059
0.05908000  4102.180824458824
0.05910000  4101.555034470588
0.05912000  4100.929244482353
0.05914000  4100.303454494117
0.05916000  4099.677664505883
0.05918000  4099.051874517647
0.05920000  4098.426084529412
0.05922000  4097.800294541176
0.05924000  4097.174504552941
0.05926000  4096.548714564706
0.05928000  4095.9229245764705
0.05930000  4095.297134588235
0.05932000  4094.6713446
0.05934000  4094.0455546117646
0.05936000  4093.4197646235293
0.05938000  4092.793974635294
0.05940000  4092.1681846470588
0.05942000  4091.5423946588235
0.05944000  4090.916604670588
0.05946000  4090.290814682353
0.05948000  4089.6650246941176
0.05950000  4089.0392347058823
0.05952000  4088.4134447176466
0.05954000  4087.7876547294118
0.05956000  4087.161864741176
0.05958000  4086.536074752941
0.05960000  4085.9102847647055
0.05962000  4085.2844947764706
0.05964000  4084.658704788235
0.05966000  4084.0329148
0.05968000  4083.4071248117643
0.05970000  4082.7813348235295
0.05972000  4082.1555448352938
0.05974000  4081.5297548470585
0.05976000  4080.903964858823
0.05978000  4080.278174870588
0.05980000  4079.6523848823526
0.05982000  4079.0265948941174
0.05984000  4078.400804905882
0.05986000  4077.775014917647
0.05988000  4077.1492249294115
0.05990000  4076.523434941176
0.05992000  4075.897644952941
0.05994000  4075.2718549647057
0.05996000  4074.6460649764704
0.05998000  4074.020274988235
0.06000000  4073.394485
0.06002000  4068.884626
0.06004000  4064.721335
0.06006000  4060.888278
0.06008000  4057.329381
0.06010000  4053.810642
0.06012000  4049.607135
0.06014000  4043.969808
0.06016000  4036.378798
0.06018000  4026.241872
0.06020000  4012.899511
0.06022000  3994.761801
0.06024000  3967.052898
0.06026000  3923.931655
0.06028000  3858.072369
0.06030000  3759.236185
0.06032000  3613.520771
0.06034000  3404.430695
0.06036000  3118.147547
0.06038000  2762.139329
0.06040000  2381.650996
0.06042000  2011.291083
0.06044000  1648.311137
0.06046000  1270.14276
0.06048000  872.066056
0.06050000  522.127929
0.06052000  303.540481
0.06054000  192.2367
0.06056000  143.85138
0.06058000  131.579181
0.06060000  152.394946
0.06062000  224.189426
0.06064000  390.343478
0.06066000  708.058467
0.06068000  1183.84454
0.06070000  1754.357324
0.06072000  2336.384786
0.06074000  2865.577358
0.06076000  3310.688708
0.06078000  3664.388937
0.06080000  3931.490797
0.06082000  4125.443841
0.06084000  4263.30285
0.06086000  4360.742603
0.06088000  4429.864864
0.06090000  4479.270199
0.06092000  4514.881343
0.06094000  4540.748828
0.06096000  4559.64855
0.06098000  4573.529948
0.06100000  4583.75498
0.06102000  4591.296895
0.06104000  4596.857351
0.06106000  4600.942826
0.06108000  4603.929205
0.06110000  4606.092532
0.06112000  4607.647646
0.06114000  4608.744129
0.06116000  4609.500139
0.06118000  4609.998326
0.06120000  4610.29964
0.06122000  4610.454163
0.06124000  4610.498679
0.06126000  4610.4594
0.06128000  4610.359883
0.06130000  4610.218432
0.06132000  4610.048119
0.06134000  4609.862025
0.06136000  4609.670622
0.06138000  4609.484399
0.06140000  4609.30861
0.06142000  4609.143264
0.06144000  4608.988371
0.06146000  4608.846567
0.06148000  4608.712606
0.06150000  4608.589124
0.06152000  4608.473498
0.06154000  4608.368363
0.06156000  4608.268466
0.06158000  4608.176439
0.06160000  4608.089657
0.06162000  4608.008122
0.06164000  4607.929206
0.06166000  4607.855541
0.06168000  4607.781865
0.06170000  4607.713444
0.06172000  4607.645014
0.06174000  4607.579208
0.06176000  4607.516026
0.06178000  4607.452838
0.06180000  4607.392275
0.06182000  4607.331706
0.06184000  4607.273764
0.06186000  4607.215816
0.06188000  4607.157862
0.06190000  4607.102537
0.06192000  4607.049841
0.06194000  4606.994504
0.06196000  4606.941798
0.06198000  4606.891722
0.06200000  4606.841642
0.06202000  4606.791557
0.06204000  4606.744104
0.06206000  4606.694011
0.06208000  4606.649186
0.06210000  4606.601721
0.06212000  4606.556889
0.06214000  4606.512053
0.06216000  4606.469852
0.06218000  4606.427647
0.06220000  4606.385439
0.06222000  4606.345866
0.06224000  4606.30629
0.06226000  4606.266712
0.06228000  4606.22713
0.06230000  4606.190185
0.06232000  4606.153237
0.06234000  4606.116287
0.06236000  4606.081974
0.06238000  4606.047659
0.06240000  4606.013342
0.06242000  4605.981662
0.06244000  4605.949981
0.06246000  4605.918298
0.06248000  4605.886613
0.06250000  4605.857567
0.06252000  4605.828519
0.06254000  4605.79947
0.06256000  4605.773061
0.06258000  4605.744009
0.06260000  4605.717597
0.06262000  4605.691183
0.06264000  4605.66741
0.06266000  4605.643636
0.06268000  4605.61986
0.06270000  4605.596084
0.06272000  4605.572307
0.06274000  4605.55117
0.06276000  4605.530033
0.06278000  4605.508896
0.06280000  4605.487757
0.06282000  4605.46926
0.06284000  4605.450762
0.06286000  4605.432264
0.06288000  4605.413765
0.06290000  4605.395266
0.06292000  4605.379409
0.06294000  4605.360908
0.06296000  4605.34505
0.06298000  4605.331834
0.06300000  4605.315975
