0.00000000  4073.345967
0.00002000  4068.835948
0.00004000  4064.67251
0.00006000  4060.834423
0.00008000  4057.275389
0.00010000  4053.756515
0.00012000  4049.552846
0.00014000  4043.915304
0.00016000  4036.324006
0.00018000  4026.186696
0.00020000  4012.838773
0.00022000  3994.700329
0.00024000  3966.990322
0.00026000  3923.851339
0.00028000  3857.944503
0.00030000  3758.95547
0.00032000  3612.860085
0.00034000  3402.769344
0.00036000  3113.635835
0.00038000  2752.104066
0.00040000  2367.061856
0.00042000  1992.431049
0.00044000  1624.774933
0.00046000  1242.850686
0.00048000  841.929065
0.00050000  492.631425
0.00052000  280.087689
0.00054000  172.332502
0.00056000  124.522891
0.00058000  108.930833
0.00060000  119.794378
0.00062000  166.294895
0.00064000  273.742413
0.00066000  478.552109
0.00068000  794.425036
0.00070000  1207.627713
0.00072000  1685.745262
0.00074000  2185.568476
0.00076000  2666.705396
0.00078000  3096.883795
0.00080000  3454.565613
0.00082000  3734.590142
0.00084000  3945.460313
0.00086000  4101.470033
0.00088000  4216.474385
0.00090000  4301.586414
0.00092000  4365.070715
0.00094000  4412.82799
0.00096000  4449.052678
0.00098000  4476.7593
0.00100000  4498.093973
0.00102000  4514.614634
0.00104000  4527.463296
0.00106000  4537.484843
0.00108000  4545.316827
0.00110000  4551.453077
0.00112000  4556.266129
0.00114000  4560.04005
0.00116000  4562.998194
0.00118000  4565.30796
0.00120000  4567.100885
0.00122000  4568.485762
0.00124000  4569.544128
0.00126000  4570.345105
0.00128000  4570.943031
0.00130000  4571.380571
0.00132000  4571.697306
0.00134000  4571.921443
0.00136000  4572.083889
0.00138000  4572.207094
0.00140000  4572.30788
0.00142000  4572.394654
0.00144000  4572.467422
0.00146000  4572.537383
0.00148000  4572.607336
0.00150000  4572.674484
0.00152000  4572.747218
0.00154000  4572.819943
0.00156000  4572.90105
0.00158000  4572.982145
0.00160000  4573.068821
0.00162000  4573.158279
0.00164000  4573.250519
0.00166000  4573.34554
0.00168000  4573.443339
0.00170000  4573.538328
0.00172000  4573.638889
0.00174000  4573.73664
0.00176000  4573.837167
0.00178000  4573.937677
0.00180000  4574.03817
0.00182000  4574.138647
0.00184000  4574.239106
0.00186000  4574.342338
0.00188000  4574.442762
0.00190000  4574.54317
0.00192000  4574.643561
0.00194000  4574.746723
0.00196000  4574.847079
0.00198000  4574.947418
0.00200000  4575.047741
0.00202000  4575.148046
0.00204000  4575.248334
0.00206000  4575.348606
0.00208000  4575.446076
0.00210000  4575.546314
0.00212000  4575.646535
0.00214000  4575.743956
0.00216000  4575.844143
0.00218000  4575.941532
0.00220000  4576.038904
0.00222000  4576.139042
0.00224000  4576.236382
0.00226000  4576.333705
0.00228000  4576.431013
0.00230000  4576.528305
0.00232000  4576.625581
0.00234000  4576.720062
0.00236000  4576.817306
0.00238000  4576.914534
0.00240000  4577.008969
0.00242000  4577.106166
0.00244000  4577.20057
0.00246000  4577.29496
0.00248000  4577.389334
0.00250000  4577.483693
0.00252000  4577.578037
0.00254000  4577.672366
0.00256000  4577.766679
0.00258000  4577.860978
0.00260000  4577.955262
0.00262000  4578.046758
0.00264000  4578.141011
0.00266000  4578.232479
0.00268000  4578.323932
0.00270000  4578.418141
0.00272000  4578.509566
0.00274000  4578.600976
0.00276000  4578.692371
0.00278000  4578.783753
0.00280000  4578.87512
0.00282000  4578.963706
0.00284000  4579.055045
0.00286000  4579.14637
0.00288000  4579.234915
0.00290000  4579.326212
0.00292000  4579.414729
0.00294000  4579.503233
0.00296000  4579.591724
0.00298000  4579.682965
0.00300000  4579.771429
0.00302000  4579.175634338824
0.00304000  4578.579839677647
0.00306000  4577.984045016471
0.00308000  4577.388250355294
0.00310000  4576.792455694118
0.00312000  4576.196661032942
0.00314000  4575.600866371765
0.00316000  4575.005071710589
0.00318000  4574.409277049412
0.00320000  4573.813482388236
0.00322000  4573.2176877270595
0.00324000  4572.621893065882
0.00326000  4572.026098404706
0.00328000  4571.43030374353
0.00330000  4570.834509082353
0.00332000  4570.238714421177
0.00334000  4569.64291976
0.00336000  4569.047125098824
0.00338000  4568.451330437648
0.00340000  4567.855535776471
0.00342000  4567.259741115295
0.00344000  4566.663946454118
0.00346000  4566.0681517929415
0.00348000  4565.472357131765
0.00350000  4564.876562470588
0.00352000  4564.280767809412
0.00354000  4563.684973148235
0.00356000  4563.089178487059
0.00358000  4562.493383825883
0.00360000  4561.897589164706
0.00362000  4561.30179450353
0.00364000  4560.705999842353
0.00366000  4560.110205181177
0.00368000  4559.514410520001
0.00370000  4558.918615858824
0.00372000  4558.3228211976475
0.00374000  4557.727026536471
0.00376000  4557.131231875294
0.00378000  4556.535437214118
0.00380000  4555.939642552941
0.00382000  4555.343847891765
0.00384000  4554.748053230589
0.00386000  4554.152258569412
0.00388000  4553.556463908236
0.00390000  4552.960669247059
0.00392000  4552.364874585883
0.00394000  4551.769079924707
0.00396000  4551.17328526353
0.00398000  4550.5774906023535
0.00400000  4549.981695941176
0.00402000  4549.38590128
0.00404000  4548.790106618824
0.00406000  4548.194311957647
0.00408000  4547.598517296471
0.00410000  4547.002722635294
0.00412000  4546.406927974118
0.00414000  4545.811133312942
0.00416000  4545.215338651765
0.00418000  4544.619543990589
0.00420000  4544.023749329412
0.00422000  4543.4279546682355
0.00424000  4542.832160007059
0.00426000  4542.236365345882
0.00428000  4541.640570684706
0.00430000  4541.04477602353
0.00432000  4540.448981362353
0.00434000  4539.853186701177
0.00436000  4539.25739204
0.00438000  4538.661597378824
0.00440000  4538.065802717648
0.00442000  4537.470008056471
0.00444000  4536.874213395295
0.00446000  4536.278418734118
0.00448000  4535.6826240729415
0.00450000  4535.086829411765
0.00452000  4534.491034750588
0.00454000  4533.895240089412
0.00456000  4533.299445428235
0.00458000  4532.703650767059
0.00460000  4532.107856105883
0.00462000  4531.512061444706
0.00464000  4530.91626678353
0.00466000  4530.320472122353
0.00468000  4529.724677461177
0.00470000  4529.128882800001
0.00472000  4528.533088138824
0.00474000  4527.9372934776475
0.00476000  4527.341498816471
0.00478000  4526.745704155294
0.00480000  4526.149909494118
0.00482000  4525.554114832941
0.00484000  4524.958320171765
0.00486000  4524.362525510589
0.00488000  4523.766730849412
0.00490000  4523.170936188236
0.00492000  4522.575141527059
0.00494000  4521.979346865883
0.00496000  4521.383552204707
0.00498000  4520.78775754353
0.00500000  4520.191962882353
0.00502000  4519.596168221176
0.00504000  4519.00037356
0.00506000  4518.404578898824
0.00508000  4517.808784237647
0.00510000  4517.212989576471
0.00512000  4516.617194915294
0.00514000  4516.021400254118
0.00516000  4515.425605592942
0.00518000  4514.829810931765
0.00520000  4514.234016270589
0.00522000  4513.6382216094125
0.00524000  4513.0424269482355
0.00526000  4512.446632287059
0.00528000  4511.850837625882
0.00530000  4511.255042964706
0.00532000  4510.65924830353
0.00534000  4510.063453642353
0.00536000  4509.467658981177
0.00538000  4508.87186432
0.00540000  4508.276069658824
0.00542000  4507.680274997648
0.00544000  4507.084480336471
0.00546000  4506.488685675295
0.00548000  4505.892891014118
0.00550000  4505.2970963529415
0.00552000  4504.701301691765
0.00554000  4504.105507030588
0.00556000  4503.509712369412
0.00558000  4502.913917708235
0.00560000  4502.318123047059
0.00562000  4501.722328385883
0.00564000  4501.126533724706
0.00566000  4500.53073906353
0.00568000  4499.934944402354
0.00570000  4499.339149741177
0.00572000  4498.743355080001
0.00574000  4498.147560418824
0.00576000  4497.551765757647
0.00578000  4496.955971096471
0.00580000  4496.360176435294
0.00582000  4495.764381774118
0.00584000  4495.168587112941
0.00586000  4494.572792451765
0.00588000  4493.976997790589
0.00590000  4493.381203129412
0.00592000  4492.785408468236
0.00594000  4492.189613807059
0.00596000  4491.593819145883
0.00598000  4490.998024484707
0.00600000  4490.4022298235295
0.00602000  4489.806435162353
0.00604000  4489.210640501176
0.00606000  4488.61484584
0.00608000  4488.019051178824
0.00610000  4487.423256517647
0.00612000  4486.827461856471
0.00614000  4486.231667195294
0.00616000  4485.635872534118
0.00618000  4485.040077872942
0.00620000  4484.444283211765
0.00622000  4483.848488550589
0.00624000  4483.2526938894125
0.00626000  4482.6568992282355
0.00628000  4482.061104567059
0.00630000  4481.465309905882
0.00632000  4480.869515244706
0.00634000  4480.27372058353
0.00636000  4479.677925922353
0.00638000  4479.082131261177
0.00640000  4478.4863366
0.00642000  4477.890541938824
0.00644000  4477.294747277648
0.00646000  4476.698952616471
0.00648000  4476.103157955295
0.00650000  4475.507363294118
0.00652000  4474.911568632941
0.00654000  4474.315773971765
0.00656000  4473.719979310588
0.00658000  4473.124184649412
0.00660000  4472.528389988235
0.00662000  4471.932595327059
0.00664000  4471.336800665883
0.00666000  4470.741006004706
0.00668000  4470.14521134353
0.00670000  4469.549416682354
0.00672000  4468.953622021177
0.00674000  4468.357827360001
0.00676000  4467.7620326988235
0.00678000  4467.166238037647
0.00680000  4466.570443376471
0.00682000  4465.974648715294
0.00684000  4465.378854054118
0.00686000  4464.783059392941
0.00688000  4464.187264731765
0.00690000  4463.591470070589
0.00692000  4462.995675409412
0.00694000  4462.399880748236
0.00696000  4461.804086087059
0.00698000  4461.208291425883
0.00700000  4460.6124967647065
0.00702000  4460.0167021035295
0.00704000  4459.420907442353
0.00706000  4458.825112781176
0.00708000  4458.22931812
0.00710000  4457.633523458824
0.00712000  4457.037728797647
0.00714000  4456.441934136471
0.00716000  4455.846139475295
0.00718000  4455.250344814118
0.00720000  4454.654550152942
0.00722000  4454.058755491765
0.00724000  4453.462960830589
0.00726000  4452.8671661694125
0.00728000  4452.2713715082355
0.00730000  4451.675576847059
0.00732000  4451.079782185882
0.00734000  4450.483987524706
0.00736000  4449.88819286353
0.00738000  4449.292398202353
0.00740000  4448.696603541177
0.00742000  4448.10080888
0.00744000  4447.505014218824
0.00746000  4446.909219557648
0.00748000  4446.313424896471
0.00750000  4445.717630235295
0.00752000  4445.1218355741175
0.00754000  4444.526040912941
0.00756000  4443.930246251765
0.00758000  4443.334451590588
0.00760000  4442.738656929412
0.00762000  4442.142862268236
0.00764000  4441.547067607059
0.00766000  4440.951272945883
0.00768000  4440.355478284706
0.00770000  4439.75968362353
0.00772000  4439.163888962354
0.00774000  4438.568094301177
0.00776000  4437.9722996400005
0.00778000  4437.3765049788235
0.00780000  4436.780710317647
0.00782000  4436.184915656471
0.00784000  4435.589120995294
0.00786000  4434.993326334118
0.00788000  4434.397531672941
0.00790000  4433.801737011765
0.00792000  4433.205942350589
0.00794000  4432.610147689412
0.00796000  4432.014353028236
0.00798000  4431.418558367059
0.00800000  4430.822763705883
0.00802000  4430.2269690447065
0.00804000  4429.6311743835295
0.00806000  4429.035379722353
0.00808000  4428.439585061176
0.00810000  4427.8437904
0.00812000  4427.247995738824
0.00814000  4426.652201077647
0.00816000  4426.056406416471
0.00818000  4425.460611755295
0.00820000  4424.864817094118
0.00822000  4424.269022432942
0.00824000  4423.673227771765
0.00826000  4423.077433110589
0.00828000  4422.4816384494125
0.00830000  4421.885843788235
0.00832000  4421.290049127059
0.00834000  4420.694254465882
0.00836000  4420.098459804706
0.00838000  4419.50266514353
0.00840000  4418.906870482353
0.00842000  4418.311075821177
0.00844000  4417.71528116
0.00846000  4417.119486498824
0.00848000  4416.523691837648
0.00850000  4415.927897176471
0.00852000  4415.3321025152945
0.00854000  4414.736307854118
0.00856000  4414.140513192941
0.00858000  4413.544718531765
0.00860000  4412.948923870588
0.00862000  4412.353129209412
0.00864000  4411.757334548236
0.00866000  4411.161539887059
0.00868000  4410.565745225883
0.00870000  4409.969950564706
0.00872000  4409.37415590353
0.00874000  4408.778361242354
0.00876000  4408.182566581177
0.00878000  4407.5867719200005
0.00880000  4406.9909772588235
0.00882000  4406.395182597647
0.00884000  4405.799387936471
0.00886000  4405.203593275294
0.00888000  4404.607798614118
0.00890000  4404.012003952941
0.00892000  4403.416209291765
0.00894000  4402.820414630589
0.00896000  4402.224619969412
0.00898000  4401.628825308236
0.00900000  4401.033030647059
0.00902000  4400.437235985883
0.00904000  4399.8414413247065
0.00906000  4399.245646663529
0.00908000  4398.649852002353
0.00910000  4398.054057341177
0.00912000  4397.45826268
0.00914000  4396.862468018824
0.00916000  4396.266673357647
0.00918000  4395.670878696471
0.00920000  4395.075084035295
0.00922000  4394.479289374118
0.00924000  4393.883494712942
0.00926000  4393.287700051765
0.00928000  4392.6919053905885
0.00930000  4392.096110729412
0.00932000  4391.500316068235
0.00934000  4390.904521407059
0.00936000  4390.308726745882
0.00938000  4389.712932084706
0.00940000  4389.11713742353
0.00942000  4388.521342762353
0.00944000  4387.925548101177
0.00946000  4387.32975344
0.00948000  4386.733958778824
0.00950000  4386.138164117648
0.00952000  4385.542369456471
0.00954000  4384.9465747952945
0.00956000  4384.350780134118
0.00958000  4383.754985472941
0.00960000  4383.159190811765
0.00962000  4382.563396150588
0.00964000  4381.967601489412
0.00966000  4381.371806828236
0.00968000  4380.776012167059
0.00970000  4380.180217505883
0.00972000  4379.584422844706
0.00974000  4378.98862818353
0.00976000  4378.392833522354
0.00978000  4377.797038861177
0.00980000  4377.2012442000005
0.00982000  4376.605449538823
0.00984000  4376.009654877647
0.00986000  4375.413860216471
0.00988000  4374.818065555294
0.00990000  4374.222270894118
0.00992000  4373.626476232941
0.00994000  4373.030681571765
0.00996000  4372.434886910589
0.00998000  4371.839092249412
0.01000000  4371.243297588236
0.01002000  4370.647502927059
0.01004000  4370.051708265883
0.01006000  4369.455913604706
0.01008000  4368.860118943529
0.01010000  4368.264324282353
0.01012000  4367.668529621177
0.01014000  4367.07273496
0.01016000  4366.476940298824
0.01018000  4365.881145637647
0.01020000  4365.285350976471
0.01022000  4364.689556315295
0.01024000  4364.093761654118
0.01026000  4363.497966992942
0.01028000  4362.902172331765
0.01030000  4362.3063776705885
0.01032000  4361.710583009412
0.01034000  4361.114788348235
0.01036000  4360.518993687059
0.01038000  4359.923199025882
0.01040000  4359.327404364706
0.01042000  4358.73160970353
0.01044000  4358.135815042353
0.01046000  4357.540020381177
0.01048000  4356.944225720001
0.01050000  4356.348431058824
0.01052000  4355.752636397648
0.01054000  4355.156841736471
0.01056000  4354.5610470752945
0.01058000  4353.965252414118
0.01060000  4353.369457752941
0.01062000  4352.773663091765
0.01064000  4352.177868430588
0.01066000  4351.582073769412
0.01068000  4350.986279108236
0.01070000  4350.390484447059
0.01072000  4349.794689785883
0.01074000  4349.198895124706
0.01076000  4348.60310046353
0.01078000  4348.007305802354
0.01080000  4347.411511141177
0.01082000  4346.81571648
0.01084000  4346.219921818823
0.01086000  4345.624127157647
0.01088000  4345.028332496471
0.01090000  4344.432537835294
0.01092000  4343.836743174118
0.01094000  4343.240948512941
0.01096000  4342.645153851765
0.01098000  4342.049359190589
0.01100000  4341.453564529412
0.01102000  4340.857769868236
0.01104000  4340.26197520706
0.01106000  4339.6661805458825
0.01108000  4339.070385884706
0.01110000  4338.474591223529
0.01112000  4337.878796562353
0.01114000  4337.283001901177
0.01116000  4336.68720724
0.01118000  4336.091412578824
0.01120000  4335.495617917647
0.01122000  4334.899823256471
0.01124000  4334.304028595295
0.01126000  4333.708233934118
0.01128000  4333.112439272942
0.01130000  4332.516644611765
0.01132000  4331.9208499505885
0.01134000  4331.325055289412
0.01136000  4330.729260628235
0.01138000  4330.133465967059
0.01140000  4329.537671305882
0.01142000  4328.941876644706
0.01144000  4328.34608198353
0.01146000  4327.750287322353
0.01148000  4327.154492661177
0.01150000  4326.558698000001
0.01152000  4325.962903338824
0.01154000  4325.367108677648
0.01156000  4324.771314016471
0.01158000  4324.175519355294
0.01160000  4323.579724694118
0.01162000  4322.983930032941
0.01164000  4322.388135371765
0.01166000  4321.792340710588
0.01168000  4321.196546049412
0.01170000  4320.600751388236
0.01172000  4320.004956727059
0.01174000  4319.409162065883
0.01176000  4318.813367404706
0.01178000  4318.21757274353
0.01180000  4317.621778082354
0.01182000  4317.0259834211765
0.01184000  4316.43018876
0.01186000  4315.834394098823
0.01188000  4315.238599437647
0.01190000  4314.642804776471
0.01192000  4314.047010115294
0.01194000  4313.451215454118
0.01196000  4312.855420792941
0.01198000  4312.259626131765
0.01200000  4311.663831470589
0.01202000  4311.068036809412
0.01204000  4310.472242148236
0.01206000  4309.8764474870595
0.01208000  4309.2806528258825
0.01210000  4308.684858164706
0.01212000  4308.089063503529
0.01214000  4307.493268842353
0.01216000  4306.897474181177
0.01218000  4306.30167952
0.01220000  4305.705884858824
0.01222000  4305.110090197647
0.01224000  4304.514295536471
0.01226000  4303.918500875295
0.01228000  4303.322706214118
0.01230000  4302.726911552942
0.01232000  4302.131116891765
0.01234000  4301.5353222305885
0.01236000  4300.939527569412
0.01238000  4300.343732908235
0.01240000  4299.747938247059
0.01242000  4299.152143585883
0.01244000  4298.556348924706
0.01246000  4297.96055426353
0.01248000  4297.364759602353
0.01250000  4296.768964941177
0.01252000  4296.173170280001
0.01254000  4295.577375618824
0.01256000  4294.981580957648
0.01258000  4294.3857862964705
0.01260000  4293.789991635294
0.01262000  4293.194196974118
0.01264000  4292.598402312941
0.01266000  4292.002607651765
0.01268000  4291.406812990588
0.01270000  4290.811018329412
0.01272000  4290.215223668236
0.01274000  4289.619429007059
0.01276000  4289.023634345883
0.01278000  4288.427839684706
0.01280000  4287.83204502353
0.01282000  4287.2362503623535
0.01284000  4286.6404557011765
0.01286000  4286.04466104
0.01288000  4285.448866378823
0.01290000  4284.853071717647
0.01292000  4284.257277056471
0.01294000  4283.661482395294
0.01296000  4283.065687734118
0.01298000  4282.469893072941
0.01300000  4281.874098411765
0.01302000  4281.278303750589
0.01304000  4280.682509089412
0.01306000  4280.086714428236
0.01308000  4279.4909197670595
0.01310000  4278.8951251058825
0.01312000  4278.299330444706
0.01314000  4277.703535783529
0.01316000  4277.107741122353
0.01318000  4276.511946461177
0.01320000  4275.9161518
0.01322000  4275.320357138824
0.01324000  4274.724562477647
0.01326000  4274.128767816471
0.01328000  4273.532973155295
0.01330000  4272.937178494118
0.01332000  4272.341383832942
0.01334000  4271.7455891717655
0.01336000  4271.149794510588
0.01338000  4270.553999849412
0.01340000  4269.958205188235
0.01342000  4269.362410527059
0.01344000  4268.766615865883
0.01346000  4268.170821204706
0.01348000  4267.57502654353
0.01350000  4266.979231882353
0.01352000  4266.383437221177
0.01354000  4265.787642560001
0.01356000  4265.191847898824
0.01358000  4264.5960532376475
0.01360000  4264.0002585764705
0.01362000  4263.404463915294
0.01364000  4262.808669254118
0.01366000  4262.212874592941
0.01368000  4261.617079931765
0.01370000  4261.021285270588
0.01372000  4260.425490609412
0.01374000  4259.829695948236
0.01376000  4259.233901287059
0.01378000  4258.638106625883
0.01380000  4258.042311964706
0.01382000  4257.44651730353
0.01384000  4256.8507226423535
0.01386000  4256.2549279811765
0.01388000  4255.65913332
0.01390000  4255.063338658823
0.01392000  4254.467543997647
0.01394000  4253.871749336471
0.01396000  4253.275954675294
0.01398000  4252.680160014118
0.01400000  4252.084365352942
0.01402000  4251.488570691765
0.01404000  4250.892776030589
0.01406000  4250.296981369412
0.01408000  4249.701186708236
0.01410000  4249.1053920470595
0.01412000  4248.509597385882
0.01414000  4247.913802724706
0.01416000  4247.318008063529
0.01418000  4246.722213402353
0.01420000  4246.126418741177
0.01422000  4245.53062408
0.01424000  4244.934829418824
0.01426000  4244.339034757647
0.01428000  4243.743240096471
0.01430000  4243.147445435295
0.01432000  4242.551650774118
0.01434000  4241.955856112942
0.01436000  4241.360061451765
0.01438000  4240.764266790588
0.01440000  4240.168472129412
0.01442000  4239.572677468235
0.01444000  4238.976882807059
0.01446000  4238.381088145883
0.01448000  4237.785293484706
0.01450000  4237.18949882353
0.01452000  4236.593704162353
0.01454000  4235.997909501177
0.01456000  4235.402114840001
0.01458000  4234.806320178824
0.01460000  4234.2105255176475
0.01462000  4233.6147308564705
0.01464000  4233.018936195294
0.01466000  4232.423141534118
0.01468000  4231.827346872941
0.01470000  4231.231552211765
0.01472000  4230.635757550588
0.01474000  4230.039962889412
0.01476000  4229.444168228236
0.01478000  4228.848373567059
0.01480000  4228.252578905883
0.01482000  4227.656784244706
0.01484000  4227.06098958353
0.01486000  4226.4651949223535
0.01488000  4225.869400261176
0.01490000  4225.2736056
0.01492000  4224.677810938824
0.01494000  4224.082016277647
0.01496000  4223.486221616471
0.01498000  4222.890426955294
0.01500000  4222.294632294118
0.01502000  4221.698837632942
0.01504000  4221.103042971765
0.01506000  4220.507248310589
0.01508000  4219.911453649412
0.01510000  4219.315658988236
0.01512000  4218.719864327059
0.01514000  4218.124069665882
0.01516000  4217.528275004706
0.01518000  4216.932480343529
0.01520000  4216.336685682353
0.01522000  4215.740891021177
0.01524000  4215.14509636
0.01526000  4214.549301698824
0.01528000  4213.953507037648
0.01530000  4213.357712376471
0.01532000  4212.761917715295
0.01534000  4212.166123054118
0.01536000  4211.5703283929415
0.01538000  4210.974533731765
0.01540000  4210.378739070588
0.01542000  4209.782944409412
0.01544000  4209.187149748235
0.01546000  4208.591355087059
0.01548000  4207.995560425883
0.01550000  4207.399765764706
0.01552000  4206.80397110353
0.01554000  4206.208176442353
0.01556000  4205.612381781177
0.01558000  4205.016587120001
0.01560000  4204.420792458824
0.01562000  4203.8249977976475
0.01564000  4203.2292031364705
0.01566000  4202.633408475294
0.01568000  4202.037613814118
0.01570000  4201.441819152941
0.01572000  4200.846024491765
0.01574000  4200.250229830588
0.01576000  4199.654435169412
0.01578000  4199.058640508236
0.01580000  4198.462845847059
0.01582000  4197.867051185883
0.01584000  4197.271256524706
0.01586000  4196.67546186353
0.01588000  4196.079667202353
0.01590000  4195.483872541176
0.01592000  4194.88807788
0.01594000  4194.292283218824
0.01596000  4193.696488557647
0.01598000  4193.100693896471
0.01600000  4192.504899235294
0.01602000  4191.909104574118
0.01604000  4191.313309912942
0.01606000  4190.717515251765
0.01608000  4190.121720590589
0.01610000  4189.525925929412
0.01612000  4188.9301312682355
0.01614000  4188.334336607059
0.01616000  4187.738541945882
0.01618000  4187.142747284706
0.01620000  4186.546952623529
0.01622000  4185.951157962353
0.01624000  4185.355363301177
0.01626000  4184.75956864
0.01628000  4184.163773978824
0.01630000  4183.567979317648
0.01632000  4182.972184656471
0.01634000  4182.376389995295
0.01636000  4181.780595334118
0.01638000  4181.1848006729415
0.01640000  4180.589006011765
0.01642000  4179.993211350588
0.01644000  4179.397416689412
0.01646000  4178.801622028235
0.01648000  4178.205827367059
0.01650000  4177.610032705883
0.01652000  4177.014238044706
0.01654000  4176.41844338353
0.01656000  4175.822648722353
0.01658000  4175.226854061177
0.01660000  4174.631059400001
0.01662000  4174.035264738824
0.01664000  4173.4394700776475
0.01666000  4172.84367541647
0.01668000  4172.247880755294
0.01670000  4171.652086094118
0.01672000  4171.056291432941
0.01674000  4170.460496771765
0.01676000  4169.864702110588
0.01678000  4169.268907449412
0.01680000  4168.673112788236
0.01682000  4168.077318127059
0.01684000  4167.481523465883
0.01686000  4166.885728804707
0.01688000  4166.2899341435295
0.01690000  4165.694139482353
0.01692000  4165.098344821176
0.01694000  4164.50255016
0.01696000  4163.906755498824
0.01698000  4163.310960837647
0.01700000  4162.715166176471
0.01702000  4162.119371515294
0.01704000  4161.523576854118
0.01706000  4160.927782192942
0.01708000  4160.331987531765
0.01710000  4159.736192870589
0.01712000  4159.140398209412
0.01714000  4158.5446035482355
0.01716000  4157.948808887059
0.01718000  4157.353014225882
0.01720000  4156.757219564706
0.01722000  4156.16142490353
0.01724000  4155.565630242353
0.01726000  4154.969835581177
0.01728000  4154.37404092
0.01730000  4153.778246258824
0.01732000  4153.182451597648
0.01734000  4152.586656936471
0.01736000  4151.990862275295
0.01738000  4151.395067614118
0.01740000  4150.7992729529415
0.01742000  4150.203478291765
0.01744000  4149.607683630588
0.01746000  4149.011888969412
0.01748000  4148.416094308235
0.01750000  4147.820299647059
0.01752000  4147.224504985883
0.01754000  4146.628710324706
0.01756000  4146.03291566353
0.01758000  4145.437121002353
0.01760000  4144.841326341177
0.01762000  4144.245531680001
0.01764000  4143.6497370188235
0.01766000  4143.053942357647
0.01768000  4142.45814769647
0.01770000  4141.862353035294
0.01772000  4141.266558374118
0.01774000  4140.670763712941
0.01776000  4140.074969051765
0.01778000  4139.479174390588
0.01780000  4138.883379729412
0.01782000  4138.287585068236
0.01784000  4137.691790407059
0.01786000  4137.095995745883
0.01788000  4136.5002010847065
0.01790000  4135.9044064235295
0.01792000  4135.308611762353
0.01794000  4134.712817101176
0.01796000  4134.11702244
0.01798000  4133.521227778824
0.01800000  4132.925433117647
0.01802000  4132.329638456471
0.01804000  4131.733843795294
0.01806000  4131.138049134118
0.01808000  4130.542254472942
0.01810000  4129.946459811765
0.01812000  4129.350665150589
0.01814000  4128.754870489412
0.01816000  4128.1590758282355
0.01818000  4127.563281167059
0.01820000  4126.967486505882
0.01822000  4126.371691844706
0.01824000  4125.77589718353
0.01826000  4125.180102522353
0.01828000  4124.584307861177
0.01830000  4123.9885132
0.01832000  4123.392718538824
0.01834000  4122.796923877648
0.01836000  4122.201129216471
0.01838000  4121.605334555295
0.01840000  4121.009539894118
0.01842000  4120.413745232941
0.01844000  4119.817950571765
0.01846000  4119.222155910588
0.01848000  4118.626361249412
0.01850000  4118.030566588235
0.01852000  4117.434771927059
0.01854000  4116.838977265883
0.01856000  4116.243182604706
0.01858000  4115.64738794353
0.01860000  4115.051593282353
0.01862000  4114.455798621177
0.01864000  4113.8600039600005
0.01866000  4113.2642092988235
0.01868000  4112.668414637647
0.01870000  4112.07261997647
0.01872000  4111.476825315294
0.01874000  4110.881030654118
0.01876000  4110.285235992941
0.01878000  4109.689441331765
0.01880000  4109.093646670589
0.01882000  4108.497852009412
0.01884000  4107.902057348236
0.01886000  4107.306262687059
0.01888000  4106.710468025883
0.01890000  4106.1146733647065
0.01892000  4105.5188787035295
0.01894000  4104.923084042353
0.01896000  4104.327289381176
0.01898000  4103.73149472
0.01900000  4103.135700058824
0.01902000  4102.539905397647
0.01904000  4101.944110736471
0.01906000  4101.348316075294
0.01908000  4100.752521414118
0.01910000  4100.156726752942
0.01912000  4099.560932091765
0.01914000  4098.965137430589
0.01916000  4098.3693427694125
0.01918000  4097.773548108235
0.01920000  4097.177753447059
0.01922000  4096.581958785882
0.01924000  4095.986164124706
0.01926000  4095.3903694635296
0.01928000  4094.794574802353
0.01930000  4094.198780141177
0.01932000  4093.6029854800004
0.01934000  4093.007190818824
0.01936000  4092.4113961576472
0.01938000  4091.8156014964707
0.01940000  4091.2198068352945
0.01942000  4090.624012174118
0.01944000  4090.0282175129414
0.01946000  4089.432422851765
0.01948000  4088.8366281905883
0.01950000  4088.240833529412
0.01952000  4087.6450388682356
0.01954000  4087.049244207059
0.01956000  4086.4534495458824
0.01958000  4085.857654884706
0.01960000  4085.2618602235298
0.01962000  4084.666065562353
0.01964000  4084.0702709011766
0.01966000  4083.47447624
0.01968000  4082.878681578824
0.01970000  4082.2828869176474
0.01972000  4081.687092256471
0.01974000  4081.0912975952942
0.01976000  4080.495502934118
0.01978000  4079.8997082729416
0.01980000  4079.303913611765
0.01982000  4078.7081189505884
0.01984000  4078.112324289412
0.01986000  4077.5165296282357
0.01988000  4076.920734967059
0.01990000  4076.3249403058826
0.01992000  4075.729145644706
0.01994000  4075.1333509835295
0.01996000  4074.5375563223533
0.01998000  4073.9417616611768
0.02000000  4073.345967
0.02002000  4068.835948
0.02004000  4064.67251
0.02006000  4060.834423
0.02008000  4057.275389
0.02010000  4053.756515
0.02012000  4049.552846
0.02014000  4043.915304
0.02016000  4036.324006
0.02018000  4026.186696
0.02020000  4012.838773
0.02022000  3994.700329
0.02024000  3966.990322
0.02026000  3923.851339
0.02028000  3857.944503
0.02030000  3758.95547
0.02032000  3612.860085
0.02034000  3402.769344
0.02036000  3113.635835
0.02038000  2752.104066
0.02040000  2367.061856
0.02042000  1992.431049
0.02044000  1624.774933
0.02046000  1242.850686
0.02048000  841.929065
0.02050000  492.631425
0.02052000  280.087689
0.02054000  172.332502
0.02056000  124.522891
0.02058000  108.930833
0.02060000  119.794378
0.02062000  166.294895
0.02064000  273.742413
0.02066000  478.552109
0.02068000  794.425036
0.02070000  1207.627713
0.02072000  1685.745262
0.02074000  2185.568476
0.02076000  2666.705396
0.02078000  3096.883795
0.02080000  3454.565613
0.02082000  3734.590142
0.02084000  3945.460313
0.02086000  4101.470033
0.02088000  4216.474385
0.02090000  4301.586414
0.02092000  4365.070715
0.02094000  4412.82799
0.02096000  4449.052678
0.02098000  4476.7593
0.02100000  4498.093973
0.02102000  4514.614634
0.02104000  4527.463296
0.02106000  4537.484843
0.02108000  4545.316827
0.02110000  4551.453077
0.02112000  4556.266129
0.02114000  4560.04005
0.02116000  4562.998194
0.02118000  4565.30796
0.02120000  4567.100885
0.02122000  4568.485762
0.02124000  4569.544128
0.02126000  4570.345105
0.02128000  4570.943031
0.02130000  4571.380571
0.02132000  4571.697306
0.02134000  4571.921443
0.02136000  4572.083889
0.02138000  4572.207094
0.02140000  4572.30788
0.02142000  4572.394654
0.02144000  4572.467422
0.02146000  4572.537383
0.02148000  4572.607336
0.02150000  4572.674484
0.02152000  4572.747218
0.02154000  4572.819943
0.02156000  4572.90105
0.02158000  4572.982145
0.02160000  4573.068821
0.02162000  4573.158279
0.02164000  4573.250519
0.02166000  4573.34554
0.02168000  4573.443339
0.02170000  4573.538328
0.02172000  4573.638889
0.02174000  4573.73664
0.02176000  4573.837167
0.02178000  4573.937677
0.02180000  4574.03817
0.02182000  4574.138647
0.02184000  4574.239106
0.02186000  4574.342338
0.02188000  4574.442762
0.02190000  4574.54317
0.02192000  4574.643561
0.02194000  4574.746723
0.02196000  4574.847079
0.02198000  4574.947418
0.02200000  4575.047741
0.02202000  4575.148046
0.02204000  4575.248334
0.02206000  4575.348606
0.02208000  4575.446076
0.02210000  4575.546314
0.02212000  4575.646535
0.02214000  4575.743956
0.02216000  4575.844143
0.02218000  4575.941532
0.02220000  4576.038904
0.02222000  4576.139042
0.02224000  4576.236382
0.02226000  4576.333705
0.02228000  4576.431013
0.02230000  4576.528305
0.02232000  4576.625581
0.02234000  4576.720062
0.02236000  4576.817306
0.02238000  4576.914534
0.02240000  4577.008969
0.02242000  4577.106166
0.02244000  4577.20057
0.02246000  4577.29496
0.02248000  4577.389334
0.02250000  4577.483693
0.02252000  4577.578037
0.02254000  4577.672366
0.02256000  4577.766679
0.02258000  4577.860978
0.02260000  4577.955262
0.02262000  4578.046758
0.02264000  4578.141011
0.02266000  4578.232479
0.02268000  4578.323932
0.02270000  4578.418141
0.02272000  4578.509566
0.02274000  4578.600976
0.02276000  4578.692371
0.02278000  4578.783753
0.02280000  4578.87512
0.02282000  4578.963706
0.02284000  4579.055045
0.02286000  4579.14637
0.02288000  4579.234915
0.02290000  4579.326212
0.02292000  4579.414729
0.02294000  4579.503233
0.02296000  4579.591724
0.02298000  4579.682965
0.02300000  4579.771429
0.02302000  4579.175634338824
0.02304000  4578.579839677647
0.02306000  4577.984045016471
0.02308000  4577.388250355294
0.02310000  4576.792455694118
0.02312000  4576.196661032942
0.02314000  4575.600866371765
0.02316000  4575.005071710589
0.02318000  4574.409277049412
0.02320000  4573.813482388236
0.02322000  4573.2176877270595
0.02324000  4572.621893065882
0.02326000  4572.026098404706
0.02328000  4571.43030374353
0.02330000  4570.834509082353
0.02332000  4570.238714421177
0.02334000  4569.64291976
0.02336000  4569.047125098824
0.02338000  4568.451330437648
0.02340000  4567.855535776471
0.02342000  4567.259741115295
0.02344000  4566.663946454118
0.02346000  4566.0681517929415
0.02348000  4565.472357131765
0.02350000  4564.876562470588
0.02352000  4564.280767809412
0.02354000  4563.684973148235
0.02356000  4563.089178487059
0.02358000  4562.493383825883
0.02360000  4561.897589164706
0.02362000  4561.30179450353
0.02364000  4560.705999842353
0.02366000  4560.110205181177
0.02368000  4559.514410520001
0.02370000  4558.918615858824
0.02372000  4558.3228211976475
0.02374000  4557.727026536471
0.02376000  4557.131231875294
0.02378000  4556.535437214118
0.02380000  4555.939642552941
0.02382000  4555.343847891765
0.02384000  4554.748053230589
0.02386000  4554.152258569412
0.02388000  4553.556463908236
0.02390000  4552.960669247059
0.02392000  4552.364874585883
0.02394000  4551.769079924707
0.02396000  4551.17328526353
0.02398000  4550.5774906023535
0.02400000  4549.981695941176
0.02402000  4549.38590128
0.02404000  4548.790106618824
0.02406000  4548.194311957647
0.02408000  4547.598517296471
0.02410000  4547.002722635294
0.02412000  4546.406927974118
0.02414000  4545.811133312942
0.02416000  4545.215338651765
0.02418000  4544.619543990589
0.02420000  4544.023749329412
0.02422000  4543.4279546682355
0.02424000  4542.832160007059
0.02426000  4542.236365345882
0.02428000  4541.640570684706
0.02430000  4541.04477602353
0.02432000  4540.448981362353
0.02434000  4539.853186701177
0.02436000  4539.25739204
0.02438000  4538.661597378824
0.02440000  4538.065802717648
0.02442000  4537.470008056471
0.02444000  4536.874213395295
0.02446000  4536.278418734118
0.02448000  4535.6826240729415
0.02450000  4535.086829411765
0.02452000  4534.491034750588
0.02454000  4533.895240089412
0.02456000  4533.299445428235
0.02458000  4532.703650767059
0.02460000  4532.107856105883
0.02462000  4531.512061444706
0.02464000  4530.91626678353
0.02466000  4530.320472122353
0.02468000  4529.724677461177
0.02470000  4529.128882800001
0.02472000  4528.533088138824
0.02474000  4527.9372934776475
0.02476000  4527.341498816471
0.02478000  4526.745704155294
0.02480000  4526.149909494118
0.02482000  4525.554114832941
0.02484000  4524.958320171765
0.02486000  4524.362525510589
0.02488000  4523.766730849412
0.02490000  4523.170936188236
0.02492000  4522.575141527059
0.02494000  4521.979346865883
0.02496000  4521.383552204707
0.02498000  4520.78775754353
0.02500000  4520.191962882353
0.02502000  4519.596168221176
0.02504000  4519.00037356
0.02506000  4518.404578898824
0.02508000  4517.808784237647
0.02510000  4517.212989576471
0.02512000  4516.617194915294
0.02514000  4516.021400254118
0.02516000  4515.425605592942
0.02518000  4514.829810931765
0.02520000  4514.234016270589
0.02522000  4513.6382216094125
0.02524000  4513.0424269482355
0.02526000  4512.446632287059
0.02528000  4511.850837625882
0.02530000  4511.255042964706
0.02532000  4510.65924830353
0.02534000  4510.063453642353
0.02536000  4509.467658981177
0.02538000  4508.87186432
0.02540000  4508.276069658824
0.02542000  4507.680274997648
0.02544000  4507.084480336471
0.02546000  4506.488685675295
0.02548000  4505.892891014118
0.02550000  4505.2970963529415
0.02552000  4504.701301691765
0.02554000  4504.105507030588
0.02556000  4503.509712369412
0.02558000  4502.913917708235
0.02560000  4502.318123047059
0.02562000  4501.722328385883
0.02564000  4501.126533724706
0.02566000  4500.53073906353
0.02568000  4499.934944402354
0.02570000  4499.339149741177
0.02572000  4498.743355080001
0.02574000  4498.147560418824
0.02576000  4497.551765757647
0.02578000  4496.955971096471
0.02580000  4496.360176435294
0.02582000  4495.764381774118
0.02584000  4495.168587112941
0.02586000  4494.572792451765
0.02588000  4493.976997790589
0.02590000  4493.381203129412
0.02592000  4492.785408468236
0.02594000  4492.189613807059
0.02596000  4491.593819145883
0.02598000  4490.998024484707
0.02600000  4490.4022298235295
0.02602000  4489.806435162353
0.02604000  4489.210640501176
0.02606000  4488.61484584
0.02608000  4488.019051178824
0.02610000  4487.423256517647
0.02612000  4486.827461856471
0.02614000  4486.231667195294
0.02616000  4485.635872534118
0.02618000  4485.040077872942
0.02620000  4484.444283211765
0.02622000  4483.848488550589
0.02624000  4483.2526938894125
0.02626000  4482.6568992282355
0.02628000  4482.061104567059
0.02630000  4481.465309905882
0.02632000  4480.869515244706
0.02634000  4480.27372058353
0.02636000  4479.677925922353
0.02638000  4479.082131261177
0.02640000  4478.4863366
0.02642000  4477.890541938824
0.02644000  4477.294747277648
0.02646000  4476.698952616471
0.02648000  4476.103157955295
0.02650000  4475.507363294118
0.02652000  4474.911568632941
0.02654000  4474.315773971765
0.02656000  4473.719979310588
0.02658000  4473.124184649412
0.02660000  4472.528389988235
0.02662000  4471.932595327059
0.02664000  4471.336800665883
0.02666000  4470.741006004706
0.02668000  4470.14521134353
0.02670000  4469.549416682354
0.02672000  4468.953622021177
0.02674000  4468.357827360001
0.02676000  4467.7620326988235
0.02678000  4467.166238037647
0.02680000  4466.570443376471
0.02682000  4465.974648715294
0.02684000  4465.378854054118
0.02686000  4464.783059392941
0.02688000  4464.187264731765
0.02690000  4463.591470070589
0.02692000  4462.995675409412
0.02694000  4462.399880748236
0.02696000  4461.804086087059
0.02698000  4461.208291425883
0.02700000  4460.6124967647065
0.02702000  4460.0167021035295
0.02704000  4459.420907442353
0.02706000  4458.825112781176
0.02708000  4458.22931812
0.02710000  4457.633523458824
0.02712000  4457.037728797647
0.02714000  4456.441934136471
0.02716000  4455.846139475295
0.02718000  4455.250344814118
0.02720000  4454.654550152942
0.02722000  4454.058755491765
0.02724000  4453.462960830589
0.02726000  4452.8671661694125
0.02728000  4452.2713715082355
0.02730000  4451.675576847059
0.02732000  4451.079782185882
0.02734000  4450.483987524706
0.02736000  4449.88819286353
0.02738000  4449.292398202353
0.02740000  4448.696603541177
0.02742000  4448.10080888
0.02744000  4447.505014218824
0.02746000  4446.909219557648
0.02748000  4446.313424896471
0.02750000  4445.717630235295
0.02752000  4445.1218355741175
0.02754000  4444.526040912941
0.02756000  4443.930246251765
0.02758000  4443.334451590588
0.02760000  4442.738656929412
0.02762000  4442.142862268236
0.02764000  4441.547067607059
0.02766000  4440.951272945883
0.02768000  4440.355478284706
0.02770000  4439.75968362353
0.02772000  4439.163888962354
0.02774000  4438.568094301177
0.02776000  4437.9722996400005
0.02778000  4437.3765049788235
0.02780000  4436.780710317647
0.02782000  4436.184915656471
0.02784000  4435.589120995294
0.02786000  4434.993326334118
0.02788000  4434.397531672941
0.02790000  4433.801737011765
0.02792000  4433.205942350589
0.02794000  4432.610147689412
0.02796000  4432.014353028236
0.02798000  4431.418558367059
0.02800000  4430.822763705883
0.02802000  4430.2269690447065
0.02804000  4429.6311743835295
0.02806000  4429.035379722353
0.02808000  4428.439585061176
0.02810000  4427.8437904
0.02812000  4427.247995738824
0.02814000  4426.652201077647
0.02816000  4426.056406416471
0.02818000  4425.460611755295
0.02820000  4424.864817094118
0.02822000  4424.269022432942
0.02824000  4423.673227771765
0.02826000  4423.077433110589
0.02828000  4422.4816384494125
0.02830000  4421.885843788235
0.02832000  4421.290049127059
0.02834000  4420.694254465882
0.02836000  4420.098459804706
0.02838000  4419.50266514353
0.02840000  4418.906870482353
0.02842000  4418.311075821177
0.02844000  4417.71528116
0.02846000  4417.119486498824
0.02848000  4416.523691837648
0.02850000  4415.927897176471
0.02852000  4415.3321025152945
0.02854000  4414.736307854118
0.02856000  4414.140513192941
0.02858000  4413.544718531765
0.02860000  4412.948923870588
0.02862000  4412.353129209412
0.02864000  4411.757334548236
0.02866000  4411.161539887059
0.02868000  4410.565745225883
0.02870000  4409.969950564706
0.02872000  4409.37415590353
0.02874000  4408.778361242354
0.02876000  4408.182566581177
0.02878000  4407.5867719200005
0.02880000  4406.9909772588235
0.02882000  4406.395182597647
0.02884000  4405.799387936471
0.02886000  4405.203593275294
0.02888000  4404.607798614118
0.02890000  4404.012003952941
0.02892000  4403.416209291765
0.02894000  4402.820414630589
0.02896000  4402.224619969412
0.02898000  4401.628825308236
0.02900000  4401.033030647059
0.02902000  4400.437235985883
0.02904000  4399.8414413247065
0.02906000  4399.245646663529
0.02908000  4398.649852002353
0.02910000  4398.054057341177
0.02912000  4397.45826268
0.02914000  4396.862468018824
0.02916000  4396.266673357647
0.02918000  4395.670878696471
0.02920000  4395.075084035295
0.02922000  4394.479289374118
0.02924000  4393.883494712942
0.02926000  4393.287700051765
0.02928000  4392.6919053905885
0.02930000  4392.096110729412
0.02932000  4391.500316068235
0.02934000  4390.904521407059
0.02936000  4390.308726745882
0.02938000  4389.712932084706
0.02940000  4389.11713742353
0.02942000  4388.521342762353
0.02944000  4387.925548101177
0.02946000  4387.32975344
0.02948000  4386.733958778824
0.02950000  4386.138164117648
0.02952000  4385.542369456471
0.02954000  4384.9465747952945
0.02956000  4384.350780134118
0.02958000  4383.754985472941
0.02960000  4383.159190811765
0.02962000  4382.563396150588
0.02964000  4381.967601489412
0.02966000  4381.371806828236
0.02968000  4380.776012167059
0.02970000  4380.180217505883
0.02972000  4379.584422844706
0.02974000  4378.98862818353
0.02976000  4378.392833522354
0.02978000  4377.797038861177
0.02980000  4377.2012442000005
0.02982000  4376.605449538823
0.02984000  4376.009654877647
0.02986000  4375.413860216471
0.02988000  4374.818065555294
0.02990000  4374.222270894118
0.02992000  4373.626476232941
0.02994000  4373.030681571765
0.02996000  4372.434886910589
0.02998000  4371.839092249412
0.03000000  4371.243297588236
0.03002000  4370.647502927059
0.03004000  4370.051708265883
0.03006000  4369.455913604706
0.03008000  4368.860118943529
0.03010000  4368.264324282353
0.03012000  4367.668529621177
0.03014000  4367.07273496
0.03016000  4366.476940298824
0.03018000  4365.881145637647
0.03020000  4365.285350976471
0.03022000  4364.689556315295
0.03024000  4364.093761654118
0.03026000  4363.497966992942
0.03028000  4362.902172331765
0.03030000  4362.3063776705885
0.03032000  4361.710583009412
0.03034000  4361.114788348235
0.03036000  4360.518993687059
0.03038000  4359.923199025882
0.03040000  4359.327404364706
0.03042000  4358.73160970353
0.03044000  4358.135815042353
0.03046000  4357.540020381177
0.03048000  4356.944225720001
0.03050000  4356.348431058824
0.03052000  4355.752636397648
0.03054000  4355.156841736471
0.03056000  4354.5610470752945
0.03058000  4353.965252414118
0.03060000  4353.369457752941
0.03062000  4352.773663091765
0.03064000  4352.177868430588
0.03066000  4351.582073769412
0.03068000  4350.986279108236
0.03070000  4350.390484447059
0.03072000  4349.794689785883
0.03074000  4349.198895124706
0.03076000  4348.60310046353
0.03078000  4348.007305802354
0.03080000  4347.411511141177
0.03082000  4346.81571648
0.03084000  4346.219921818823
0.03086000  4345.624127157647
0.03088000  4345.028332496471
0.03090000  4344.432537835294
0.03092000  4343.836743174118
0.03094000  4343.240948512941
0.03096000  4342.645153851765
0.03098000  4342.049359190589
0.03100000  4341.453564529412
0.03102000  4340.857769868236
0.03104000  4340.26197520706
0.03106000  4339.6661805458825
0.03108000  4339.070385884706
0.03110000  4338.474591223529
0.03112000  4337.878796562353
0.03114000  4337.283001901177
0.03116000  4336.68720724
0.03118000  4336.091412578824
0.03120000  4335.495617917647
0.03122000  4334.899823256471
0.03124000  4334.304028595295
0.03126000  4333.708233934118
0.03128000  4333.112439272942
0.03130000  4332.516644611765
0.03132000  4331.9208499505885
0.03134000  4331.325055289412
0.03136000  4330.729260628235
0.03138000  4330.133465967059
0.03140000  4329.537671305882
0.03142000  4328.941876644706
0.03144000  4328.34608198353
0.03146000  4327.750287322353
0.03148000  4327.154492661177
0.03150000  4326.558698000001
0.03152000  4325.962903338824
0.03154000  4325.367108677648
0.03156000  4324.771314016471
0.03158000  4324.175519355294
0.03160000  4323.579724694118
0.03162000  4322.983930032941
0.03164000  4322.388135371765
0.03166000  4321.792340710588
0.03168000  4321.196546049412
0.03170000  4320.600751388236
0.03172000  4320.004956727059
0.03174000  4319.409162065883
0.03176000  4318.813367404706
0.03178000  4318.21757274353
0.03180000  4317.621778082354
0.03182000  4317.0259834211765
0.03184000  4316.43018876
0.03186000  4315.834394098823
0.03188000  4315.238599437647
0.03190000  4314.642804776471
0.03192000  4314.047010115294
0.03194000  4313.451215454118
0.03196000  4312.855420792941
0.03198000  4312.259626131765
0.03200000  4311.663831470589
0.03202000  4311.068036809412
0.03204000  4310.472242148236
0.03206000  4309.8764474870595
0.03208000  4309.2806528258825
0.03210000  4308.684858164706
0.03212000  4308.089063503529
0.03214000  4307.493268842353
0.03216000  4306.897474181177
0.03218000  4306.30167952
0.03220000  4305.705884858824
0.03222000  4305.110090197647
0.03224000  4304.514295536471
0.03226000  4303.918500875295
0.03228000  4303.322706214118
0.03230000  4302.726911552942
0.03232000  4302.131116891765
0.03234000  4301.5353222305885
0.03236000  4300.939527569412
0.03238000  4300.343732908235
0.03240000  4299.747938247059
0.03242000  4299.152143585883
0.03244000  4298.556348924706
0.03246000  4297.96055426353
0.03248000  4297.364759602353
0.03250000  4296.768964941177
0.03252000  4296.173170280001
0.03254000  4295.577375618824
0.03256000  4294.981580957648
0.03258000  4294.3857862964705
0.03260000  4293.789991635294
0.03262000  4293.194196974118
0.03264000  4292.598402312941
0.03266000  4292.002607651765
0.03268000  4291.406812990588
0.03270000  4290.811018329412
0.03272000  4290.215223668236
0.03274000  4289.619429007059
0.03276000  4289.023634345883
0.03278000  4288.427839684706
0.03280000  4287.83204502353
0.03282000  4287.2362503623535
0.03284000  4286.6404557011765
0.03286000  4286.04466104
0.03288000  4285.448866378823
0.03290000  4284.853071717647
0.03292000  4284.257277056471
0.03294000  4283.661482395294
0.03296000  4283.065687734118
0.03298000  4282.469893072941
0.03300000  4281.874098411765
0.03302000  4281.278303750589
0.03304000  4280.682509089412
0.03306000  4280.086714428236
0.03308000  4279.4909197670595
0.03310000  4278.8951251058825
0.03312000  4278.299330444706
0.03314000  4277.703535783529
0.03316000  4277.107741122353
0.03318000  4276.511946461177
0.03320000  4275.9161518
0.03322000  4275.320357138824
0.03324000  4274.724562477647
0.03326000  4274.128767816471
0.03328000  4273.532973155295
0.03330000  4272.937178494118
0.03332000  4272.341383832942
0.03334000  4271.7455891717655
0.03336000  4271.149794510588
0.03338000  4270.553999849412
0.03340000  4269.958205188235
0.03342000  4269.362410527059
0.03344000  4268.766615865883
0.03346000  4268.170821204706
0.03348000  4267.57502654353
0.03350000  4266.979231882353
0.03352000  4266.383437221177
0.03354000  4265.787642560001
0.03356000  4265.191847898824
0.03358000  4264.5960532376475
0.03360000  4264.0002585764705
0.03362000  4263.404463915294
0.03364000  4262.808669254118
0.03366000  4262.212874592941
0.03368000  4261.617079931765
0.03370000  4261.021285270588
0.03372000  4260.425490609412
0.03374000  4259.829695948236
0.03376000  4259.233901287059
0.03378000  4258.638106625883
0.03380000  4258.042311964706
0.03382000  4257.44651730353
0.03384000  4256.8507226423535
0.03386000  4256.2549279811765
0.03388000  4255.65913332
0.03390000  4255.063338658823
0.03392000  4254.467543997647
0.03394000  4253.871749336471
0.03396000  4253.275954675294
0.03398000  4252.680160014118
0.03400000  4252.084365352942
0.03402000  4251.488570691765
0.03404000  4250.892776030589
0.03406000  4250.296981369412
0.03408000  4249.701186708236
0.03410000  4249.1053920470595
0.03412000  4248.509597385882
0.03414000  4247.913802724706
0.03416000  4247.318008063529
0.03418000  4246.722213402353
0.03420000  4246.126418741177
0.03422000  4245.53062408
0.03424000  4244.934829418824
0.03426000  4244.339034757647
0.03428000  4243.743240096471
0.03430000  4243.147445435295
0.03432000  4242.551650774118
0.03434000  4241.955856112942
0.03436000  4241.360061451765
0.03438000  4240.764266790588
0.03440000  4240.168472129412
0.03442000  4239.572677468235
0.03444000  4238.976882807059
0.03446000  4238.381088145883
0.03448000  4237.785293484706
0.03450000  4237.18949882353
0.03452000  4236.593704162353
0.03454000  4235.997909501177
0.03456000  4235.402114840001
0.03458000  4234.806320178824
0.03460000  4234.2105255176475
0.03462000  4233.6147308564705
0.03464000  4233.018936195294
0.03466000  4232.423141534118
0.03468000  4231.827346872941
0.03470000  4231.231552211765
0.03472000  4230.635757550588
0.03474000  4230.039962889412
0.03476000  4229.444168228236
0.03478000  4228.848373567059
0.03480000  4228.252578905883
0.03482000  4227.656784244706
0.03484000  4227.06098958353
0.03486000  4226.4651949223535
0.03488000  4225.869400261176
0.03490000  4225.2736056
0.03492000  4224.677810938824
0.03494000  4224.082016277647
0.03496000  4223.486221616471
0.03498000  4222.890426955294
0.03500000  4222.294632294118
0.03502000  4221.698837632942
0.03504000  4221.103042971765
0.03506000  4220.507248310589
0.03508000  4219.911453649412
0.03510000  4219.315658988236
0.03512000  4218.719864327059
0.03514000  4218.124069665882
0.03516000  4217.528275004706
0.03518000  4216.932480343529
0.03520000  4216.336685682353
0.03522000  4215.740891021177
0.03524000  4215.14509636
0.03526000  4214.549301698824
0.03528000  4213.953507037648
0.03530000  4213.357712376471
0.03532000  4212.761917715295
0.03534000  4212.166123054118
0.03536000  4211.5703283929415
0.03538000  4210.974533731765
0.03540000  4210.378739070588
0.03542000  4209.782944409412
0.03544000  4209.187149748235
0.03546000  4208.591355087059
0.03548000  4207.995560425883
0.03550000  4207.399765764706
0.03552000  4206.80397110353
0.03554000  4206.208176442353
0.03556000  4205.612381781177
0.03558000  4205.016587120001
0.03560000  4204.420792458824
0.03562000  4203.8249977976475
0.03564000  4203.2292031364705
0.03566000  4202.633408475294
0.03568000  4202.037613814118
0.03570000  4201.441819152941
0.03572000  4200.846024491765
0.03574000  4200.250229830588
0.03576000  4199.654435169412
0.03578000  4199.058640508236
0.03580000  4198.462845847059
0.03582000  4197.867051185883
0.03584000  4197.271256524706
0.03586000  4196.67546186353
0.03588000  4196.079667202353
0.03590000  4195.483872541176
0.03592000  4194.88807788
0.03594000  4194.292283218824
0.03596000  4193.696488557647
0.03598000  4193.100693896471
0.03600000  4192.504899235294
0.03602000  4191.909104574118
0.03604000  4191.313309912942
0.03606000  4190.717515251765
0.03608000  4190.121720590589
0.03610000  4189.525925929412
0.03612000  4188.9301312682355
0.03614000  4188.334336607059
0.03616000  4187.738541945882
0.03618000  4187.142747284706
0.03620000  4186.546952623529
0.03622000  4185.951157962353
0.03624000  4185.355363301177
0.03626000  4184.75956864
0.03628000  4184.163773978824
0.03630000  4183.567979317648
0.03632000  4182.972184656471
0.03634000  4182.376389995295
0.03636000  4181.780595334118
0.03638000  4181.1848006729415
0.03640000  4180.589006011765
0.03642000  4179.993211350588
0.03644000  4179.397416689412
0.03646000  4178.801622028235
0.03648000  4178.205827367059
0.03650000  4177.610032705883
0.03652000  4177.014238044706
0.03654000  4176.41844338353
0.03656000  4175.822648722353
0.03658000  4175.226854061177
0.03660000  4174.631059400001
0.03662000  4174.035264738824
0.03664000  4173.4394700776475
0.03666000  4172.84367541647
0.03668000  4172.247880755294
0.03670000  4171.652086094118
0.03672000  4171.056291432941
0.03674000  4170.460496771765
0.03676000  4169.864702110588
0.03678000  4169.268907449412
0.03680000  4168.673112788236
0.03682000  4168.077318127059
0.03684000  4167.481523465883
0.03686000  4166.885728804707
0.03688000  4166.2899341435295
0.03690000  4165.694139482353
0.03692000  4165.098344821176
0.03694000  4164.50255016
0.03696000  4163.906755498824
0.03698000  4163.310960837647
0.03700000  4162.715166176471
0.03702000  4162.119371515294
0.03704000  4161.523576854118
0.03706000  4160.927782192942
0.03708000  4160.331987531765
0.03710000  4159.736192870589
0.03712000  4159.140398209412
0.03714000  4158.5446035482355
0.03716000  4157.948808887059
0.03718000  4157.353014225882
0.03720000  4156.757219564706
0.03722000  4156.16142490353
0.03724000  4155.565630242353
0.03726000  4154.969835581177
0.03728000  4154.37404092
0.03730000  4153.778246258824
0.03732000  4153.182451597648
0.03734000  4152.586656936471
0.03736000  4151.990862275295
0.03738000  4151.395067614118
0.03740000  4150.7992729529415
0.03742000  4150.203478291765
0.03744000  4149.607683630588
0.03746000  4149.011888969412
0.03748000  4148.416094308235
0.03750000  4147.820299647059
0.03752000  4147.224504985883
0.03754000  4146.628710324706
0.03756000  4146.03291566353
0.03758000  4145.437121002353
0.03760000  4144.841326341177
0.03762000  4144.245531680001
0.03764000  4143.6497370188235
0.03766000  4143.053942357647
0.03768000  4142.45814769647
0.03770000  4141.862353035294
0.03772000  4141.266558374118
0.03774000  4140.670763712941
0.03776000  4140.074969051765
0.03778000  4139.479174390588
0.03780000  4138.883379729412
0.03782000  4138.287585068236
0.03784000  4137.691790407059
0.03786000  4137.095995745883
0.03788000  4136.5002010847065
0.03790000  4135.9044064235295
0.03792000  4135.308611762353
0.03794000  4134.712817101176
0.03796000  4134.11702244
0.03798000  4133.521227778824
0.03800000  4132.925433117647
0.03802000  4132.329638456471
0.03804000  4131.733843795294
0.03806000  4131.138049134118
0.03808000  4130.542254472942
0.03810000  4129.946459811765
0.03812000  4129.350665150589
0.03814000  4128.754870489412
0.03816000  4128.1590758282355
0.03818000  4127.563281167059
0.03820000  4126.967486505882
0.03822000  4126.371691844706
0.03824000  4125.77589718353
0.03826000  4125.180102522353
0.03828000  4124.584307861177
0.03830000  4123.9885132
0.03832000  4123.392718538824
0.03834000  4122.796923877648
0.03836000  4122.201129216471
0.03838000  4121.605334555295
0.03840000  4121.009539894118
0.03842000  4120.413745232941
0.03844000  4119.817950571765
0.03846000  4119.222155910588
0.03848000  4118.626361249412
0.03850000  4118.030566588235
0.03852000  4117.434771927059
0.03854000  4116.838977265883
0.03856000  4116.243182604706
0.03858000  4115.64738794353
0.03860000  4115.051593282353
0.03862000  4114.455798621177
0.03864000  4113.8600039600005
0.03866000  4113.2642092988235
0.03868000  4112.668414637647
0.03870000  4112.07261997647
0.03872000  4111.476825315294
0.03874000  4110.881030654118
0.03876000  4110.285235992941
0.03878000  4109.689441331765
0.03880000  4109.093646670589
0.03882000  4108.497852009412
0.03884000  4107.902057348236
0.03886000  4107.306262687059
0.03888000  4106.710468025883
0.03890000  4106.1146733647065
0.03892000  4105.5188787035295
0.03894000  4104.923084042353
0.03896000  4104.327289381176
0.03898000  4103.73149472
0.03900000  4103.135700058824
0.03902000  4102.539905397647
0.03904000  4101.944110736471
0.03906000  4101.348316075294
0.03908000  4100.752521414118
0.03910000  4100.156726752942
0.03912000  4099.560932091765
0.03914000  4098.965137430589
0.03916000  4098.3693427694125
0.03918000  4097.773548108235
0.03920000  4097.177753447059
0.03922000  4096.581958785882
0.03924000  4095.986164124706
0.03926000  4095.3903694635296
0.03928000  4094.794574802353
0.03930000  4094.198780141177
0.03932000  4093.6029854800004
0.03934000  4093.007190818824
0.03936000  4092.4113961576472
0.03938000  4091.8156014964707
0.03940000  4091.2198068352945
0.03942000  4090.624012174118
0.03944000  4090.0282175129414
0.03946000  4089.432422851765
0.03948000  4088.8366281905883
0.03950000  4088.240833529412
0.03952000  4087.6450388682356
0.03954000  4087.049244207059
0.03956000  4086.4534495458824
0.03958000  4085.857654884706
0.03960000  4085.2618602235298
0.03962000  4084.666065562353
0.03964000  4084.0702709011766
0.03966000  4083.47447624
0.03968000  4082.878681578824
0.03970000  4082.2828869176474
0.03972000  4081.687092256471
0.03974000  4081.0912975952942
0.03976000  4080.495502934118
0.03978000  4079.8997082729416
0.03980000  4079.303913611765
0.03982000  4078.7081189505884
0.03984000  4078.112324289412
0.03986000  4077.5165296282357
0.03988000  4076.920734967059
0.03990000  4076.3249403058826
0.03992000  4075.729145644706
0.03994000  4075.1333509835295
0.03996000  4074.5375563223533
0.03998000  4073.9417616611768
0.04000000  4073.345967
0.04002000  4068.835948
0.04004000  4064.67251
0.04006000  4060.834423
0.04008000  4057.275389
0.04010000  4053.756515
0.04012000  4049.552846
0.04014000  4043.915304
0.04016000  4036.324006
0.04018000  4026.186696
0.04020000  4012.838773
0.04022000  3994.700329
0.04024000  3966.990322
0.04026000  3923.851339
0.04028000  3857.944503
0.04030000  3758.95547
0.04032000  3612.860085
0.04034000  3402.769344
0.04036000  3113.635835
0.04038000  2752.104066
0.04040000  2367.061856
0.04042000  1992.431049
0.04044000  1624.774933
0.04046000  1242.850686
0.04048000  841.929065
0.04050000  492.631425
0.04052000  280.087689
0.04054000  172.332502
0.04056000  124.522891
0.04058000  108.930833
0.04060000  119.794378
0.04062000  166.294895
0.04064000  273.742413
0.04066000  478.552109
0.04068000  794.425036
0.04070000  1207.627713
0.04072000  1685.745262
0.04074000  2185.568476
0.04076000  2666.705396
0.04078000  3096.883795
0.04080000  3454.565613
0.04082000  3734.590142
0.04084000  3945.460313
0.04086000  4101.470033
0.04088000  4216.474385
0.04090000  4301.586414
0.04092000  4365.070715
0.04094000  4412.82799
0.04096000  4449.052678
0.04098000  4476.7593
0.04100000  4498.093973
0.04102000  4514.614634
0.04104000  4527.463296
0.04106000  4537.484843
0.04108000  4545.316827
0.04110000  4551.453077
0.04112000  4556.266129
0.04114000  4560.04005
0.04116000  4562.998194
0.04118000  4565.30796
0.04120000  4567.100885
0.04122000  4568.485762
0.04124000  4569.544128
0.04126000  4570.345105
0.04128000  4570.943031
0.04130000  4571.380571
0.04132000  4571.697306
0.04134000  4571.921443
0.04136000  4572.083889
0.04138000  4572.207094
0.04140000  4572.30788
0.04142000  4572.394654
0.04144000  4572.467422
0.04146000  4572.537383
0.04148000  4572.607336
0.04150000  4572.674484
0.04152000  4572.747218
0.04154000  4572.819943
0.04156000  4572.90105
0.04158000  4572.982145
0.04160000  4573.068821
0.04162000  4573.158279
0.04164000  4573.250519
0.04166000  4573.34554
0.04168000  4573.443339
0.04170000  4573.538328
0.04172000  4573.638889
0.04174000  4573.73664
0.04176000  4573.837167
0.04178000  4573.937677
0.04180000  4574.03817
0.04182000  4574.138647
0.04184000  4574.239106
0.04186000  4574.342338
0.04188000  4574.442762
0.04190000  4574.54317
0.04192000  4574.643561
0.04194000  4574.746723
0.04196000  4574.847079
0.04198000  4574.947418
0.04200000  4575.047741
0.04202000  4575.148046
0.04204000  4575.248334
0.04206000  4575.348606
0.04208000  4575.446076
0.04210000  4575.546314
0.04212000  4575.646535
0.04214000  4575.743956
0.04216000  4575.844143
0.04218000  4575.941532
0.04220000  4576.038904
0.04222000  4576.139042
0.04224000  4576.236382
0.04226000  4576.333705
0.04228000  4576.431013
0.04230000  4576.528305
0.04232000  4576.625581
0.04234000  4576.720062
0.04236000  4576.817306
0.04238000  4576.914534
0.04240000  4577.008969
0.04242000  4577.106166
0.04244000  4577.20057
0.04246000  4577.29496
0.04248000  4577.389334
0.04250000  4577.483693
0.04252000  4577.578037
0.04254000  4577.672366
0.04256000  4577.766679
0.04258000  4577.860978
0.04260000  4577.955262
0.04262000  4578.046758
0.04264000  4578.141011
0.04266000  4578.232479
0.04268000  4578.323932
0.04270000  4578.418141
0.04272000  4578.509566
0.04274000  4578.600976
0.04276000  4578.692371
0.04278000  4578.783753
0.04280000  4578.87512
0.04282000  4578.963706
0.04284000  4579.055045
0.04286000  4579.14637
0.04288000  4579.234915
0.04290000  4579.326212
0.04292000  4579.414729
0.04294000  4579.503233
0.04296000  4579.591724
0.04298000  4579.682965
0.04300000  4579.771429
0.04302000  4579.175634338824
0.04304000  4578.579839677647
0.04306000  4577.984045016471
0.04308000  4577.388250355294
0.04310000  4576.792455694118
0.04312000  4576.196661032942
0.04314000  4575.600866371765
0.04316000  4575.005071710589
0.04318000  4574.409277049412
0.04320000  4573.813482388236
0.04322000  4573.2176877270595
0.04324000  4572.621893065882
0.04326000  4572.026098404706
0.04328000  4571.43030374353
0.04330000  4570.834509082353
0.04332000  4570.238714421177
0.04334000  4569.64291976
0.04336000  4569.047125098824
0.04338000  4568.451330437648
0.04340000  4567.855535776471
0.04342000  4567.259741115295
0.04344000  4566.663946454118
0.04346000  4566.0681517929415
0.04348000  4565.472357131765
0.04350000  4564.876562470588
0.04352000  4564.280767809412
0.04354000  4563.684973148235
0.04356000  4563.089178487059
0.04358000  4562.493383825883
0.04360000  4561.897589164706
0.04362000  4561.30179450353
0.04364000  4560.705999842353
0.04366000  4560.110205181177
0.04368000  4559.514410520001
0.04370000  4558.918615858824
0.04372000  4558.3228211976475
0.04374000  4557.727026536471
0.04376000  4557.131231875294
0.04378000  4556.535437214118
0.04380000  4555.939642552941
0.04382000  4555.343847891765
0.04384000  4554.748053230589
0.04386000  4554.152258569412
0.04388000  4553.556463908236
0.04390000  4552.960669247059
0.04392000  4552.364874585883
0.04394000  4551.769079924707
0.04396000  4551.17328526353
0.04398000  4550.5774906023535
0.04400000  4549.981695941176
0.04402000  4549.38590128
0.04404000  4548.790106618824
0.04406000  4548.194311957647
0.04408000  4547.598517296471
0.04410000  4547.002722635294
0.04412000  4546.406927974118
0.04414000  4545.811133312942
0.04416000  4545.215338651765
0.04418000  4544.619543990589
0.04420000  4544.023749329412
0.04422000  4543.4279546682355
0.04424000  4542.832160007059
0.04426000  4542.236365345882
0.04428000  4541.640570684706
0.04430000  4541.04477602353
0.04432000  4540.448981362353
0.04434000  4539.853186701177
0.04436000  4539.25739204
0.04438000  4538.661597378824
0.04440000  4538.065802717648
0.04442000  4537.470008056471
0.04444000  4536.874213395295
0.04446000  4536.278418734118
0.04448000  4535.6826240729415
0.04450000  4535.086829411765
0.04452000  4534.491034750588
0.04454000  4533.895240089412
0.04456000  4533.299445428235
0.04458000  4532.703650767059
0.04460000  4532.107856105883
0.04462000  4531.512061444706
0.04464000  4530.91626678353
0.04466000  4530.320472122353
0.04468000  4529.724677461177
0.04470000  4529.128882800001
0.04472000  4528.533088138824
0.04474000  4527.9372934776475
0.04476000  4527.341498816471
0.04478000  4526.745704155294
0.04480000  4526.149909494118
0.04482000  4525.554114832941
0.04484000  4524.958320171765
0.04486000  4524.362525510589
0.04488000  4523.766730849412
0.04490000  4523.170936188236
0.04492000  4522.575141527059
0.04494000  4521.979346865883
0.04496000  4521.383552204707
0.04498000  4520.78775754353
0.04500000  4520.191962882353
0.04502000  4519.596168221176
0.04504000  4519.00037356
0.04506000  4518.404578898824
0.04508000  4517.808784237647
0.04510000  4517.212989576471
0.04512000  4516.617194915294
0.04514000  4516.021400254118
0.04516000  4515.425605592942
0.04518000  4514.829810931765
0.04520000  4514.234016270589
0.04522000  4513.6382216094125
0.04524000  4513.0424269482355
0.04526000  4512.446632287059
0.04528000  4511.850837625882
0.04530000  4511.255042964706
0.04532000  4510.65924830353
0.04534000  4510.063453642353
0.04536000  4509.467658981177
0.04538000  4508.87186432
0.04540000  4508.276069658824
0.04542000  4507.680274997648
0.04544000  4507.084480336471
0.04546000  4506.488685675295
0.04548000  4505.892891014118
0.04550000  4505.2970963529415
0.04552000  4504.701301691765
0.04554000  4504.105507030588
0.04556000  4503.509712369412
0.04558000  4502.913917708235
0.04560000  4502.318123047059
0.04562000  4501.722328385883
0.04564000  4501.126533724706
0.04566000  4500.53073906353
0.04568000  4499.934944402354
0.04570000  4499.339149741177
0.04572000  4498.743355080001
0.04574000  4498.147560418824
0.04576000  4497.551765757647
0.04578000  4496.955971096471
0.04580000  4496.360176435294
0.04582000  4495.764381774118
0.04584000  4495.168587112941
0.04586000  4494.572792451765
0.04588000  4493.976997790589
0.04590000  4493.381203129412
0.04592000  4492.785408468236
0.04594000  4492.189613807059
0.04596000  4491.593819145883
0.04598000  4490.998024484707
0.04600000  4490.4022298235295
0.04602000  4489.806435162353
0.04604000  4489.210640501176
0.04606000  4488.61484584
0.04608000  4488.019051178824
0.04610000  4487.423256517647
0.04612000  4486.827461856471
0.04614000  4486.231667195294
0.04616000  4485.635872534118
0.04618000  4485.040077872942
0.04620000  4484.444283211765
0.04622000  4483.848488550589
0.04624000  4483.2526938894125
0.04626000  4482.6568992282355
0.04628000  4482.061104567059
0.04630000  4481.465309905882
0.04632000  4480.869515244706
0.04634000  4480.27372058353
0.04636000  4479.677925922353
0.04638000  4479.082131261177
0.04640000  4478.4863366
0.04642000  4477.890541938824
0.04644000  4477.294747277648
0.04646000  4476.698952616471
0.04648000  4476.103157955295
0.04650000  4475.507363294118
0.04652000  4474.911568632941
0.04654000  4474.315773971765
0.04656000  4473.719979310588
0.04658000  4473.124184649412
0.04660000  4472.528389988235
0.04662000  4471.932595327059
0.04664000  4471.336800665883
0.04666000  4470.741006004706
0.04668000  4470.14521134353
0.04670000  4469.549416682354
0.04672000  4468.953622021177
0.04674000  4468.357827360001
0.04676000  4467.7620326988235
0.04678000  4467.166238037647
0.04680000  4466.570443376471
0.04682000  4465.974648715294
0.04684000  4465.378854054118
0.04686000  4464.783059392941
0.04688000  4464.187264731765
0.04690000  4463.591470070589
0.04692000  4462.995675409412
0.04694000  4462.399880748236
0.04696000  4461.804086087059
0.04698000  4461.208291425883
0.04700000  4460.6124967647065
0.04702000  4460.0167021035295
0.04704000  4459.420907442353
0.04706000  4458.825112781176
0.04708000  4458.22931812
0.04710000  4457.633523458824
0.04712000  4457.037728797647
0.04714000  4456.441934136471
0.04716000  4455.846139475295
0.04718000  4455.250344814118
0.04720000  4454.654550152942
0.04722000  4454.058755491765
0.04724000  4453.462960830589
0.04726000  4452.8671661694125
0.04728000  4452.2713715082355
0.04730000  4451.675576847059
0.04732000  4451.079782185882
0.04734000  4450.483987524706
0.04736000  4449.88819286353
0.04738000  4449.292398202353
0.04740000  4448.696603541177
0.04742000  4448.10080888
0.04744000  4447.505014218824
0.04746000  4446.909219557648
0.04748000  4446.313424896471
0.04750000  4445.717630235295
0.04752000  4445.1218355741175
0.04754000  4444.526040912941
0.04756000  4443.930246251765
0.04758000  4443.334451590588
0.04760000  4442.738656929412
0.04762000  4442.142862268236
0.04764000  4441.547067607059
0.04766000  4440.951272945883
0.04768000  4440.355478284706
0.04770000  4439.75968362353
0.04772000  4439.163888962354
0.04774000  4438.568094301177
0.04776000  4437.9722996400005
0.04778000  4437.3765049788235
0.04780000  4436.780710317647
0.04782000  4436.184915656471
0.04784000  4435.589120995294
0.04786000  4434.993326334118
0.04788000  4434.397531672941
0.04790000  4433.801737011765
0.04792000  4433.205942350589
0.04794000  4432.610147689412
0.04796000  4432.014353028236
0.04798000  4431.418558367059
0.04800000  4430.822763705883
0.04802000  4430.2269690447065
0.04804000  4429.6311743835295
0.04806000  4429.035379722353
0.04808000  4428.439585061176
0.04810000  4427.8437904
0.04812000  4427.247995738824
0.04814000  4426.652201077647
0.04816000  4426.056406416471
0.04818000  4425.460611755295
0.04820000  4424.864817094118
0.04822000  4424.269022432942
0.04824000  4423.673227771765
0.04826000  4423.077433110589
0.04828000  4422.4816384494125
0.04830000  4421.885843788235
0.04832000  4421.290049127059
0.04834000  4420.694254465882
0.04836000  4420.098459804706
0.04838000  4419.50266514353
0.04840000  4418.906870482353
0.04842000  4418.311075821177
0.04844000  4417.71528116
0.04846000  4417.119486498824
0.04848000  4416.523691837648
0.04850000  4415.927897176471
0.04852000  4415.3321025152945
0.04854000  4414.736307854118
0.04856000  4414.140513192941
0.04858000  4413.544718531765
0.04860000  4412.948923870588
0.04862000  4412.353129209412
0.04864000  4411.757334548236
0.04866000  4411.161539887059
0.04868000  4410.565745225883
0.04870000  4409.969950564706
0.04872000  4409.37415590353
0.04874000  4408.778361242354
0.04876000  4408.182566581177
0.04878000  4407.5867719200005
0.04880000  4406.9909772588235
0.04882000  4406.395182597647
0.04884000  4405.799387936471
0.04886000  4405.203593275294
0.04888000  4404.607798614118
0.04890000  4404.012003952941
0.04892000  4403.416209291765
0.04894000  4402.820414630589
0.04896000  4402.224619969412
0.04898000  4401.628825308236
0.04900000  4401.033030647059
0.04902000  4400.437235985883
0.04904000  4399.8414413247065
0.04906000  4399.245646663529
0.04908000  4398.649852002353
0.04910000  4398.054057341177
0.04912000  4397.45826268
0.04914000  4396.862468018824
0.04916000  4396.266673357647
0.04918000  4395.670878696471
0.04920000  4395.075084035295
0.04922000  4394.479289374118
0.04924000  4393.883494712942
0.04926000  4393.287700051765
0.04928000  4392.6919053905885
0.04930000  4392.096110729412
0.04932000  4391.500316068235
0.04934000  4390.904521407059
0.04936000  4390.308726745882
0.04938000  4389.712932084706
0.04940000  4389.11713742353
0.04942000  4388.521342762353
0.04944000  4387.925548101177
0.04946000  4387.32975344
0.04948000  4386.733958778824
0.04950000  4386.138164117648
0.04952000  4385.542369456471
0.04954000  4384.9465747952945
0.04956000  4384.350780134118
0.04958000  4383.754985472941
0.04960000  4383.159190811765
0.04962000  4382.563396150588
0.04964000  4381.967601489412
0.04966000  4381.371806828236
0.04968000  4380.776012167059
0.04970000  4380.180217505883
0.04972000  4379.584422844706
0.04974000  4378.98862818353
0.04976000  4378.392833522354
0.04978000  4377.797038861177
0.04980000  4377.2012442000005
0.04982000  4376.605449538823
0.04984000  4376.009654877647
0.04986000  4375.413860216471
0.04988000  4374.818065555294
0.04990000  4374.222270894118
0.04992000  4373.626476232941
0.04994000  4373.030681571765
0.04996000  4372.434886910589
0.04998000  4371.839092249412
0.05000000  4371.243297588236
0.05002000  4370.647502927059
0.05004000  4370.051708265883
0.05006000  4369.455913604706
0.05008000  4368.860118943529
0.05010000  4368.264324282353
0.05012000  4367.668529621177
0.05014000  4367.07273496
0.05016000  4366.476940298824
0.05018000  4365.881145637647
0.05020000  4365.285350976471
0.05022000  4364.689556315295
0.05024000  4364.093761654118
0.05026000  4363.497966992942
0.05028000  4362.902172331765
0.05030000  4362.3063776705885
0.05032000  4361.710583009412
0.05034000  4361.114788348235
0.05036000  4360.518993687059
0.05038000  4359.923199025882
0.05040000  4359.327404364706
0.05042000  4358.73160970353
0.05044000  4358.135815042353
0.05046000  4357.540020381177
0.05048000  4356.944225720001
0.05050000  4356.348431058824
0.05052000  4355.752636397648
0.05054000  4355.156841736471
0.05056000  4354.5610470752945
0.05058000  4353.965252414118
0.05060000  4353.369457752941
0.05062000  4352.773663091765
0.05064000  4352.177868430588
0.05066000  4351.582073769412
0.05068000  4350.986279108236
0.05070000  4350.390484447059
0.05072000  4349.794689785883
0.05074000  4349.198895124706
0.05076000  4348.60310046353
0.05078000  4348.007305802354
0.05080000  4347.411511141177
0.05082000  4346.81571648
0.05084000  4346.219921818823
0.05086000  4345.624127157647
0.05088000  4345.028332496471
0.05090000  4344.432537835294
0.05092000  4343.836743174118
0.05094000  4343.240948512941
0.05096000  4342.645153851765
0.05098000  4342.049359190589
0.05100000  4341.453564529412
0.05102000  4340.857769868236
0.05104000  4340.26197520706
0.05106000  4339.6661805458825
0.05108000  4339.070385884706
0.05110000  4338.474591223529
0.05112000  4337.878796562353
0.05114000  4337.283001901177
0.05116000  4336.68720724
0.05118000  4336.091412578824
0.05120000  4335.495617917647
0.05122000  4334.899823256471
0.05124000  4334.304028595295
0.05126000  4333.708233934118
0.05128000  4333.112439272942
0.05130000  4332.516644611765
0.05132000  4331.9208499505885
0.05134000  4331.325055289412
0.05136000  4330.729260628235
0.05138000  4330.133465967059
0.05140000  4329.537671305882
0.05142000  4328.941876644706
0.05144000  4328.34608198353
0.05146000  4327.750287322353
0.05148000  4327.154492661177
0.05150000  4326.558698000001
0.05152000  4325.962903338824
0.05154000  4325.367108677648
0.05156000  4324.771314016471
0.05158000  4324.175519355294
0.05160000  4323.579724694118
0.05162000  4322.983930032941
0.05164000  4322.388135371765
0.05166000  4321.792340710588
0.05168000  4321.196546049412
0.05170000  4320.600751388236
0.05172000  4320.004956727059
0.05174000  4319.409162065883
0.05176000  4318.813367404706
0.05178000  4318.21757274353
0.05180000  4317.621778082354
0.05182000  4317.0259834211765
0.05184000  4316.43018876
0.05186000  4315.834394098823
0.05188000  4315.238599437647
0.05190000  4314.642804776471
0.05192000  4314.047010115294
0.05194000  4313.451215454118
0.05196000  4312.855420792941
0.05198000  4312.259626131765
0.05200000  4311.663831470589
0.05202000  4311.068036809412
0.05204000  4310.472242148236
0.05206000  4309.8764474870595
0.05208000  4309.2806528258825
0.05210000  4308.684858164706
0.05212000  4308.089063503529
0.05214000  4307.493268842353
0.05216000  4306.897474181177
0.05218000  4306.30167952
0.05220000  4305.705884858824
0.05222000  4305.110090197647
0.05224000  4304.514295536471
0.05226000  4303.918500875295
0.05228000  4303.322706214118
0.05230000  4302.726911552942
0.05232000  4302.131116891765
0.05234000  4301.5353222305885
0.05236000  4300.939527569412
0.05238000  4300.343732908235
0.05240000  4299.747938247059
0.05242000  4299.152143585883
0.05244000  4298.556348924706
0.05246000  4297.96055426353
0.05248000  4297.364759602353
0.05250000  4296.768964941177
0.05252000  4296.173170280001
0.05254000  4295.577375618824
0.05256000  4294.981580957648
0.05258000  4294.3857862964705
0.05260000  4293.789991635294
0.05262000  4293.194196974118
0.05264000  4292.598402312941
0.05266000  4292.002607651765
0.05268000  4291.406812990588
0.05270000  4290.811018329412
0.05272000  4290.215223668236
0.05274000  4289.619429007059
0.05276000  4289.023634345883
0.05278000  4288.427839684706
0.05280000  4287.83204502353
0.05282000  4287.2362503623535
0.05284000  4286.6404557011765
0.05286000  4286.04466104
0.05288000  4285.448866378823
0.05290000  4284.853071717647
0.05292000  4284.257277056471
0.05294000  4283.661482395294
0.05296000  4283.065687734118
0.05298000  4282.469893072941
0.05300000  4281.874098411765
0.05302000  4281.278303750589
0.05304000  4280.682509089412
0.05306000  4280.086714428236
0.05308000  4279.4909197670595
0.05310000  4278.8951251058825
0.05312000  4278.299330444706
0.05314000  4277.703535783529
0.05316000  4277.107741122353
0.05318000  4276.511946461177
0.05320000  4275.9161518
0.05322000  4275.320357138824
0.05324000  4274.724562477647
0.05326000  4274.128767816471
0.05328000  4273.532973155295
0.05330000  4272.937178494118
0.05332000  4272.341383832942
0.05334000  4271.7455891717655
0.05336000  4271.149794510588
0.05338000  4270.553999849412
0.05340000  4269.958205188235
0.05342000  4269.362410527059
0.05344000  4268.766615865883
0.05346000  4268.170821204706
0.05348000  4267.57502654353
0.05350000  4266.979231882353
0.05352000  4266.383437221177
0.05354000  4265.787642560001
0.05356000  4265.191847898824
0.05358000  4264.5960532376475
0.05360000  4264.0002585764705
0.05362000  4263.404463915294
0.05364000  4262.808669254118
0.05366000  4262.212874592941
0.05368000  4261.617079931765
0.05370000  4261.021285270588
0.05372000  4260.425490609412
0.05374000  4259.829695948236
0.05376000  4259.233901287059
0.05378000  4258.638106625883
0.05380000  4258.042311964706
0.05382000  4257.44651730353
0.05384000  4256.8507226423535
0.05386000  4256.2549279811765
0.05388000  4255.65913332
0.05390000  4255.063338658823
0.05392000  4254.467543997647
0.05394000  4253.871749336471
0.05396000  4253.275954675294
0.05398000  4252.680160014118
0.05400000  4252.084365352942
0.05402000  4251.488570691765
0.05404000  4250.892776030589
0.05406000  4250.296981369412
0.05408000  4249.701186708236
0.05410000  4249.1053920470595
0.05412000  4248.509597385882
0.05414000  4247.913802724706
0.05416000  4247.318008063529
0.05418000  4246.722213402353
0.05420000  4246.126418741177
0.05422000  4245.53062408
0.05424000  4244.934829418824
0.05426000  4244.339034757647
0.05428000  4243.743240096471
0.05430000  4243.147445435295
0.05432000  4242.551650774118
0.05434000  4241.955856112942
0.05436000  4241.360061451765
0.05438000  4240.764266790588
0.05440000  4240.168472129412
0.05442000  4239.572677468235
0.05444000  4238.976882807059
0.05446000  4238.381088145883
0.05448000  4237.785293484706
0.05450000  4237.18949882353
0.05452000  4236.593704162353
0.05454000  4235.997909501177
0.05456000  4235.402114840001
0.05458000  4234.806320178824
0.05460000  4234.2105255176475
0.05462000  4233.6147308564705
0.05464000  4233.018936195294
0.05466000  4232.423141534118
0.05468000  4231.827346872941
0.05470000  4231.231552211765
0.05472000  4230.635757550588
0.05474000  4230.039962889412
0.05476000  4229.444168228236
0.05478000  4228.848373567059
0.05480000  4228.252578905883
0.05482000  4227.656784244706
0.05484000  4227.06098958353
0.05486000  4226.4651949223535
0.05488000  4225.869400261176
0.05490000  4225.2736056
0.05492000  4224.677810938824
0.05494000  4224.082016277647
0.05496000  4223.486221616471
0.05498000  4222.890426955294
0.05500000  4222.294632294118
0.05502000  4221.698837632942
0.05504000  4221.103042971765
0.05506000  4220.507248310589
0.05508000  4219.911453649412
0.05510000  4219.315658988236
0.05512000  4218.719864327059
0.05514000  4218.124069665882
0.05516000  4217.528275004706
0.05518000  4216.932480343529
0.05520000  4216.336685682353
0.05522000  4215.740891021177
0.05524000  4215.14509636
0.05526000  4214.549301698824
0.05528000  4213.953507037648
0.05530000  4213.357712376471
0.05532000  4212.761917715295
0.05534000  4212.166123054118
0.05536000  4211.5703283929415
0.05538000  4210.974533731765
0.05540000  4210.378739070588
0.05542000  4209.782944409412
0.05544000  4209.187149748235
0.05546000  4208.591355087059
0.05548000  4207.995560425883
0.05550000  4207.399765764706
0.05552000  4206.80397110353
0.05554000  4206.208176442353
0.05556000  4205.612381781177
0.05558000  4205.016587120001
0.05560000  4204.420792458824
0.05562000  4203.8249977976475
0.05564000  4203.2292031364705
0.05566000  4202.633408475294
0.05568000  4202.037613814118
0.05570000  4201.441819152941
0.05572000  4200.846024491765
0.05574000  4200.250229830588
0.05576000  4199.654435169412
0.05578000  4199.058640508236
0.05580000  4198.462845847059
0.05582000  4197.867051185883
0.05584000  4197.271256524706
0.05586000  4196.67546186353
0.05588000  4196.079667202353
0.05590000  4195.483872541176
0.05592000  4194.88807788
0.05594000  4194.292283218824
0.05596000  4193.696488557647
0.05598000  4193.100693896471
0.05600000  4192.504899235294
0.05602000  4191.909104574118
0.05604000  4191.313309912942
0.05606000  4190.717515251765
0.05608000  4190.121720590589
0.05610000  4189.525925929412
0.05612000  4188.9301312682355
0.05614000  4188.334336607059
0.05616000  4187.738541945882
0.05618000  4187.142747284706
0.05620000  4186.546952623529
0.05622000  4185.951157962353
0.05624000  4185.355363301177
0.05626000  4184.75956864
0.05628000  4184.163773978824
0.05630000  4183.567979317648
0.05632000  4182.972184656471
0.05634000  4182.376389995295
0.05636000  4181.780595334118
0.05638000  4181.1848006729415
0.05640000  4180.589006011765
0.05642000  4179.993211350588
0.05644000  4179.397416689412
0.05646000  4178.801622028235
0.05648000  4178.205827367059
0.05650000  4177.610032705883
0.05652000  4177.014238044706
0.05654000  4176.41844338353
0.05656000  4175.822648722353
0.05658000  4175.226854061177
0.05660000  4174.631059400001
0.05662000  4174.035264738824
0.05664000  4173.4394700776475
0.05666000  4172.84367541647
0.05668000  4172.247880755294
0.05670000  4171.652086094118
0.05672000  4171.056291432941
0.05674000  4170.460496771765
0.05676000  4169.864702110588
0.05678000  4169.268907449412
0.05680000  4168.673112788236
0.05682000  4168.077318127059
0.05684000  4167.481523465883
0.05686000  4166.885728804707
0.05688000  4166.2899341435295
0.05690000  4165.694139482353
0.05692000  4165.098344821176
0.05694000  4164.50255016
0.05696000  4163.906755498824
0.05698000  4163.310960837647
0.05700000  4162.715166176471
0.05702000  4162.119371515294
0.05704000  4161.523576854118
0.05706000  4160.927782192942
0.05708000  4160.331987531765
0.05710000  4159.736192870589
0.05712000  4159.140398209412
0.05714000  4158.5446035482355
0.05716000  4157.948808887059
0.05718000  4157.353014225882
0.05720000  4156.757219564706
0.05722000  4156.16142490353
0.05724000  4155.565630242353
0.05726000  4154.969835581177
0.05728000  4154.37404092
0.05730000  4153.778246258824
0.05732000  4153.182451597648
0.05734000  4152.586656936471
0.05736000  4151.990862275295
0.05738000  4151.395067614118
0.05740000  4150.7992729529415
0.05742000  4150.203478291765
0.05744000  4149.607683630588
0.05746000  4149.011888969412
0.05748000  4148.416094308235
0.05750000  4147.820299647059
0.05752000  4147.224504985883
0.05754000  4146.628710324706
0.05756000  4146.03291566353
0.05758000  4145.437121002353
0.05760000  4144.841326341177
0.05762000  4144.245531680001
0.05764000  4143.6497370188235
0.05766000  4143.053942357647
0.05768000  4142.45814769647
0.05770000  4141.862353035294
0.05772000  4141.266558374118
0.05774000  4140.670763712941
0.05776000  4140.074969051765
0.05778000  4139.479174390588
0.05780000  4138.883379729412
0.05782000  4138.287585068236
0.05784000  4137.691790407059
0.05786000  4137.095995745883
0.05788000  4136.5002010847065
0.05790000  4135.9044064235295
0.05792000  4135.308611762353
0.05794000  4134.712817101176
0.05796000  4134.11702244
0.05798000  4133.521227778824
0.05800000  4132.925433117647
0.05802000  4132.329638456471
0.05804000  4131.733843795294
0.05806000  4131.138049134118
0.05808000  4130.542254472942
0.05810000  4129.946459811765
0.05812000  4129.350665150589
0.05814000  4128.754870489412
0.05816000  4128.1590758282355
0.05818000  4127.563281167059
0.05820000  4126.967486505882
0.05822000  4126.371691844706
0.05824000  4125.77589718353
0.05826000  4125.180102522353
0.05828000  4124.584307861177
0.05830000  4123.9885132
0.05832000  4123.392718538824
0.05834000  4122.796923877648
0.05836000  4122.201129216471
0.05838000  4121.605334555295
0.05840000  4121.009539894118
0.05842000  4120.413745232941
0.05844000  4119.817950571765
0.05846000  4119.222155910588
0.05848000  4118.626361249412
0.05850000  4118.030566588235
0.05852000  4117.434771927059
0.05854000  4116.838977265883
0.05856000  4116.243182604706
0.05858000  4115.64738794353
0.05860000  4115.051593282353
0.05862000  4114.455798621177
0.05864000  4113.8600039600005
0.05866000  4113.2642092988235
0.05868000  4112.668414637647
0.05870000  4112.07261997647
0.05872000  4111.476825315294
0.05874000  4110.881030654118
0.05876000  4110.285235992941
0.05878000  4109.689441331765
0.05880000  4109.093646670589
0.05882000  4108.497852009412
0.05884000  4107.902057348236
0.05886000  4107.306262687059
0.05888000  4106.710468025883
0.05890000  4106.1146733647065
0.05892000  4105.5188787035295
0.05894000  4104.923084042353
0.05896000  4104.327289381176
0.05898000  4103.73149472
0.05900000  4103.135700058824
0.05902000  4102.539905397647
0.05904000  4101.944110736471
0.05906000  4101.348316075294
0.05908000  4100.752521414118
0.05910000  4100.156726752942
0.05912000  4099.560932091765
0.05914000  4098.965137430589
0.05916000  4098.3693427694125
0.05918000  4097.773548108235
0.05920000  4097.177753447059
0.05922000  4096.581958785882
0.05924000  4095.986164124706
0.05926000  4095.3903694635296
0.05928000  4094.794574802353
0.05930000  4094.198780141177
0.05932000  4093.6029854800004
0.05934000  4093.007190818824
0.05936000  4092.4113961576472
0.05938000  4091.8156014964707
0.05940000  4091.2198068352945
0.05942000  4090.624012174118
0.05944000  4090.0282175129414
0.05946000  4089.432422851765
0.05948000  4088.8366281905883
0.05950000  4088.240833529412
0.05952000  4087.6450388682356
0.05954000  4087.049244207059
0.05956000  4086.4534495458824
0.05958000  4085.857654884706
0.05960000  4085.2618602235298
0.05962000  4084.666065562353
0.05964000  4084.0702709011766
0.05966000  4083.47447624
0.05968000  4082.878681578824
0.05970000  4082.2828869176474
0.05972000  4081.687092256471
0.05974000  4081.0912975952942
0.05976000  4080.495502934118
0.05978000  4079.8997082729416
0.05980000  4079.303913611765
0.05982000  4078.7081189505884
0.05984000  4078.112324289412
0.05986000  4077.5165296282357
0.05988000  4076.920734967059
0.05990000  4076.3249403058826
0.05992000  4075.729145644706
0.05994000  4075.1333509835295
0.05996000  4074.5375563223533
0.05998000  4073.9417616611768
0.06000000  4073.345967
0.06002000  4068.835948
0.06004000  4064.67251
0.06006000  4060.834423
0.06008000  4057.275389
0.06010000  4053.756515
0.06012000  4049.552846
0.06014000  4043.915304
0.06016000  4036.324006
0.06018000  4026.186696
0.06020000  4012.838773
0.06022000  3994.700329
0.06024000  3966.990322
0.06026000  3923.851339
0.06028000  3857.944503
0.06030000  3758.95547
0.06032000  3612.860085
0.06034000  3402.769344
0.06036000  3113.635835
0.06038000  2752.104066
0.06040000  2367.061856
0.06042000  1992.431049
0.06044000  1624.774933
0.06046000  1242.850686
0.06048000  841.929065
0.06050000  492.631425
0.06052000  280.087689
0.06054000  172.332502
0.06056000  124.522891
0.06058000  108.930833
0.06060000  119.794378
0.06062000  166.294895
0.06064000  273.742413
0.06066000  478.552109
0.06068000  794.425036
0.06070000  1207.627713
0.06072000  1685.745262
0.06074000  2185.568476
0.06076000  2666.705396
0.06078000  3096.883795
0.06080000  3454.565613
0.06082000  3734.590142
0.06084000  3945.460313
0.06086000  4101.470033
0.06088000  4216.474385
0.06090000  4301.586414
0.06092000  4365.070715
0.06094000  4412.82799
0.06096000  4449.052678
0.06098000  4476.7593
0.06100000  4498.093973
0.06102000  4514.614634
0.06104000  4527.463296
0.06106000  4537.484843
0.06108000  4545.316827
0.06110000  4551.453077
0.06112000  4556.266129
0.06114000  4560.04005
0.06116000  4562.998194
0.06118000  4565.30796
0.06120000  4567.100885
0.06122000  4568.485762
0.06124000  4569.544128
0.06126000  4570.345105
0.06128000  4570.943031
0.06130000  4571.380571
0.06132000  4571.697306
0.06134000  4571.921443
0.06136000  4572.083889
0.06138000  4572.207094
0.06140000  4572.30788
0.06142000  4572.394654
0.06144000  4572.467422
0.06146000  4572.537383
0.06148000  4572.607336
0.06150000  4572.674484
0.06152000  4572.747218
0.06154000  4572.819943
0.06156000  4572.90105
0.06158000  4572.982145
0.06160000  4573.068821
0.06162000  4573.158279
0.06164000  4573.250519
0.06166000  4573.34554
0.06168000  4573.443339
0.06170000  4573.538328
0.06172000  4573.638889
0.06174000  4573.73664
0.06176000  4573.837167
0.06178000  4573.937677
0.06180000  4574.03817
0.06182000  4574.138647
0.06184000  4574.239106
0.06186000  4574.342338
0.06188000  4574.442762
0.06190000  4574.54317
0.06192000  4574.643561
0.06194000  4574.746723
0.06196000  4574.847079
0.06198000  4574.947418
0.06200000  4575.047741
0.06202000  4575.148046
0.06204000  4575.248334
0.06206000  4575.348606
0.06208000  4575.446076
0.06210000  4575.546314
0.06212000  4575.646535
0.06214000  4575.743956
0.06216000  4575.844143
0.06218000  4575.941532
0.06220000  4576.038904
0.06222000  4576.139042
0.06224000  4576.236382
0.06226000  4576.333705
0.06228000  4576.431013
0.06230000  4576.528305
0.06232000  4576.625581
0.06234000  4576.720062
0.06236000  4576.817306
0.06238000  4576.914534
0.06240000  4577.008969
0.06242000  4577.106166
0.06244000  4577.20057
0.06246000  4577.29496
0.06248000  4577.389334
0.06250000  4577.483693
0.06252000  4577.578037
0.06254000  4577.672366
0.06256000  4577.766679
0.06258000  4577.860978
0.06260000  4577.955262
0.06262000  4578.046758
0.06264000  4578.141011
0.06266000  4578.232479
0.06268000  4578.323932
0.06270000  4578.418141
0.06272000  4578.509566
0.06274000  4578.600976
0.06276000  4578.692371
0.06278000  4578.783753
0.06280000  4578.87512
0.06282000  4578.963706
0.06284000  4579.055045
0.06286000  4579.14637
0.06288000  4579.234915
0.06290000  4579.326212
0.06292000  4579.414729
0.06294000  4579.503233
0.06296000  4579.591724
0.06298000  4579.682965
0.06300000  4579.771429
