0.00000000  4073.389634
0.00002000  4068.879758
0.00004000  4064.716453
0.00006000  4060.878487
0.00008000  4057.324473
0.00010000  4053.805722
0.00012000  4049.6022
0.00014000  4043.959898
0.00016000  4036.368836
0.00018000  4026.236856
0.00020000  4012.889388
0.00022000  3994.751556
0.00024000  3967.042469
0.00026000  3923.920946
0.00028000  3858.055691
0.00030000  3759.195249
0.00032000  3613.43352
0.00034000  3404.223071
0.00036000  3117.695826
0.00038000  2761.262721
0.00040000  2380.171288
0.00042000  2009.057138
0.00044000  1645.2893
0.00046000  1266.500308
0.00048000  868.316563
0.00050000  518.867365
0.00052000  300.813832
0.00054000  189.79864
0.00056000  141.34984
0.00058000  128.559019
0.00060000  147.912898
0.00062000  216.022769
0.00064000  373.743317
0.00066000  675.810894
0.00068000  1131.367866
0.00070000  1684.823858
0.00072000  2258.854975
0.00074000  2789.654547
0.00076000  3242.897454
0.00078000  3607.549642
0.00080000  3885.58023
0.00082000  4088.923617
0.00084000  4234.259621
0.00086000  4337.437816
0.00088000  4410.925921
0.00090000  4463.654945
0.00092000  4501.818875
0.00094000  4529.66107
0.00096000  4550.104645
0.00098000  4565.197495
0.00100000  4576.383751
0.00102000  4584.69044
0.00104000  4590.857733
0.00106000  4595.427945
0.00108000  4598.799513
0.00110000  4601.275732
0.00112000  4603.077964
0.00114000  4604.374196
0.00116000  4605.286899
0.00118000  4605.913017
0.00120000  4606.314206
0.00122000  4606.548977
0.00124000  4606.659733
0.00126000  4606.672917
0.00128000  4606.614906
0.00130000  4606.506778
0.00132000  4606.361696
0.00134000  4606.198102
0.00136000  4606.023901
0.00138000  4605.854926
0.00140000  4605.693824
0.00142000  4605.540602
0.00144000  4605.400551
0.00146000  4605.268396
0.00148000  4605.146785
0.00150000  4605.03308
0.00152000  4604.929933
0.00154000  4604.837349
0.00156000  4604.750041
0.00158000  4604.668012
0.00160000  4604.593911
0.00162000  4604.522447
0.00164000  4604.456268
0.00166000  4604.39273
0.00168000  4604.334479
0.00170000  4604.276223
0.00172000  4604.220609
0.00174000  4604.167638
0.00176000  4604.114662
0.00178000  4604.06433
0.00180000  4604.013993
0.00182000  4603.966302
0.00184000  4603.918606
0.00186000  4603.873557
0.00188000  4603.828503
0.00190000  4603.786097
0.00192000  4603.743688
0.00194000  4603.701275
0.00196000  4603.66151
0.00198000  4603.621742
0.00200000  4603.581971
0.00202000  4603.54485
0.00204000  4603.507725
0.00206000  4603.470599
0.00208000  4603.433469
0.00210000  4603.39899
0.00212000  4603.367161
0.00214000  4603.332678
0.00216000  4603.300845
0.00218000  4603.26901
0.00220000  4603.239827
0.00222000  4603.207989
0.00224000  4603.178802
0.00226000  4603.152268
0.00228000  4603.123078
0.00230000  4603.096541
0.00232000  4603.070003
0.00234000  4603.043463
0.00236000  4603.019576
0.00238000  4602.995688
0.00240000  4602.971799
0.00242000  4602.950564
0.00244000  4602.926673
0.00246000  4602.905436
0.00248000  4602.886853
0.00250000  4602.865614
0.00252000  4602.84703
0.00254000  4602.828445
0.00256000  4602.809859
0.00258000  4602.791272
0.00260000  4602.775341
0.00262000  4602.759409
0.00264000  4602.743476
0.00266000  4602.727543
0.00268000  4602.714265
0.00270000  4602.700987
0.00272000  4602.687709
0.00274000  4602.67443
0.00276000  4602.661151
0.00278000  4602.650527
0.00280000  4602.639903
0.00282000  4602.62928
0.00284000  4602.618655
0.00286000  4602.608031
0.00288000  4602.600063
0.00290000  4602.592094
0.00292000  4602.581469
0.00294000  4602.576157
0.00296000  4602.568188
0.00298000  4602.560219
0.00300000  4602.554906
0.00302000  4601.932358621177
0.00304000  4601.309811242353
0.00306000  4600.68726386353
0.00308000  4600.064716484706
0.00310000  4599.442169105882
0.00312000  4598.819621727059
0.00314000  4598.197074348235
0.00316000  4597.574526969412
0.00318000  4596.951979590589
0.00320000  4596.329432211765
0.00322000  4595.706884832942
0.00324000  4595.084337454118
0.00326000  4594.461790075295
0.00328000  4593.839242696471
0.00330000  4593.2166953176475
0.00332000  4592.594147938824
0.00334000  4591.97160056
0.00336000  4591.349053181177
0.00338000  4590.726505802353
0.00340000  4590.10395842353
0.00342000  4589.481411044706
0.00344000  4588.858863665882
0.00346000  4588.236316287059
0.00348000  4587.613768908235
0.00350000  4586.991221529412
0.00352000  4586.368674150589
0.00354000  4585.746126771765
0.00356000  4585.123579392942
0.00358000  4584.501032014118
0.00360000  4583.878484635295
0.00362000  4583.255937256471
0.00364000  4582.6333898776475
0.00366000  4582.010842498824
0.00368000  4581.38829512
0.00370000  4580.765747741177
0.00372000  4580.143200362353
0.00374000  4579.5206529835295
0.00376000  4578.898105604706
0.00378000  4578.275558225882
0.00380000  4577.653010847059
0.00382000  4577.030463468235
0.00384000  4576.407916089412
0.00386000  4575.785368710589
0.00388000  4575.162821331765
0.00390000  4574.540273952942
0.00392000  4573.917726574118
0.00394000  4573.295179195295
0.00396000  4572.672631816471
0.00398000  4572.0500844376475
0.00400000  4571.427537058824
0.00402000  4570.80498968
0.00404000  4570.182442301177
0.00406000  4569.559894922353
0.00408000  4568.9373475435295
0.00410000  4568.314800164706
0.00412000  4567.692252785882
0.00414000  4567.069705407059
0.00416000  4566.447158028235
0.00418000  4565.824610649412
0.00420000  4565.202063270589
0.00422000  4564.579515891765
0.00424000  4563.956968512942
0.00426000  4563.334421134118
0.00428000  4562.711873755295
0.00430000  4562.089326376471
0.00432000  4561.466778997647
0.00434000  4560.844231618824
0.00436000  4560.22168424
0.00438000  4559.599136861177
0.00440000  4558.976589482353
0.00442000  4558.3540421035295
0.00444000  4557.731494724706
0.00446000  4557.108947345882
0.00448000  4556.486399967059
0.00450000  4555.863852588235
0.00452000  4555.241305209412
0.00454000  4554.618757830589
0.00456000  4553.996210451765
0.00458000  4553.373663072942
0.00460000  4552.751115694118
0.00462000  4552.128568315295
0.00464000  4551.506020936471
0.00466000  4550.883473557647
0.00468000  4550.260926178824
0.00470000  4549.6383788
0.00472000  4549.015831421177
0.00474000  4548.393284042353
0.00476000  4547.7707366635295
0.00478000  4547.148189284706
0.00480000  4546.525641905882
0.00482000  4545.903094527059
0.00484000  4545.280547148235
0.00486000  4544.657999769412
0.00488000  4544.035452390589
0.00490000  4543.412905011765
0.00492000  4542.790357632942
0.00494000  4542.167810254118
0.00496000  4541.545262875295
0.00498000  4540.922715496471
0.00500000  4540.300168117647
0.00502000  4539.677620738824
0.00504000  4539.05507336
0.00506000  4538.432525981177
0.00508000  4537.809978602353
0.00510000  4537.1874312235295
0.00512000  4536.564883844706
0.00514000  4535.942336465882
0.00516000  4535.319789087059
0.00518000  4534.697241708235
0.00520000  4534.074694329412
0.00522000  4533.452146950589
0.00524000  4532.829599571765
0.00526000  4532.207052192942
0.00528000  4531.584504814118
0.00530000  4530.961957435295
0.00532000  4530.339410056471
0.00534000  4529.716862677647
0.00536000  4529.094315298824
0.00538000  4528.47176792
0.00540000  4527.849220541177
0.00542000  4527.226673162353
0.00544000  4526.6041257835295
0.00546000  4525.981578404706
0.00548000  4525.359031025882
0.00550000  4524.736483647059
0.00552000  4524.113936268235
0.00554000  4523.491388889412
0.00556000  4522.868841510589
0.00558000  4522.246294131765
0.00560000  4521.623746752942
0.00562000  4521.001199374118
0.00564000  4520.378651995295
0.00566000  4519.756104616471
0.00568000  4519.133557237647
0.00570000  4518.511009858824
0.00572000  4517.88846248
0.00574000  4517.265915101177
0.00576000  4516.643367722353
0.00578000  4516.0208203435295
0.00580000  4515.398272964706
0.00582000  4514.775725585882
0.00584000  4514.153178207059
0.00586000  4513.530630828235
0.00588000  4512.908083449412
0.00590000  4512.285536070589
0.00592000  4511.662988691765
0.00594000  4511.040441312942
0.00596000  4510.417893934118
0.00598000  4509.795346555295
0.00600000  4509.172799176471
0.00602000  4508.550251797647
0.00604000  4507.927704418824
0.00606000  4507.30515704
0.00608000  4506.682609661177
0.00610000  4506.060062282353
0.00612000  4505.4375149035295
0.00614000  4504.814967524706
0.00616000  4504.192420145882
0.00618000  4503.569872767059
0.00620000  4502.947325388235
0.00622000  4502.324778009412
0.00624000  4501.702230630589
0.00626000  4501.079683251765
0.00628000  4500.457135872942
0.00630000  4499.834588494118
0.00632000  4499.212041115295
0.00634000  4498.589493736471
0.00636000  4497.966946357647
0.00638000  4497.344398978824
0.00640000  4496.7218516
0.00642000  4496.099304221177
0.00644000  4495.476756842353
0.00646000  4494.8542094635295
0.00648000  4494.231662084706
0.00650000  4493.609114705882
0.00652000  4492.986567327059
0.00654000  4492.364019948235
0.00656000  4491.741472569412
0.00658000  4491.118925190589
0.00660000  4490.496377811765
0.00662000  4489.873830432942
0.00664000  4489.251283054118
0.00666000  4488.628735675295
0.00668000  4488.006188296471
0.00670000  4487.383640917647
0.00672000  4486.761093538824
0.00674000  4486.13854616
0.00676000  4485.515998781177
0.00678000  4484.893451402353
0.00680000  4484.2709040235295
0.00682000  4483.648356644706
0.00684000  4483.025809265882
0.00686000  4482.403261887059
0.00688000  4481.780714508235
0.00690000  4481.158167129412
0.00692000  4480.535619750589
0.00694000  4479.913072371765
0.00696000  4479.290524992942
0.00698000  4478.667977614118
0.00700000  4478.045430235295
0.00702000  4477.422882856471
0.00704000  4476.800335477647
0.00706000  4476.177788098824
0.00708000  4475.55524072
0.00710000  4474.932693341177
0.00712000  4474.310145962353
0.00714000  4473.6875985835295
0.00716000  4473.065051204706
0.00718000  4472.442503825882
0.00720000  4471.819956447059
0.00722000  4471.197409068235
0.00724000  4470.574861689412
0.00726000  4469.952314310589
0.00728000  4469.329766931765
0.00730000  4468.707219552942
0.00732000  4468.084672174118
0.00734000  4467.462124795295
0.00736000  4466.839577416471
0.00738000  4466.217030037647
0.00740000  4465.594482658824
0.00742000  4464.97193528
0.00744000  4464.349387901177
0.00746000  4463.726840522353
0.00748000  4463.1042931435295
0.00750000  4462.481745764706
0.00752000  4461.859198385882
0.00754000  4461.236651007059
0.00756000  4460.614103628235
0.00758000  4459.991556249412
0.00760000  4459.369008870589
0.00762000  4458.746461491765
0.00764000  4458.123914112942
0.00766000  4457.501366734118
0.00768000  4456.878819355295
0.00770000  4456.256271976471
0.00772000  4455.633724597647
0.00774000  4455.011177218824
0.00776000  4454.38862984
0.00778000  4453.766082461177
0.00780000  4453.143535082353
0.00782000  4452.5209877035295
0.00784000  4451.898440324706
0.00786000  4451.275892945882
0.00788000  4450.653345567059
0.00790000  4450.030798188235
0.00792000  4449.408250809412
0.00794000  4448.785703430589
0.00796000  4448.163156051765
0.00798000  4447.540608672942
0.00800000  4446.918061294118
0.00802000  4446.295513915295
0.00804000  4445.672966536471
0.00806000  4445.050419157647
0.00808000  4444.427871778824
0.00810000  4443.8053244
0.00812000  4443.182777021177
0.00814000  4442.560229642353
0.00816000  4441.9376822635295
0.00818000  4441.315134884706
0.00820000  4440.692587505882
0.00822000  4440.070040127059
0.00824000  4439.447492748235
0.00826000  4438.824945369412
0.00828000  4438.202397990589
0.00830000  4437.579850611765
0.00832000  4436.957303232942
0.00834000  4436.334755854118
0.00836000  4435.712208475295
0.00838000  4435.089661096471
0.00840000  4434.467113717647
0.00842000  4433.844566338824
0.00844000  4433.22201896
0.00846000  4432.599471581177
0.00848000  4431.976924202353
0.00850000  4431.3543768235295
0.00852000  4430.731829444706
0.00854000  4430.109282065882
0.00856000  4429.486734687059
0.00858000  4428.864187308235
0.00860000  4428.241639929412
0.00862000  4427.619092550589
0.00864000  4426.996545171765
0.00866000  4426.373997792942
0.00868000  4425.751450414118
0.00870000  4425.128903035295
0.00872000  4424.506355656471
0.00874000  4423.883808277647
0.00876000  4423.261260898824
0.00878000  4422.63871352
0.00880000  4422.016166141177
0.00882000  4421.393618762353
0.00884000  4420.7710713835295
0.00886000  4420.148524004706
0.00888000  4419.525976625882
0.00890000  4418.903429247059
0.00892000  4418.280881868235
0.00894000  4417.658334489412
0.00896000  4417.035787110589
0.00898000  4416.413239731765
0.00900000  4415.790692352942
0.00902000  4415.168144974118
0.00904000  4414.545597595295
0.00906000  4413.923050216471
0.00908000  4413.300502837647
0.00910000  4412.677955458824
0.00912000  4412.05540808
0.00914000  4411.432860701177
0.00916000  4410.810313322353
0.00918000  4410.1877659435295
0.00920000  4409.565218564706
0.00922000  4408.942671185882
0.00924000  4408.320123807059
0.00926000  4407.697576428235
0.00928000  4407.075029049412
0.00930000  4406.452481670589
0.00932000  4405.829934291765
0.00934000  4405.207386912942
0.00936000  4404.584839534118
0.00938000  4403.962292155295
0.00940000  4403.339744776471
0.00942000  4402.717197397647
0.00944000  4402.094650018824
0.00946000  4401.47210264
0.00948000  4400.849555261177
0.00950000  4400.227007882353
0.00952000  4399.6044605035295
0.00954000  4398.981913124706
0.00956000  4398.359365745882
0.00958000  4397.736818367059
0.00960000  4397.114270988235
0.00962000  4396.491723609412
0.00964000  4395.869176230589
0.00966000  4395.246628851765
0.00968000  4394.624081472942
0.00970000  4394.001534094118
0.00972000  4393.378986715295
0.00974000  4392.756439336471
0.00976000  4392.133891957647
0.00978000  4391.511344578824
0.00980000  4390.8887972
0.00982000  4390.266249821177
0.00984000  4389.643702442353
0.00986000  4389.0211550635295
0.00988000  4388.398607684706
0.00990000  4387.776060305882
0.00992000  4387.153512927059
0.00994000  4386.530965548235
0.00996000  4385.908418169412
0.00998000  4385.285870790589
0.01000000  4384.663323411765
0.01002000  4384.040776032942
0.01004000  4383.418228654118
0.01006000  4382.795681275295
0.01008000  4382.173133896471
0.01010000  4381.550586517647
0.01012000  4380.928039138824
0.01014000  4380.30549176
0.01016000  4379.682944381177
0.01018000  4379.060397002353
0.01020000  4378.4378496235295
0.01022000  4377.815302244706
0.01024000  4377.192754865882
0.01026000  4376.570207487059
0.01028000  4375.947660108235
0.01030000  4375.325112729412
0.01032000  4374.702565350589
0.01034000  4374.080017971765
0.01036000  4373.457470592942
0.01038000  4372.834923214118
0.01040000  4372.212375835295
0.01042000  4371.589828456471
0.01044000  4370.967281077647
0.01046000  4370.344733698824
0.01048000  4369.72218632
0.01050000  4369.099638941177
0.01052000  4368.477091562353
0.01054000  4367.8545441835295
0.01056000  4367.231996804706
0.01058000  4366.609449425882
0.01060000  4365.986902047059
0.01062000  4365.364354668235
0.01064000  4364.741807289412
0.01066000  4364.119259910589
0.01068000  4363.496712531765
0.01070000  4362.874165152942
0.01072000  4362.251617774118
0.01074000  4361.629070395295
0.01076000  4361.006523016471
0.01078000  4360.383975637647
0.01080000  4359.761428258824
0.01082000  4359.13888088
0.01084000  4358.516333501177
0.01086000  4357.893786122353
0.01088000  4357.2712387435295
0.01090000  4356.648691364706
0.01092000  4356.026143985882
0.01094000  4355.403596607059
0.01096000  4354.781049228235
0.01098000  4354.158501849412
0.01100000  4353.535954470589
0.01102000  4352.913407091765
0.01104000  4352.290859712942
0.01106000  4351.668312334118
0.01108000  4351.0457649552945
0.01110000  4350.423217576471
0.01112000  4349.800670197647
0.01114000  4349.178122818824
0.01116000  4348.55557544
0.01118000  4347.933028061177
0.01120000  4347.310480682353
0.01122000  4346.6879333035295
0.01124000  4346.065385924706
0.01126000  4345.442838545882
0.01128000  4344.820291167059
0.01130000  4344.197743788235
0.01132000  4343.5751964094125
0.01134000  4342.952649030589
0.01136000  4342.330101651765
0.01138000  4341.707554272942
0.01140000  4341.085006894118
0.01142000  4340.4624595152945
0.01144000  4339.839912136471
0.01146000  4339.217364757647
0.01148000  4338.594817378824
0.01150000  4337.97227
0.01152000  4337.349722621177
0.01154000  4336.727175242353
0.01156000  4336.1046278635295
0.01158000  4335.482080484706
0.01160000  4334.859533105882
0.01162000  4334.236985727059
0.01164000  4333.614438348235
0.01166000  4332.9918909694115
0.01168000  4332.369343590589
0.01170000  4331.746796211765
0.01172000  4331.124248832942
0.01174000  4330.501701454118
0.01176000  4329.8791540752945
0.01178000  4329.256606696471
0.01180000  4328.634059317647
0.01182000  4328.011511938824
0.01184000  4327.38896456
0.01186000  4326.766417181177
0.01188000  4326.143869802353
0.01190000  4325.521322423529
0.01192000  4324.898775044706
0.01194000  4324.276227665882
0.01196000  4323.653680287059
0.01198000  4323.031132908235
0.01200000  4322.408585529412
0.01202000  4321.786038150589
0.01204000  4321.163490771765
0.01206000  4320.540943392942
0.01208000  4319.918396014118
0.01210000  4319.2958486352945
0.01212000  4318.673301256471
0.01214000  4318.050753877647
0.01216000  4317.428206498824
0.01218000  4316.80565912
0.01220000  4316.183111741177
0.01222000  4315.560564362353
0.01224000  4314.938016983529
0.01226000  4314.315469604706
0.01228000  4313.692922225882
0.01230000  4313.070374847059
0.01232000  4312.447827468235
0.01234000  4311.8252800894115
0.01236000  4311.202732710589
0.01238000  4310.580185331765
0.01240000  4309.957637952942
0.01242000  4309.335090574118
0.01244000  4308.7125431952945
0.01246000  4308.089995816471
0.01248000  4307.467448437647
0.01250000  4306.844901058824
0.01252000  4306.22235368
0.01254000  4305.599806301177
0.01256000  4304.977258922353
0.01258000  4304.354711543529
0.01260000  4303.732164164706
0.01262000  4303.109616785882
0.01264000  4302.487069407059
0.01266000  4301.864522028235
0.01268000  4301.241974649412
0.01270000  4300.619427270589
0.01272000  4299.996879891765
0.01274000  4299.374332512942
0.01276000  4298.751785134118
0.01278000  4298.1292377552945
0.01280000  4297.506690376471
0.01282000  4296.884142997647
0.01284000  4296.261595618824
0.01286000  4295.63904824
0.01288000  4295.016500861177
0.01290000  4294.393953482353
0.01292000  4293.771406103529
0.01294000  4293.148858724706
0.01296000  4292.526311345882
0.01298000  4291.903763967059
0.01300000  4291.281216588235
0.01302000  4290.6586692094115
0.01304000  4290.036121830589
0.01306000  4289.413574451765
0.01308000  4288.791027072942
0.01310000  4288.168479694118
0.01312000  4287.5459323152945
0.01314000  4286.923384936471
0.01316000  4286.300837557647
0.01318000  4285.678290178824
0.01320000  4285.0557428
0.01322000  4284.433195421177
0.01324000  4283.810648042353
0.01326000  4283.188100663529
0.01328000  4282.565553284706
0.01330000  4281.943005905882
0.01332000  4281.320458527059
0.01334000  4280.697911148235
0.01336000  4280.075363769412
0.01338000  4279.452816390589
0.01340000  4278.830269011765
0.01342000  4278.207721632942
0.01344000  4277.585174254118
0.01346000  4276.9626268752945
0.01348000  4276.340079496471
0.01350000  4275.717532117647
0.01352000  4275.094984738824
0.01354000  4274.47243736
0.01356000  4273.849889981177
0.01358000  4273.227342602353
0.01360000  4272.604795223529
0.01362000  4271.982247844706
0.01364000  4271.359700465882
0.01366000  4270.737153087059
0.01368000  4270.114605708235
0.01370000  4269.4920583294115
0.01372000  4268.869510950589
0.01374000  4268.246963571765
0.01376000  4267.624416192942
0.01378000  4267.001868814118
0.01380000  4266.3793214352945
0.01382000  4265.756774056471
0.01384000  4265.134226677647
0.01386000  4264.511679298824
0.01388000  4263.88913192
0.01390000  4263.266584541177
0.01392000  4262.644037162353
0.01394000  4262.021489783529
0.01396000  4261.398942404706
0.01398000  4260.776395025882
0.01400000  4260.153847647059
0.01402000  4259.531300268235
0.01404000  4258.908752889412
0.01406000  4258.286205510589
0.01408000  4257.663658131765
0.01410000  4257.041110752942
0.01412000  4256.418563374118
0.01414000  4255.7960159952945
0.01416000  4255.173468616471
0.01418000  4254.550921237647
0.01420000  4253.928373858824
0.01422000  4253.30582648
0.01424000  4252.683279101177
0.01426000  4252.060731722353
0.01428000  4251.438184343529
0.01430000  4250.815636964706
0.01432000  4250.193089585882
0.01434000  4249.570542207059
0.01436000  4248.947994828235
0.01438000  4248.3254474494115
0.01440000  4247.702900070589
0.01442000  4247.080352691765
0.01444000  4246.457805312942
0.01446000  4245.835257934118
0.01448000  4245.2127105552945
0.01450000  4244.590163176471
0.01452000  4243.967615797647
0.01454000  4243.345068418824
0.01456000  4242.72252104
0.01458000  4242.099973661177
0.01460000  4241.477426282353
0.01462000  4240.854878903529
0.01464000  4240.232331524706
0.01466000  4239.609784145882
0.01468000  4238.987236767059
0.01470000  4238.364689388235
0.01472000  4237.742142009412
0.01474000  4237.119594630589
0.01476000  4236.497047251765
0.01478000  4235.874499872942
0.01480000  4235.251952494118
0.01482000  4234.6294051152945
0.01484000  4234.006857736471
0.01486000  4233.384310357647
0.01488000  4232.761762978824
0.01490000  4232.1392156
0.01492000  4231.516668221177
0.01494000  4230.894120842353
0.01496000  4230.271573463529
0.01498000  4229.649026084706
0.01500000  4229.026478705882
0.01502000  4228.403931327059
0.01504000  4227.781383948235
0.01506000  4227.1588365694115
0.01508000  4226.536289190589
0.01510000  4225.913741811765
0.01512000  4225.291194432942
0.01514000  4224.668647054118
0.01516000  4224.0460996752945
0.01518000  4223.423552296471
0.01520000  4222.801004917647
0.01522000  4222.178457538824
0.01524000  4221.55591016
0.01526000  4220.933362781177
0.01528000  4220.310815402353
0.01530000  4219.688268023529
0.01532000  4219.065720644706
0.01534000  4218.443173265882
0.01536000  4217.820625887059
0.01538000  4217.198078508235
0.01540000  4216.575531129412
0.01542000  4215.952983750589
0.01544000  4215.330436371765
0.01546000  4214.707888992942
0.01548000  4214.085341614118
0.01550000  4213.4627942352945
0.01552000  4212.840246856471
0.01554000  4212.217699477647
0.01556000  4211.595152098824
0.01558000  4210.97260472
0.01560000  4210.350057341177
0.01562000  4209.727509962353
0.01564000  4209.104962583529
0.01566000  4208.482415204706
0.01568000  4207.859867825882
0.01570000  4207.237320447059
0.01572000  4206.614773068235
0.01574000  4205.9922256894115
0.01576000  4205.369678310589
0.01578000  4204.747130931765
0.01580000  4204.124583552942
0.01582000  4203.502036174118
0.01584000  4202.8794887952945
0.01586000  4202.256941416471
0.01588000  4201.634394037647
0.01590000  4201.011846658824
0.01592000  4200.38929928
0.01594000  4199.766751901177
0.01596000  4199.144204522353
0.01598000  4198.521657143529
0.01600000  4197.899109764706
0.01602000  4197.276562385882
0.01604000  4196.654015007059
0.01606000  4196.031467628235
0.01608000  4195.408920249412
0.01610000  4194.786372870589
0.01612000  4194.163825491765
0.01614000  4193.541278112942
0.01616000  4192.918730734118
0.01618000  4192.2961833552945
0.01620000  4191.673635976471
0.01622000  4191.051088597647
0.01624000  4190.428541218824
0.01626000  4189.80599384
0.01628000  4189.183446461177
0.01630000  4188.560899082353
0.01632000  4187.938351703529
0.01634000  4187.315804324706
0.01636000  4186.693256945882
0.01638000  4186.070709567059
0.01640000  4185.448162188235
0.01642000  4184.8256148094115
0.01644000  4184.203067430589
0.01646000  4183.580520051765
0.01648000  4182.957972672942
0.01650000  4182.335425294118
0.01652000  4181.7128779152945
0.01654000  4181.090330536471
0.01656000  4180.467783157647
0.01658000  4179.845235778824
0.01660000  4179.2226884
0.01662000  4178.600141021177
0.01664000  4177.977593642353
0.01666000  4177.355046263529
0.01668000  4176.732498884706
0.01670000  4176.109951505882
0.01672000  4175.487404127059
0.01674000  4174.864856748235
0.01676000  4174.242309369412
0.01678000  4173.619761990589
0.01680000  4172.997214611765
0.01682000  4172.374667232942
0.01684000  4171.752119854118
0.01686000  4171.1295724752945
0.01688000  4170.507025096471
0.01690000  4169.884477717647
0.01692000  4169.261930338824
0.01694000  4168.63938296
0.01696000  4168.016835581177
0.01698000  4167.394288202353
0.01700000  4166.771740823529
0.01702000  4166.149193444706
0.01704000  4165.526646065882
0.01706000  4164.904098687059
0.01708000  4164.281551308235
0.01710000  4163.6590039294115
0.01712000  4163.036456550589
0.01714000  4162.413909171765
0.01716000  4161.791361792942
0.01718000  4161.168814414118
0.01720000  4160.5462670352945
0.01722000  4159.923719656471
0.01724000  4159.301172277647
0.01726000  4158.678624898824
0.01728000  4158.05607752
0.01730000  4157.433530141177
0.01732000  4156.810982762353
0.01734000  4156.188435383529
0.01736000  4155.565888004706
0.01738000  4154.943340625882
0.01740000  4154.320793247059
0.01742000  4153.698245868235
0.01744000  4153.075698489412
0.01746000  4152.453151110589
0.01748000  4151.830603731765
0.01750000  4151.208056352942
0.01752000  4150.585508974118
0.01754000  4149.9629615952945
0.01756000  4149.340414216471
0.01758000  4148.717866837647
0.01760000  4148.095319458824
0.01762000  4147.47277208
0.01764000  4146.850224701177
0.01766000  4146.227677322353
0.01768000  4145.605129943529
0.01770000  4144.982582564706
0.01772000  4144.360035185882
0.01774000  4143.737487807059
0.01776000  4143.114940428235
0.01778000  4142.4923930494115
0.01780000  4141.869845670589
0.01782000  4141.247298291765
0.01784000  4140.624750912942
0.01786000  4140.002203534118
0.01788000  4139.3796561552945
0.01790000  4138.757108776471
0.01792000  4138.134561397647
0.01794000  4137.512014018824
0.01796000  4136.88946664
0.01798000  4136.266919261177
0.01800000  4135.644371882353
0.01802000  4135.021824503529
0.01804000  4134.399277124706
0.01806000  4133.776729745882
0.01808000  4133.154182367059
0.01810000  4132.531634988235
0.01812000  4131.909087609412
0.01814000  4131.286540230589
0.01816000  4130.663992851765
0.01818000  4130.041445472942
0.01820000  4129.418898094118
0.01822000  4128.7963507152945
0.01824000  4128.173803336471
0.01826000  4127.551255957647
0.01828000  4126.928708578824
0.01830000  4126.3061612
0.01832000  4125.683613821177
0.01834000  4125.061066442353
0.01836000  4124.438519063529
0.01838000  4123.815971684706
0.01840000  4123.193424305882
0.01842000  4122.570876927059
0.01844000  4121.948329548235
0.01846000  4121.3257821694115
0.01848000  4120.703234790589
0.01850000  4120.080687411765
0.01852000  4119.458140032942
0.01854000  4118.835592654118
0.01856000  4118.2130452752945
0.01858000  4117.590497896471
0.01860000  4116.967950517647
0.01862000  4116.345403138824
0.01864000  4115.72285576
0.01866000  4115.100308381177
0.01868000  4114.477761002353
0.01870000  4113.855213623529
0.01872000  4113.232666244706
0.01874000  4112.610118865882
0.01876000  4111.987571487059
0.01878000  4111.365024108235
0.01880000  4110.742476729412
0.01882000  4110.119929350589
0.01884000  4109.497381971765
0.01886000  4108.874834592942
0.01888000  4108.252287214118
0.01890000  4107.6297398352945
0.01892000  4107.007192456471
0.01894000  4106.384645077647
0.01896000  4105.762097698824
0.01898000  4105.13955032
0.01900000  4104.5170029411765
0.01902000  4103.894455562353
0.01904000  4103.271908183529
0.01906000  4102.649360804706
0.01908000  4102.026813425882
0.01910000  4101.404266047059
0.01912000  4100.781718668235
0.01914000  4100.1591712894115
0.01916000  4099.536623910589
0.01918000  4098.914076531765
0.01920000  4098.291529152942
0.01922000  4097.668981774118
0.01924000  4097.046434395294
0.01926000  4096.423887016471
0.01928000  4095.8013396376473
0.01930000  4095.1787922588237
0.01932000  4094.55624488
0.01934000  4093.9336975011765
0.01936000  4093.311150122353
0.01938000  4092.6886027435294
0.01940000  4092.066055364706
0.01942000  4091.4435079858827
0.01944000  4090.820960607059
0.01946000  4090.1984132282355
0.01948000  4089.575865849412
0.01950000  4088.9533184705883
0.01952000  4088.3307710917647
0.01954000  4087.708223712941
0.01956000  4087.085676334118
0.01958000  4086.4631289552945
0.01960000  4085.840581576471
0.01962000  4085.2180341976473
0.01964000  4084.5954868188237
0.01966000  4083.97293944
0.01968000  4083.3503920611765
0.01970000  4082.727844682353
0.01972000  4082.1052973035294
0.01974000  4081.482749924706
0.01976000  4080.860202545882
0.01978000  4080.237655167059
0.01980000  4079.6151077882355
0.01982000  4078.992560409412
0.01984000  4078.3700130305883
0.01986000  4077.7474656517647
0.01988000  4077.124918272941
0.01990000  4076.502370894118
0.01992000  4075.8798235152944
0.01994000  4075.257276136471
0.01996000  4074.6347287576473
0.01998000  4074.0121813788237
0.02000000  4073.389634
0.02002000  4068.879758
0.02004000  4064.716453
0.02006000  4060.878487
0.02008000  4057.324473
0.02010000  4053.805722
0.02012000  4049.6022
0.02014000  4043.959898
0.02016000  4036.368836
0.02018000  4026.236856
0.02020000  4012.889388
0.02022000  3994.751556
0.02024000  3967.042469
0.02026000  3923.920946
0.02028000  3858.055691
0.02030000  3759.195249
0.02032000  3613.43352
0.02034000  3404.223071
0.02036000  3117.695826
0.02038000  2761.262721
0.02040000  2380.171288
0.02042000  2009.057138
0.02044000  1645.2893
0.02046000  1266.500308
0.02048000  868.316563
0.02050000  518.867365
0.02052000  300.813832
0.02054000  189.79864
0.02056000  141.34984
0.02058000  128.559019
0.02060000  147.912898
0.02062000  216.022769
0.02064000  373.743317
0.02066000  675.810894
0.02068000  1131.367866
0.02070000  1684.823858
0.02072000  2258.854975
0.02074000  2789.654547
0.02076000  3242.897454
0.02078000  3607.549642
0.02080000  3885.58023
0.02082000  4088.923617
0.02084000  4234.259621
0.02086000  4337.437816
0.02088000  4410.925921
0.02090000  4463.654945
0.02092000  4501.818875
0.02094000  4529.66107
0.02096000  4550.104645
0.02098000  4565.197495
0.02100000  4576.383751
0.02102000  4584.69044
0.02104000  4590.857733
0.02106000  4595.427945
0.02108000  4598.799513
0.02110000  4601.275732
0.02112000  4603.077964
0.02114000  4604.374196
0.02116000  4605.286899
0.02118000  4605.913017
0.02120000  4606.314206
0.02122000  4606.548977
0.02124000  4606.659733
0.02126000  4606.672917
0.02128000  4606.614906
0.02130000  4606.506778
0.02132000  4606.361696
0.02134000  4606.198102
0.02136000  4606.023901
0.02138000  4605.854926
0.02140000  4605.693824
0.02142000  4605.540602
0.02144000  4605.400551
0.02146000  4605.268396
0.02148000  4605.146785
0.02150000  4605.03308
0.02152000  4604.929933
0.02154000  4604.837349
0.02156000  4604.750041
0.02158000  4604.668012
0.02160000  4604.593911
0.02162000  4604.522447
0.02164000  4604.456268
0.02166000  4604.39273
0.02168000  4604.334479
0.02170000  4604.276223
0.02172000  4604.220609
0.02174000  4604.167638
0.02176000  4604.114662
0.02178000  4604.06433
0.02180000  4604.013993
0.02182000  4603.966302
0.02184000  4603.918606
0.02186000  4603.873557
0.02188000  4603.828503
0.02190000  4603.786097
0.02192000  4603.743688
0.02194000  4603.701275
0.02196000  4603.66151
0.02198000  4603.621742
0.02200000  4603.581971
0.02202000  4603.54485
0.02204000  4603.507725
0.02206000  4603.470599
0.02208000  4603.433469
0.02210000  4603.39899
0.02212000  4603.367161
0.02214000  4603.332678
0.02216000  4603.300845
0.02218000  4603.26901
0.02220000  4603.239827
0.02222000  4603.207989
0.02224000  4603.178802
0.02226000  4603.152268
0.02228000  4603.123078
0.02230000  4603.096541
0.02232000  4603.070003
0.02234000  4603.043463
0.02236000  4603.019576
0.02238000  4602.995688
0.02240000  4602.971799
0.02242000  4602.950564
0.02244000  4602.926673
0.02246000  4602.905436
0.02248000  4602.886853
0.02250000  4602.865614
0.02252000  4602.84703
0.02254000  4602.828445
0.02256000  4602.809859
0.02258000  4602.791272
0.02260000  4602.775341
0.02262000  4602.759409
0.02264000  4602.743476
0.02266000  4602.727543
0.02268000  4602.714265
0.02270000  4602.700987
0.02272000  4602.687709
0.02274000  4602.67443
0.02276000  4602.661151
0.02278000  4602.650527
0.02280000  4602.639903
0.02282000  4602.62928
0.02284000  4602.618655
0.02286000  4602.608031
0.02288000  4602.600063
0.02290000  4602.592094
0.02292000  4602.581469
0.02294000  4602.576157
0.02296000  4602.568188
0.02298000  4602.560219
0.02300000  4602.554906
0.02302000  4601.932358621177
0.02304000  4601.309811242353
0.02306000  4600.68726386353
0.02308000  4600.064716484706
0.02310000  4599.442169105882
0.02312000  4598.819621727059
0.02314000  4598.197074348235
0.02316000  4597.574526969412
0.02318000  4596.951979590589
0.02320000  4596.329432211765
0.02322000  4595.706884832942
0.02324000  4595.084337454118
0.02326000  4594.461790075295
0.02328000  4593.839242696471
0.02330000  4593.2166953176475
0.02332000  4592.594147938824
0.02334000  4591.97160056
0.02336000  4591.349053181177
0.02338000  4590.726505802353
0.02340000  4590.10395842353
0.02342000  4589.481411044706
0.02344000  4588.858863665882
0.02346000  4588.236316287059
0.02348000  4587.613768908235
0.02350000  4586.991221529412
0.02352000  4586.368674150589
0.02354000  4585.746126771765
0.02356000  4585.123579392942
0.02358000  4584.501032014118
0.02360000  4583.878484635295
0.02362000  4583.255937256471
0.02364000  4582.6333898776475
0.02366000  4582.010842498824
0.02368000  4581.38829512
0.02370000  4580.765747741177
0.02372000  4580.143200362353
0.02374000  4579.5206529835295
0.02376000  4578.898105604706
0.02378000  4578.275558225882
0.02380000  4577.653010847059
0.02382000  4577.030463468235
0.02384000  4576.407916089412
0.02386000  4575.785368710589
0.02388000  4575.162821331765
0.02390000  4574.540273952942
0.02392000  4573.917726574118
0.02394000  4573.295179195295
0.02396000  4572.672631816471
0.02398000  4572.0500844376475
0.02400000  4571.427537058824
0.02402000  4570.80498968
0.02404000  4570.182442301177
0.02406000  4569.559894922353
0.02408000  4568.9373475435295
0.02410000  4568.314800164706
0.02412000  4567.692252785882
0.02414000  4567.069705407059
0.02416000  4566.447158028235
0.02418000  4565.824610649412
0.02420000  4565.202063270589
0.02422000  4564.579515891765
0.02424000  4563.956968512942
0.02426000  4563.334421134118
0.02428000  4562.711873755295
0.02430000  4562.089326376471
0.02432000  4561.466778997647
0.02434000  4560.844231618824
0.02436000  4560.22168424
0.02438000  4559.599136861177
0.02440000  4558.976589482353
0.02442000  4558.3540421035295
0.02444000  4557.731494724706
0.02446000  4557.108947345882
0.02448000  4556.486399967059
0.02450000  4555.863852588235
0.02452000  4555.241305209412
0.02454000  4554.618757830589
0.02456000  4553.996210451765
0.02458000  4553.373663072942
0.02460000  4552.751115694118
0.02462000  4552.128568315295
0.02464000  4551.506020936471
0.02466000  4550.883473557647
0.02468000  4550.260926178824
0.02470000  4549.6383788
0.02472000  4549.015831421177
0.02474000  4548.393284042353
0.02476000  4547.7707366635295
0.02478000  4547.148189284706
0.02480000  4546.525641905882
0.02482000  4545.903094527059
0.02484000  4545.280547148235
0.02486000  4544.657999769412
0.02488000  4544.035452390589
0.02490000  4543.412905011765
0.02492000  4542.790357632942
0.02494000  4542.167810254118
0.02496000  4541.545262875295
0.02498000  4540.922715496471
0.02500000  4540.300168117647
0.02502000  4539.677620738824
0.02504000  4539.05507336
0.02506000  4538.432525981177
0.02508000  4537.809978602353
0.02510000  4537.1874312235295
0.02512000  4536.564883844706
0.02514000  4535.942336465882
0.02516000  4535.319789087059
0.02518000  4534.697241708235
0.02520000  4534.074694329412
0.02522000  4533.452146950589
0.02524000  4532.829599571765
0.02526000  4532.207052192942
0.02528000  4531.584504814118
0.02530000  4530.961957435295
0.02532000  4530.339410056471
0.02534000  4529.716862677647
0.02536000  4529.094315298824
0.02538000  4528.47176792
0.02540000  4527.849220541177
0.02542000  4527.226673162353
0.02544000  4526.6041257835295
0.02546000  4525.981578404706
0.02548000  4525.359031025882
0.02550000  4524.736483647059
0.02552000  4524.113936268235
0.02554000  4523.491388889412
0.02556000  4522.868841510589
0.02558000  4522.246294131765
0.02560000  4521.623746752942
0.02562000  4521.001199374118
0.02564000  4520.378651995295
0.02566000  4519.756104616471
0.02568000  4519.133557237647
0.02570000  4518.511009858824
0.02572000  4517.88846248
0.02574000  4517.265915101177
0.02576000  4516.643367722353
0.02578000  4516.0208203435295
0.02580000  4515.398272964706
0.02582000  4514.775725585882
0.02584000  4514.153178207059
0.02586000  4513.530630828235
0.02588000  4512.908083449412
0.02590000  4512.285536070589
0.02592000  4511.662988691765
0.02594000  4511.040441312942
0.02596000  4510.417893934118
0.02598000  4509.795346555295
0.02600000  4509.172799176471
0.02602000  4508.550251797647
0.02604000  4507.927704418824
0.02606000  4507.30515704
0.02608000  4506.682609661177
0.02610000  4506.060062282353
0.02612000  4505.4375149035295
0.02614000  4504.814967524706
0.02616000  4504.192420145882
0.02618000  4503.569872767059
0.02620000  4502.947325388235
0.02622000  4502.324778009412
0.02624000  4501.702230630589
0.02626000  4501.079683251765
0.02628000  4500.457135872942
0.02630000  4499.834588494118
0.02632000  4499.212041115295
0.02634000  4498.589493736471
0.02636000  4497.966946357647
0.02638000  4497.344398978824
0.02640000  4496.7218516
0.02642000  4496.099304221177
0.02644000  4495.476756842353
0.02646000  4494.8542094635295
0.02648000  4494.231662084706
0.02650000  4493.609114705882
0.02652000  4492.986567327059
0.02654000  4492.364019948235
0.02656000  4491.741472569412
0.02658000  4491.118925190589
0.02660000  4490.496377811765
0.02662000  4489.873830432942
0.02664000  4489.251283054118
0.02666000  4488.628735675295
0.02668000  4488.006188296471
0.02670000  4487.383640917647
0.02672000  4486.761093538824
0.02674000  4486.13854616
0.02676000  4485.515998781177
0.02678000  4484.893451402353
0.02680000  4484.2709040235295
0.02682000  4483.648356644706
0.02684000  4483.025809265882
0.02686000  4482.403261887059
0.02688000  4481.780714508235
0.02690000  4481.158167129412
0.02692000  4480.535619750589
0.02694000  4479.913072371765
0.02696000  4479.290524992942
0.02698000  4478.667977614118
0.02700000  4478.045430235295
0.02702000  4477.422882856471
0.02704000  4476.800335477647
0.02706000  4476.177788098824
0.02708000  4475.55524072
0.02710000  4474.932693341177
0.02712000  4474.310145962353
0.02714000  4473.6875985835295
0.02716000  4473.065051204706
0.02718000  4472.442503825882
0.02720000  4471.819956447059
0.02722000  4471.197409068235
0.02724000  4470.574861689412
0.02726000  4469.952314310589
0.02728000  4469.329766931765
0.02730000  4468.707219552942
0.02732000  4468.084672174118
0.02734000  4467.462124795295
0.02736000  4466.839577416471
0.02738000  4466.217030037647
0.02740000  4465.594482658824
0.02742000  4464.97193528
0.02744000  4464.349387901177
0.02746000  4463.726840522353
0.02748000  4463.1042931435295
0.02750000  4462.481745764706
0.02752000  4461.859198385882
0.02754000  4461.236651007059
0.02756000  4460.614103628235
0.02758000  4459.991556249412
0.02760000  4459.369008870589
0.02762000  4458.746461491765
0.02764000  4458.123914112942
0.02766000  4457.501366734118
0.02768000  4456.878819355295
0.02770000  4456.256271976471
0.02772000  4455.633724597647
0.02774000  4455.011177218824
0.02776000  4454.38862984
0.02778000  4453.766082461177
0.02780000  4453.143535082353
0.02782000  4452.5209877035295
0.02784000  4451.898440324706
0.02786000  4451.275892945882
0.02788000  4450.653345567059
0.02790000  4450.030798188235
0.02792000  4449.408250809412
0.02794000  4448.785703430589
0.02796000  4448.163156051765
0.02798000  4447.540608672942
0.02800000  4446.918061294118
0.02802000  4446.295513915295
0.02804000  4445.672966536471
0.02806000  4445.050419157647
0.02808000  4444.427871778824
0.02810000  4443.8053244
0.02812000  4443.182777021177
0.02814000  4442.560229642353
0.02816000  4441.9376822635295
0.02818000  4441.315134884706
0.02820000  4440.692587505882
0.02822000  4440.070040127059
0.02824000  4439.447492748235
0.02826000  4438.824945369412
0.02828000  4438.202397990589
0.02830000  4437.579850611765
0.02832000  4436.957303232942
0.02834000  4436.334755854118
0.02836000  4435.712208475295
0.02838000  4435.089661096471
0.02840000  4434.467113717647
0.02842000  4433.844566338824
0.02844000  4433.22201896
0.02846000  4432.599471581177
0.02848000  4431.976924202353
0.02850000  4431.3543768235295
0.02852000  4430.731829444706
0.02854000  4430.109282065882
0.02856000  4429.486734687059
0.02858000  4428.864187308235
0.02860000  4428.241639929412
0.02862000  4427.619092550589
0.02864000  4426.996545171765
0.02866000  4426.373997792942
0.02868000  4425.751450414118
0.02870000  4425.128903035295
0.02872000  4424.506355656471
0.02874000  4423.883808277647
0.02876000  4423.261260898824
0.02878000  4422.63871352
0.02880000  4422.016166141177
0.02882000  4421.393618762353
0.02884000  4420.7710713835295
0.02886000  4420.148524004706
0.02888000  4419.525976625882
0.02890000  4418.903429247059
0.02892000  4418.280881868235
0.02894000  4417.658334489412
0.02896000  4417.035787110589
0.02898000  4416.413239731765
0.02900000  4415.790692352942
0.02902000  4415.168144974118
0.02904000  4414.545597595295
0.02906000  4413.923050216471
0.02908000  4413.300502837647
0.02910000  4412.677955458824
0.02912000  4412.05540808
0.02914000  4411.432860701177
0.02916000  4410.810313322353
0.02918000  4410.1877659435295
0.02920000  4409.565218564706
0.02922000  4408.942671185882
0.02924000  4408.320123807059
0.02926000  4407.697576428235
0.02928000  4407.075029049412
0.02930000  4406.452481670589
0.02932000  4405.829934291765
0.02934000  4405.207386912942
0.02936000  4404.584839534118
0.02938000  4403.962292155295
0.02940000  4403.339744776471
0.02942000  4402.717197397647
0.02944000  4402.094650018824
0.02946000  4401.47210264
0.02948000  4400.849555261177
0.02950000  4400.227007882353
0.02952000  4399.6044605035295
0.02954000  4398.981913124706
0.02956000  4398.359365745882
0.02958000  4397.736818367059
0.02960000  4397.114270988235
0.02962000  4396.491723609412
0.02964000  4395.869176230589
0.02966000  4395.246628851765
0.02968000  4394.624081472942
0.02970000  4394.001534094118
0.02972000  4393.378986715295
0.02974000  4392.756439336471
0.02976000  4392.133891957647
0.02978000  4391.511344578824
0.02980000  4390.8887972
0.02982000  4390.266249821177
0.02984000  4389.643702442353
0.02986000  4389.0211550635295
0.02988000  4388.398607684706
0.02990000  4387.776060305882
0.02992000  4387.153512927059
0.02994000  4386.530965548235
0.02996000  4385.908418169412
0.02998000  4385.285870790589
0.03000000  4384.663323411765
0.03002000  4384.040776032942
0.03004000  4383.418228654118
0.03006000  4382.795681275295
0.03008000  4382.173133896471
0.03010000  4381.550586517647
0.03012000  4380.928039138824
0.03014000  4380.30549176
0.03016000  4379.682944381177
0.03018000  4379.060397002353
0.03020000  4378.4378496235295
0.03022000  4377.815302244706
0.03024000  4377.192754865882
0.03026000  4376.570207487059
0.03028000  4375.947660108235
0.03030000  4375.325112729412
0.03032000  4374.702565350589
0.03034000  4374.080017971765
0.03036000  4373.457470592942
0.03038000  4372.834923214118
0.03040000  4372.212375835295
0.03042000  4371.589828456471
0.03044000  4370.967281077647
0.03046000  4370.344733698824
0.03048000  4369.72218632
0.03050000  4369.099638941177
0.03052000  4368.477091562353
0.03054000  4367.8545441835295
0.03056000  4367.231996804706
0.03058000  4366.609449425882
0.03060000  4365.986902047059
0.03062000  4365.364354668235
0.03064000  4364.741807289412
0.03066000  4364.119259910589
0.03068000  4363.496712531765
0.03070000  4362.874165152942
0.03072000  4362.251617774118
0.03074000  4361.629070395295
0.03076000  4361.006523016471
0.03078000  4360.383975637647
0.03080000  4359.761428258824
0.03082000  4359.13888088
0.03084000  4358.516333501177
0.03086000  4357.893786122353
0.03088000  4357.2712387435295
0.03090000  4356.648691364706
0.03092000  4356.026143985882
0.03094000  4355.403596607059
0.03096000  4354.781049228235
0.03098000  4354.158501849412
0.03100000  4353.535954470589
0.03102000  4352.913407091765
0.03104000  4352.290859712942
0.03106000  4351.668312334118
0.03108000  4351.0457649552945
0.03110000  4350.423217576471
0.03112000  4349.800670197647
0.03114000  4349.178122818824
0.03116000  4348.55557544
0.03118000  4347.933028061177
0.03120000  4347.310480682353
0.03122000  4346.6879333035295
0.03124000  4346.065385924706
0.03126000  4345.442838545882
0.03128000  4344.820291167059
0.03130000  4344.197743788235
0.03132000  4343.5751964094125
0.03134000  4342.952649030589
0.03136000  4342.330101651765
0.03138000  4341.707554272942
0.03140000  4341.085006894118
0.03142000  4340.4624595152945
0.03144000  4339.839912136471
0.03146000  4339.217364757647
0.03148000  4338.594817378824
0.03150000  4337.97227
0.03152000  4337.349722621177
0.03154000  4336.727175242353
0.03156000  4336.1046278635295
0.03158000  4335.482080484706
0.03160000  4334.859533105882
0.03162000  4334.236985727059
0.03164000  4333.614438348235
0.03166000  4332.9918909694115
0.03168000  4332.369343590589
0.03170000  4331.746796211765
0.03172000  4331.124248832942
0.03174000  4330.501701454118
0.03176000  4329.8791540752945
0.03178000  4329.256606696471
0.03180000  4328.634059317647
0.03182000  4328.011511938824
0.03184000  4327.38896456
0.03186000  4326.766417181177
0.03188000  4326.143869802353
0.03190000  4325.521322423529
0.03192000  4324.898775044706
0.03194000  4324.276227665882
0.03196000  4323.653680287059
0.03198000  4323.031132908235
0.03200000  4322.408585529412
0.03202000  4321.786038150589
0.03204000  4321.163490771765
0.03206000  4320.540943392942
0.03208000  4319.918396014118
0.03210000  4319.2958486352945
0.03212000  4318.673301256471
0.03214000  4318.050753877647
0.03216000  4317.428206498824
0.03218000  4316.80565912
0.03220000  4316.183111741177
0.03222000  4315.560564362353
0.03224000  4314.938016983529
0.03226000  4314.315469604706
0.03228000  4313.692922225882
0.03230000  4313.070374847059
0.03232000  4312.447827468235
0.03234000  4311.8252800894115
0.03236000  4311.202732710589
0.03238000  4310.580185331765
0.03240000  4309.957637952942
0.03242000  4309.335090574118
0.03244000  4308.7125431952945
0.03246000  4308.089995816471
0.03248000  4307.467448437647
0.03250000  4306.844901058824
0.03252000  4306.22235368
0.03254000  4305.599806301177
0.03256000  4304.977258922353
0.03258000  4304.354711543529
0.03260000  4303.732164164706
0.03262000  4303.109616785882
0.03264000  4302.487069407059
0.03266000  4301.864522028235
0.03268000  4301.241974649412
0.03270000  4300.619427270589
0.03272000  4299.996879891765
0.03274000  4299.374332512942
0.03276000  4298.751785134118
0.03278000  4298.1292377552945
0.03280000  4297.506690376471
0.03282000  4296.884142997647
0.03284000  4296.261595618824
0.03286000  4295.63904824
0.03288000  4295.016500861177
0.03290000  4294.393953482353
0.03292000  4293.771406103529
0.03294000  4293.148858724706
0.03296000  4292.526311345882
0.03298000  4291.903763967059
0.03300000  4291.281216588235
0.03302000  4290.6586692094115
0.03304000  4290.036121830589
0.03306000  4289.413574451765
0.03308000  4288.791027072942
0.03310000  4288.168479694118
0.03312000  4287.5459323152945
0.03314000  4286.923384936471
0.03316000  4286.300837557647
0.03318000  4285.678290178824
0.03320000  4285.0557428
0.03322000  4284.433195421177
0.03324000  4283.810648042353
0.03326000  4283.188100663529
0.03328000  4282.565553284706
0.03330000  4281.943005905882
0.03332000  4281.320458527059
0.03334000  4280.697911148235
0.03336000  4280.075363769412
0.03338000  4279.452816390589
0.03340000  4278.830269011765
0.03342000  4278.207721632942
0.03344000  4277.585174254118
0.03346000  4276.9626268752945
0.03348000  4276.340079496471
0.03350000  4275.717532117647
0.03352000  4275.094984738824
0.03354000  4274.47243736
0.03356000  4273.849889981177
0.03358000  4273.227342602353
0.03360000  4272.604795223529
0.03362000  4271.982247844706
0.03364000  4271.359700465882
0.03366000  4270.737153087059
0.03368000  4270.114605708235
0.03370000  4269.4920583294115
0.03372000  4268.869510950589
0.03374000  4268.246963571765
0.03376000  4267.624416192942
0.03378000  4267.001868814118
0.03380000  4266.3793214352945
0.03382000  4265.756774056471
0.03384000  4265.134226677647
0.03386000  4264.511679298824
0.03388000  4263.88913192
0.03390000  4263.266584541177
0.03392000  4262.644037162353
0.03394000  4262.021489783529
0.03396000  4261.398942404706
0.03398000  4260.776395025882
0.03400000  4260.153847647059
0.03402000  4259.531300268235
0.03404000  4258.908752889412
0.03406000  4258.286205510589
0.03408000  4257.663658131765
0.03410000  4257.041110752942
0.03412000  4256.418563374118
0.03414000  4255.7960159952945
0.03416000  4255.173468616471
0.03418000  4254.550921237647
0.03420000  4253.928373858824
0.03422000  4253.30582648
0.03424000  4252.683279101177
0.03426000  4252.060731722353
0.03428000  4251.438184343529
0.03430000  4250.815636964706
0.03432000  4250.193089585882
0.03434000  4249.570542207059
0.03436000  4248.947994828235
0.03438000  4248.3254474494115
0.03440000  4247.702900070589
0.03442000  4247.080352691765
0.03444000  4246.457805312942
0.03446000  4245.835257934118
0.03448000  4245.2127105552945
0.03450000  4244.590163176471
0.03452000  4243.967615797647
0.03454000  4243.345068418824
0.03456000  4242.72252104
0.03458000  4242.099973661177
0.03460000  4241.477426282353
0.03462000  4240.854878903529
0.03464000  4240.232331524706
0.03466000  4239.609784145882
0.03468000  4238.987236767059
0.03470000  4238.364689388235
0.03472000  4237.742142009412
0.03474000  4237.119594630589
0.03476000  4236.497047251765
0.03478000  4235.874499872942
0.03480000  4235.251952494118
0.03482000  4234.6294051152945
0.03484000  4234.006857736471
0.03486000  4233.384310357647
0.03488000  4232.761762978824
0.03490000  4232.1392156
0.03492000  4231.516668221177
0.03494000  4230.894120842353
0.03496000  4230.271573463529
0.03498000  4229.649026084706
0.03500000  4229.026478705882
0.03502000  4228.403931327059
0.03504000  4227.781383948235
0.03506000  4227.1588365694115
0.03508000  4226.536289190589
0.03510000  4225.913741811765
0.03512000  4225.291194432942
0.03514000  4224.668647054118
0.03516000  4224.0460996752945
0.03518000  4223.423552296471
0.03520000  4222.801004917647
0.03522000  4222.178457538824
0.03524000  4221.55591016
0.03526000  4220.933362781177
0.03528000  4220.310815402353
0.03530000  4219.688268023529
0.03532000  4219.065720644706
0.03534000  4218.443173265882
0.03536000  4217.820625887059
0.03538000  4217.198078508235
0.03540000  4216.575531129412
0.03542000  4215.952983750589
0.03544000  4215.330436371765
0.03546000  4214.707888992942
0.03548000  4214.085341614118
0.03550000  4213.4627942352945
0.03552000  4212.840246856471
0.03554000  4212.217699477647
0.03556000  4211.595152098824
0.03558000  4210.97260472
0.03560000  4210.350057341177
0.03562000  4209.727509962353
0.03564000  4209.104962583529
0.03566000  4208.482415204706
0.03568000  4207.859867825882
0.03570000  4207.237320447059
0.03572000  4206.614773068235
0.03574000  4205.9922256894115
0.03576000  4205.369678310589
0.03578000  4204.747130931765
0.03580000  4204.124583552942
0.03582000  4203.502036174118
0.03584000  4202.8794887952945
0.03586000  4202.256941416471
0.03588000  4201.634394037647
0.03590000  4201.011846658824
0.03592000  4200.38929928
0.03594000  4199.766751901177
0.03596000  4199.144204522353
0.03598000  4198.521657143529
0.03600000  4197.899109764706
0.03602000  4197.276562385882
0.03604000  4196.654015007059
0.03606000  4196.031467628235
0.03608000  4195.408920249412
0.03610000  4194.786372870589
0.03612000  4194.163825491765
0.03614000  4193.541278112942
0.03616000  4192.918730734118
0.03618000  4192.2961833552945
0.03620000  4191.673635976471
0.03622000  4191.051088597647
0.03624000  4190.428541218824
0.03626000  4189.80599384
0.03628000  4189.183446461177
0.03630000  4188.560899082353
0.03632000  4187.938351703529
0.03634000  4187.315804324706
0.03636000  4186.693256945882
0.03638000  4186.070709567059
0.03640000  4185.448162188235
0.03642000  4184.8256148094115
0.03644000  4184.203067430589
0.03646000  4183.580520051765
0.03648000  4182.957972672942
0.03650000  4182.335425294118
0.03652000  4181.7128779152945
0.03654000  4181.090330536471
0.03656000  4180.467783157647
0.03658000  4179.845235778824
0.03660000  4179.2226884
0.03662000  4178.600141021177
0.03664000  4177.977593642353
0.03666000  4177.355046263529
0.03668000  4176.732498884706
0.03670000  4176.109951505882
0.03672000  4175.487404127059
0.03674000  4174.864856748235
0.03676000  4174.242309369412
0.03678000  4173.619761990589
0.03680000  4172.997214611765
0.03682000  4172.374667232942
0.03684000  4171.752119854118
0.03686000  4171.1295724752945
0.03688000  4170.507025096471
0.03690000  4169.884477717647
0.03692000  4169.261930338824
0.03694000  4168.63938296
0.03696000  4168.016835581177
0.03698000  4167.394288202353
0.03700000  4166.771740823529
0.03702000  4166.149193444706
0.03704000  4165.526646065882
0.03706000  4164.904098687059
0.03708000  4164.281551308235
0.03710000  4163.6590039294115
0.03712000  4163.036456550589
0.03714000  4162.413909171765
0.03716000  4161.791361792942
0.03718000  4161.168814414118
0.03720000  4160.5462670352945
0.03722000  4159.923719656471
0.03724000  4159.301172277647
0.03726000  4158.678624898824
0.03728000  4158.05607752
0.03730000  4157.433530141177
0.03732000  4156.810982762353
0.03734000  4156.188435383529
0.03736000  4155.565888004706
0.03738000  4154.943340625882
0.03740000  4154.320793247059
0.03742000  4153.698245868235
0.03744000  4153.075698489412
0.03746000  4152.453151110589
0.03748000  4151.830603731765
0.03750000  4151.208056352942
0.03752000  4150.585508974118
0.03754000  4149.9629615952945
0.03756000  4149.340414216471
0.03758000  4148.717866837647
0.03760000  4148.095319458824
0.03762000  4147.47277208
0.03764000  4146.850224701177
0.03766000  4146.227677322353
0.03768000  4145.605129943529
0.03770000  4144.982582564706
0.03772000  4144.360035185882
0.03774000  4143.737487807059
0.03776000  4143.114940428235
0.03778000  4142.4923930494115
0.03780000  4141.869845670589
0.03782000  4141.247298291765
0.03784000  4140.624750912942
0.03786000  4140.002203534118
0.03788000  4139.3796561552945
0.03790000  4138.757108776471
0.03792000  4138.134561397647
0.03794000  4137.512014018824
0.03796000  4136.88946664
0.03798000  4136.266919261177
0.03800000  4135.644371882353
0.03802000  4135.021824503529
0.03804000  4134.399277124706
0.03806000  4133.776729745882
0.03808000  4133.154182367059
0.03810000  4132.531634988235
0.03812000  4131.909087609412
0.03814000  4131.286540230589
0.03816000  4130.663992851765
0.03818000  4130.041445472942
0.03820000  4129.418898094118
0.03822000  4128.7963507152945
0.03824000  4128.173803336471
0.03826000  4127.551255957647
0.03828000  4126.928708578824
0.03830000  4126.3061612
0.03832000  4125.683613821177
0.03834000  4125.061066442353
0.03836000  4124.438519063529
0.03838000  4123.815971684706
0.03840000  4123.193424305882
0.03842000  4122.570876927059
0.03844000  4121.948329548235
0.03846000  4121.3257821694115
0.03848000  4120.703234790589
0.03850000  4120.080687411765
0.03852000  4119.458140032942
0.03854000  4118.835592654118
0.03856000  4118.2130452752945
0.03858000  4117.590497896471
0.03860000  4116.967950517647
0.03862000  4116.345403138824
0.03864000  4115.72285576
0.03866000  4115.100308381177
0.03868000  4114.477761002353
0.03870000  4113.855213623529
0.03872000  4113.232666244706
0.03874000  4112.610118865882
0.03876000  4111.987571487059
0.03878000  4111.365024108235
0.03880000  4110.742476729412
0.03882000  4110.119929350589
0.03884000  4109.497381971765
0.03886000  4108.874834592942
0.03888000  4108.252287214118
0.03890000  4107.6297398352945
0.03892000  4107.007192456471
0.03894000  4106.384645077647
0.03896000  4105.762097698824
0.03898000  4105.13955032
0.03900000  4104.5170029411765
0.03902000  4103.894455562353
0.03904000  4103.271908183529
0.03906000  4102.649360804706
0.03908000  4102.026813425882
0.03910000  4101.404266047059
0.03912000  4100.781718668235
0.03914000  4100.1591712894115
0.03916000  4099.536623910589
0.03918000  4098.914076531765
0.03920000  4098.291529152942
0.03922000  4097.668981774118
0.03924000  4097.046434395294
0.03926000  4096.423887016471
0.03928000  4095.8013396376473
0.03930000  4095.1787922588237
0.03932000  4094.55624488
0.03934000  4093.9336975011765
0.03936000  4093.311150122353
0.03938000  4092.6886027435294
0.03940000  4092.066055364706
0.03942000  4091.4435079858827
0.03944000  4090.820960607059
0.03946000  4090.1984132282355
0.03948000  4089.575865849412
0.03950000  4088.9533184705883
0.03952000  4088.3307710917647
0.03954000  4087.708223712941
0.03956000  4087.085676334118
0.03958000  4086.4631289552945
0.03960000  4085.840581576471
0.03962000  4085.2180341976473
0.03964000  4084.5954868188237
0.03966000  4083.97293944
0.03968000  4083.3503920611765
0.03970000  4082.727844682353
0.03972000  4082.1052973035294
0.03974000  4081.482749924706
0.03976000  4080.860202545882
0.03978000  4080.237655167059
0.03980000  4079.6151077882355
0.03982000  4078.992560409412
0.03984000  4078.3700130305883
0.03986000  4077.7474656517647
0.03988000  4077.124918272941
0.03990000  4076.502370894118
0.03992000  4075.8798235152944
0.03994000  4075.257276136471
0.03996000  4074.6347287576473
0.03998000  4074.0121813788237
0.04000000  4073.389634
0.04002000  4068.879758
0.04004000  4064.716453
0.04006000  4060.878487
0.04008000  4057.324473
0.04010000  4053.805722
0.04012000  4049.6022
0.04014000  4043.959898
0.04016000  4036.368836
0.04018000  4026.236856
0.04020000  4012.889388
0.04022000  3994.751556
0.04024000  3967.042469
0.04026000  3923.920946
0.04028000  3858.055691
0.04030000  3759.195249
0.04032000  3613.43352
0.04034000  3404.223071
0.04036000  3117.695826
0.04038000  2761.262721
0.04040000  2380.171288
0.04042000  2009.057138
0.04044000  1645.2893
0.04046000  1266.500308
0.04048000  868.316563
0.04050000  518.867365
0.04052000  300.813832
0.04054000  189.79864
0.04056000  141.34984
0.04058000  128.559019
0.04060000  147.912898
0.04062000  216.022769
0.04064000  373.743317
0.04066000  675.810894
0.04068000  1131.367866
0.04070000  1684.823858
0.04072000  2258.854975
0.04074000  2789.654547
0.04076000  3242.897454
0.04078000  3607.549642
0.04080000  3885.58023
0.04082000  4088.923617
0.04084000  4234.259621
0.04086000  4337.437816
0.04088000  4410.925921
0.04090000  4463.654945
0.04092000  4501.818875
0.04094000  4529.66107
0.04096000  4550.104645
0.04098000  4565.197495
0.04100000  4576.383751
0.04102000  4584.69044
0.04104000  4590.857733
0.04106000  4595.427945
0.04108000  4598.799513
0.04110000  4601.275732
0.04112000  4603.077964
0.04114000  4604.374196
0.04116000  4605.286899
0.04118000  4605.913017
0.04120000  4606.314206
0.04122000  4606.548977
0.04124000  4606.659733
0.04126000  4606.672917
0.04128000  4606.614906
0.04130000  4606.506778
0.04132000  4606.361696
0.04134000  4606.198102
0.04136000  4606.023901
0.04138000  4605.854926
0.04140000  4605.693824
0.04142000  4605.540602
0.04144000  4605.400551
0.04146000  4605.268396
0.04148000  4605.146785
0.04150000  4605.03308
0.04152000  4604.929933
0.04154000  4604.837349
0.04156000  4604.750041
0.04158000  4604.668012
0.04160000  4604.593911
0.04162000  4604.522447
0.04164000  4604.456268
0.04166000  4604.39273
0.04168000  4604.334479
0.04170000  4604.276223
0.04172000  4604.220609
0.04174000  4604.167638
0.04176000  4604.114662
0.04178000  4604.06433
0.04180000  4604.013993
0.04182000  4603.966302
0.04184000  4603.918606
0.04186000  4603.873557
0.04188000  4603.828503
0.04190000  4603.786097
0.04192000  4603.743688
0.04194000  4603.701275
0.04196000  4603.66151
0.04198000  4603.621742
0.04200000  4603.581971
0.04202000  4603.54485
0.04204000  4603.507725
0.04206000  4603.470599
0.04208000  4603.433469
0.04210000  4603.39899
0.04212000  4603.367161
0.04214000  4603.332678
0.04216000  4603.300845
0.04218000  4603.26901
0.04220000  4603.239827
0.04222000  4603.207989
0.04224000  4603.178802
0.04226000  4603.152268
0.04228000  4603.123078
0.04230000  4603.096541
0.04232000  4603.070003
0.04234000  4603.043463
0.04236000  4603.019576
0.04238000  4602.995688
0.04240000  4602.971799
0.04242000  4602.950564
0.04244000  4602.926673
0.04246000  4602.905436
0.04248000  4602.886853
0.04250000  4602.865614
0.04252000  4602.84703
0.04254000  4602.828445
0.04256000  4602.809859
0.04258000  4602.791272
0.04260000  4602.775341
0.04262000  4602.759409
0.04264000  4602.743476
0.04266000  4602.727543
0.04268000  4602.714265
0.04270000  4602.700987
0.04272000  4602.687709
0.04274000  4602.67443
0.04276000  4602.661151
0.04278000  4602.650527
0.04280000  4602.639903
0.04282000  4602.62928
0.04284000  4602.618655
0.04286000  4602.608031
0.04288000  4602.600063
0.04290000  4602.592094
0.04292000  4602.581469
0.04294000  4602.576157
0.04296000  4602.568188
0.04298000  4602.560219
0.04300000  4602.554906
0.04302000  4601.932358621177
0.04304000  4601.309811242353
0.04306000  4600.68726386353
0.04308000  4600.064716484706
0.04310000  4599.442169105882
0.04312000  4598.819621727059
0.04314000  4598.197074348235
0.04316000  4597.574526969412
0.04318000  4596.951979590589
0.04320000  4596.329432211765
0.04322000  4595.706884832942
0.04324000  4595.084337454118
0.04326000  4594.461790075295
0.04328000  4593.839242696471
0.04330000  4593.2166953176475
0.04332000  4592.594147938824
0.04334000  4591.97160056
0.04336000  4591.349053181177
0.04338000  4590.726505802353
0.04340000  4590.10395842353
0.04342000  4589.481411044706
0.04344000  4588.858863665882
0.04346000  4588.236316287059
0.04348000  4587.613768908235
0.04350000  4586.991221529412
0.04352000  4586.368674150589
0.04354000  4585.746126771765
0.04356000  4585.123579392942
0.04358000  4584.501032014118
0.04360000  4583.878484635295
0.04362000  4583.255937256471
0.04364000  4582.6333898776475
0.04366000  4582.010842498824
0.04368000  4581.38829512
0.04370000  4580.765747741177
0.04372000  4580.143200362353
0.04374000  4579.5206529835295
0.04376000  4578.898105604706
0.04378000  4578.275558225882
0.04380000  4577.653010847059
0.04382000  4577.030463468235
0.04384000  4576.407916089412
0.04386000  4575.785368710589
0.04388000  4575.162821331765
0.04390000  4574.540273952942
0.04392000  4573.917726574118
0.04394000  4573.295179195295
0.04396000  4572.672631816471
0.04398000  4572.0500844376475
0.04400000  4571.427537058824
0.04402000  4570.80498968
0.04404000  4570.182442301177
0.04406000  4569.559894922353
0.04408000  4568.9373475435295
0.04410000  4568.314800164706
0.04412000  4567.692252785882
0.04414000  4567.069705407059
0.04416000  4566.447158028235
0.04418000  4565.824610649412
0.04420000  4565.202063270589
0.04422000  4564.579515891765
0.04424000  4563.956968512942
0.04426000  4563.334421134118
0.04428000  4562.711873755295
0.04430000  4562.089326376471
0.04432000  4561.466778997647
0.04434000  4560.844231618824
0.04436000  4560.22168424
0.04438000  4559.599136861177
0.04440000  4558.976589482353
0.04442000  4558.3540421035295
0.04444000  4557.731494724706
0.04446000  4557.108947345882
0.04448000  4556.486399967059
0.04450000  4555.863852588235
0.04452000  4555.241305209412
0.04454000  4554.618757830589
0.04456000  4553.996210451765
0.04458000  4553.373663072942
0.04460000  4552.751115694118
0.04462000  4552.128568315295
0.04464000  4551.506020936471
0.04466000  4550.883473557647
0.04468000  4550.260926178824
0.04470000  4549.6383788
0.04472000  4549.015831421177
0.04474000  4548.393284042353
0.04476000  4547.7707366635295
0.04478000  4547.148189284706
0.04480000  4546.525641905882
0.04482000  4545.903094527059
0.04484000  4545.280547148235
0.04486000  4544.657999769412
0.04488000  4544.035452390589
0.04490000  4543.412905011765
0.04492000  4542.790357632942
0.04494000  4542.167810254118
0.04496000  4541.545262875295
0.04498000  4540.922715496471
0.04500000  4540.300168117647
0.04502000  4539.677620738824
0.04504000  4539.05507336
0.04506000  4538.432525981177
0.04508000  4537.809978602353
0.04510000  4537.1874312235295
0.04512000  4536.564883844706
0.04514000  4535.942336465882
0.04516000  4535.319789087059
0.04518000  4534.697241708235
0.04520000  4534.074694329412
0.04522000  4533.452146950589
0.04524000  4532.829599571765
0.04526000  4532.207052192942
0.04528000  4531.584504814118
0.04530000  4530.961957435295
0.04532000  4530.339410056471
0.04534000  4529.716862677647
0.04536000  4529.094315298824
0.04538000  4528.47176792
0.04540000  4527.849220541177
0.04542000  4527.226673162353
0.04544000  4526.6041257835295
0.04546000  4525.981578404706
0.04548000  4525.359031025882
0.04550000  4524.736483647059
0.04552000  4524.113936268235
0.04554000  4523.491388889412
0.04556000  4522.868841510589
0.04558000  4522.246294131765
0.04560000  4521.623746752942
0.04562000  4521.001199374118
0.04564000  4520.378651995295
0.04566000  4519.756104616471
0.04568000  4519.133557237647
0.04570000  4518.511009858824
0.04572000  4517.88846248
0.04574000  4517.265915101177
0.04576000  4516.643367722353
0.04578000  4516.0208203435295
0.04580000  4515.398272964706
0.04582000  4514.775725585882
0.04584000  4514.153178207059
0.04586000  4513.530630828235
0.04588000  4512.908083449412
0.04590000  4512.285536070589
0.04592000  4511.662988691765
0.04594000  4511.040441312942
0.04596000  4510.417893934118
0.04598000  4509.795346555295
0.04600000  4509.172799176471
0.04602000  4508.550251797647
0.04604000  4507.927704418824
0.04606000  4507.30515704
0.04608000  4506.682609661177
0.04610000  4506.060062282353
0.04612000  4505.4375149035295
0.04614000  4504.814967524706
0.04616000  4504.192420145882
0.04618000  4503.569872767059
0.04620000  4502.947325388235
0.04622000  4502.324778009412
0.04624000  4501.702230630589
0.04626000  4501.079683251765
0.04628000  4500.457135872942
0.04630000  4499.834588494118
0.04632000  4499.212041115295
0.04634000  4498.589493736471
0.04636000  4497.966946357647
0.04638000  4497.344398978824
0.04640000  4496.7218516
0.04642000  4496.099304221177
0.04644000  4495.476756842353
0.04646000  4494.8542094635295
0.04648000  4494.231662084706
0.04650000  4493.609114705882
0.04652000  4492.986567327059
0.04654000  4492.364019948235
0.04656000  4491.741472569412
0.04658000  4491.118925190589
0.04660000  4490.496377811765
0.04662000  4489.873830432942
0.04664000  4489.251283054118
0.04666000  4488.628735675295
0.04668000  4488.006188296471
0.04670000  4487.383640917647
0.04672000  4486.761093538824
0.04674000  4486.13854616
0.04676000  4485.515998781177
0.04678000  4484.893451402353
0.04680000  4484.2709040235295
0.04682000  4483.648356644706
0.04684000  4483.025809265882
0.04686000  4482.403261887059
0.04688000  4481.780714508235
0.04690000  4481.158167129412
0.04692000  4480.535619750589
0.04694000  4479.913072371765
0.04696000  4479.290524992942
0.04698000  4478.667977614118
0.04700000  4478.045430235295
0.04702000  4477.422882856471
0.04704000  4476.800335477647
0.04706000  4476.177788098824
0.04708000  4475.55524072
0.04710000  4474.932693341177
0.04712000  4474.310145962353
0.04714000  4473.6875985835295
0.04716000  4473.065051204706
0.04718000  4472.442503825882
0.04720000  4471.819956447059
0.04722000  4471.197409068235
0.04724000  4470.574861689412
0.04726000  4469.952314310589
0.04728000  4469.329766931765
0.04730000  4468.707219552942
0.04732000  4468.084672174118
0.04734000  4467.462124795295
0.04736000  4466.839577416471
0.04738000  4466.217030037647
0.04740000  4465.594482658824
0.04742000  4464.97193528
0.04744000  4464.349387901177
0.04746000  4463.726840522353
0.04748000  4463.1042931435295
0.04750000  4462.481745764706
0.04752000  4461.859198385882
0.04754000  4461.236651007059
0.04756000  4460.614103628235
0.04758000  4459.991556249412
0.04760000  4459.369008870589
0.04762000  4458.746461491765
0.04764000  4458.123914112942
0.04766000  4457.501366734118
0.04768000  4456.878819355295
0.04770000  4456.256271976471
0.04772000  4455.633724597647
0.04774000  4455.011177218824
0.04776000  4454.38862984
0.04778000  4453.766082461177
0.04780000  4453.143535082353
0.04782000  4452.5209877035295
0.04784000  4451.898440324706
0.04786000  4451.275892945882
0.04788000  4450.653345567059
0.04790000  4450.030798188235
0.04792000  4449.408250809412
0.04794000  4448.785703430589
0.04796000  4448.163156051765
0.04798000  4447.540608672942
0.04800000  4446.918061294118
0.04802000  4446.295513915295
0.04804000  4445.672966536471
0.04806000  4445.050419157647
0.04808000  4444.427871778824
0.04810000  4443.8053244
0.04812000  4443.182777021177
0.04814000  4442.560229642353
0.04816000  4441.9376822635295
0.04818000  4441.315134884706
0.04820000  4440.692587505882
0.04822000  4440.070040127059
0.04824000  4439.447492748235
0.04826000  4438.824945369412
0.04828000  4438.202397990589
0.04830000  4437.579850611765
0.04832000  4436.957303232942
0.04834000  4436.334755854118
0.04836000  4435.712208475295
0.04838000  4435.089661096471
0.04840000  4434.467113717647
0.04842000  4433.844566338824
0.04844000  4433.22201896
0.04846000  4432.599471581177
0.04848000  4431.976924202353
0.04850000  4431.3543768235295
0.04852000  4430.731829444706
0.04854000  4430.109282065882
0.04856000  4429.486734687059
0.04858000  4428.864187308235
0.04860000  4428.241639929412
0.04862000  4427.619092550589
0.04864000  4426.996545171765
0.04866000  4426.373997792942
0.04868000  4425.751450414118
0.04870000  4425.128903035295
0.04872000  4424.506355656471
0.04874000  4423.883808277647
0.04876000  4423.261260898824
0.04878000  4422.63871352
0.04880000  4422.016166141177
0.04882000  4421.393618762353
0.04884000  4420.7710713835295
0.04886000  4420.148524004706
0.04888000  4419.525976625882
0.04890000  4418.903429247059
0.04892000  4418.280881868235
0.04894000  4417.658334489412
0.04896000  4417.035787110589
0.04898000  4416.413239731765
0.04900000  4415.790692352942
0.04902000  4415.168144974118
0.04904000  4414.545597595295
0.04906000  4413.923050216471
0.04908000  4413.300502837647
0.04910000  4412.677955458824
0.04912000  4412.05540808
0.04914000  4411.432860701177
0.04916000  4410.810313322353
0.04918000  4410.1877659435295
0.04920000  4409.565218564706
0.04922000  4408.942671185882
0.04924000  4408.320123807059
0.04926000  4407.697576428235
0.04928000  4407.075029049412
0.04930000  4406.452481670589
0.04932000  4405.829934291765
0.04934000  4405.207386912942
0.04936000  4404.584839534118
0.04938000  4403.962292155295
0.04940000  4403.339744776471
0.04942000  4402.717197397647
0.04944000  4402.094650018824
0.04946000  4401.47210264
0.04948000  4400.849555261177
0.04950000  4400.227007882353
0.04952000  4399.6044605035295
0.04954000  4398.981913124706
0.04956000  4398.359365745882
0.04958000  4397.736818367059
0.04960000  4397.114270988235
0.04962000  4396.491723609412
0.04964000  4395.869176230589
0.04966000  4395.246628851765
0.04968000  4394.624081472942
0.04970000  4394.001534094118
0.04972000  4393.378986715295
0.04974000  4392.756439336471
0.04976000  4392.133891957647
0.04978000  4391.511344578824
0.04980000  4390.8887972
0.04982000  4390.266249821177
0.04984000  4389.643702442353
0.04986000  4389.0211550635295
0.04988000  4388.398607684706
0.04990000  4387.776060305882
0.04992000  4387.153512927059
0.04994000  4386.530965548235
0.04996000  4385.908418169412
0.04998000  4385.285870790589
0.05000000  4384.663323411765
0.05002000  4384.040776032942
0.05004000  4383.418228654118
0.05006000  4382.795681275295
0.05008000  4382.173133896471
0.05010000  4381.550586517647
0.05012000  4380.928039138824
0.05014000  4380.30549176
0.05016000  4379.682944381177
0.05018000  4379.060397002353
0.05020000  4378.4378496235295
0.05022000  4377.815302244706
0.05024000  4377.192754865882
0.05026000  4376.570207487059
0.05028000  4375.947660108235
0.05030000  4375.325112729412
0.05032000  4374.702565350589
0.05034000  4374.080017971765
0.05036000  4373.457470592942
0.05038000  4372.834923214118
0.05040000  4372.212375835295
0.05042000  4371.589828456471
0.05044000  4370.967281077647
0.05046000  4370.344733698824
0.05048000  4369.72218632
0.05050000  4369.099638941177
0.05052000  4368.477091562353
0.05054000  4367.8545441835295
0.05056000  4367.231996804706
0.05058000  4366.609449425882
0.05060000  4365.986902047059
0.05062000  4365.364354668235
0.05064000  4364.741807289412
0.05066000  4364.119259910589
0.05068000  4363.496712531765
0.05070000  4362.874165152942
0.05072000  4362.251617774118
0.05074000  4361.629070395295
0.05076000  4361.006523016471
0.05078000  4360.383975637647
0.05080000  4359.761428258824
0.05082000  4359.13888088
0.05084000  4358.516333501177
0.05086000  4357.893786122353
0.05088000  4357.2712387435295
0.05090000  4356.648691364706
0.05092000  4356.026143985882
0.05094000  4355.403596607059
0.05096000  4354.781049228235
0.05098000  4354.158501849412
0.05100000  4353.535954470589
0.05102000  4352.913407091765
0.05104000  4352.290859712942
0.05106000  4351.668312334118
0.05108000  4351.0457649552945
0.05110000  4350.423217576471
0.05112000  4349.800670197647
0.05114000  4349.178122818824
0.05116000  4348.55557544
0.05118000  4347.933028061177
0.05120000  4347.310480682353
0.05122000  4346.6879333035295
0.05124000  4346.065385924706
0.05126000  4345.442838545882
0.05128000  4344.820291167059
0.05130000  4344.197743788235
0.05132000  4343.5751964094125
0.05134000  4342.952649030589
0.05136000  4342.330101651765
0.05138000  4341.707554272942
0.05140000  4341.085006894118
0.05142000  4340.4624595152945
0.05144000  4339.839912136471
0.05146000  4339.217364757647
0.05148000  4338.594817378824
0.05150000  4337.97227
0.05152000  4337.349722621177
0.05154000  4336.727175242353
0.05156000  4336.1046278635295
0.05158000  4335.482080484706
0.05160000  4334.859533105882
0.05162000  4334.236985727059
0.05164000  4333.614438348235
0.05166000  4332.9918909694115
0.05168000  4332.369343590589
0.05170000  4331.746796211765
0.05172000  4331.124248832942
0.05174000  4330.501701454118
0.05176000  4329.8791540752945
0.05178000  4329.256606696471
0.05180000  4328.634059317647
0.05182000  4328.011511938824
0.05184000  4327.38896456
0.05186000  4326.766417181177
0.05188000  4326.143869802353
0.05190000  4325.521322423529
0.05192000  4324.898775044706
0.05194000  4324.276227665882
0.05196000  4323.653680287059
0.05198000  4323.031132908235
0.05200000  4322.408585529412
0.05202000  4321.786038150589
0.05204000  4321.163490771765
0.05206000  4320.540943392942
0.05208000  4319.918396014118
0.05210000  4319.2958486352945
0.05212000  4318.673301256471
0.05214000  4318.050753877647
0.05216000  4317.428206498824
0.05218000  4316.80565912
0.05220000  4316.183111741177
0.05222000  4315.560564362353
0.05224000  4314.938016983529
0.05226000  4314.315469604706
0.05228000  4313.692922225882
0.05230000  4313.070374847059
0.05232000  4312.447827468235
0.05234000  4311.8252800894115
0.05236000  4311.202732710589
0.05238000  4310.580185331765
0.05240000  4309.957637952942
0.05242000  4309.335090574118
0.05244000  4308.7125431952945
0.05246000  4308.089995816471
0.05248000  4307.467448437647
0.05250000  4306.844901058824
0.05252000  4306.22235368
0.05254000  4305.599806301177
0.05256000  4304.977258922353
0.05258000  4304.354711543529
0.05260000  4303.732164164706
0.05262000  4303.109616785882
0.05264000  4302.487069407059
0.05266000  4301.864522028235
0.05268000  4301.241974649412
0.05270000  4300.619427270589
0.05272000  4299.996879891765
0.05274000  4299.374332512942
0.05276000  4298.751785134118
0.05278000  4298.1292377552945
0.05280000  4297.506690376471
0.05282000  4296.884142997647
0.05284000  4296.261595618824
0.05286000  4295.63904824
0.05288000  4295.016500861177
0.05290000  4294.393953482353
0.05292000  4293.771406103529
0.05294000  4293.148858724706
0.05296000  4292.526311345882
0.05298000  4291.903763967059
0.05300000  4291.281216588235
0.05302000  4290.6586692094115
0.05304000  4290.036121830589
0.05306000  4289.413574451765
0.05308000  4288.791027072942
0.05310000  4288.168479694118
0.05312000  4287.5459323152945
0.05314000  4286.923384936471
0.05316000  4286.300837557647
0.05318000  4285.678290178824
0.05320000  4285.0557428
0.05322000  4284.433195421177
0.05324000  4283.810648042353
0.05326000  4283.188100663529
0.05328000  4282.565553284706
0.05330000  4281.943005905882
0.05332000  4281.320458527059
0.05334000  4280.697911148235
0.05336000  4280.075363769412
0.05338000  4279.452816390589
0.05340000  4278.830269011765
0.05342000  4278.207721632942
0.05344000  4277.585174254118
0.05346000  4276.9626268752945
0.05348000  4276.340079496471
0.05350000  4275.717532117647
0.05352000  4275.094984738824
0.05354000  4274.47243736
0.05356000  4273.849889981177
0.05358000  4273.227342602353
0.05360000  4272.604795223529
0.05362000  4271.982247844706
0.05364000  4271.359700465882
0.05366000  4270.737153087059
0.05368000  4270.114605708235
0.05370000  4269.4920583294115
0.05372000  4268.869510950589
0.05374000  4268.246963571765
0.05376000  4267.624416192942
0.05378000  4267.001868814118
0.05380000  4266.3793214352945
0.05382000  4265.756774056471
0.05384000  4265.134226677647
0.05386000  4264.511679298824
0.05388000  4263.88913192
0.05390000  4263.266584541177
0.05392000  4262.644037162353
0.05394000  4262.021489783529
0.05396000  4261.398942404706
0.05398000  4260.776395025882
0.05400000  4260.153847647059
0.05402000  4259.531300268235
0.05404000  4258.908752889412
0.05406000  4258.286205510589
0.05408000  4257.663658131765
0.05410000  4257.041110752942
0.05412000  4256.418563374118
0.05414000  4255.7960159952945
0.05416000  4255.173468616471
0.05418000  4254.550921237647
0.05420000  4253.928373858824
0.05422000  4253.30582648
0.05424000  4252.683279101177
0.05426000  4252.060731722353
0.05428000  4251.438184343529
0.05430000  4250.815636964706
0.05432000  4250.193089585882
0.05434000  4249.570542207059
0.05436000  4248.947994828235
0.05438000  4248.3254474494115
0.05440000  4247.702900070589
0.05442000  4247.080352691765
0.05444000  4246.457805312942
0.05446000  4245.835257934118
0.05448000  4245.2127105552945
0.05450000  4244.590163176471
0.05452000  4243.967615797647
0.05454000  4243.345068418824
0.05456000  4242.72252104
0.05458000  4242.099973661177
0.05460000  4241.477426282353
0.05462000  4240.854878903529
0.05464000  4240.232331524706
0.05466000  4239.609784145882
0.05468000  4238.987236767059
0.05470000  4238.364689388235
0.05472000  4237.742142009412
0.05474000  4237.119594630589
0.05476000  4236.497047251765
0.05478000  4235.874499872942
0.05480000  4235.251952494118
0.05482000  4234.6294051152945
0.05484000  4234.006857736471
0.05486000  4233.384310357647
0.05488000  4232.761762978824
0.05490000  4232.1392156
0.05492000  4231.516668221177
0.05494000  4230.894120842353
0.05496000  4230.271573463529
0.05498000  4229.649026084706
0.05500000  4229.026478705882
0.05502000  4228.403931327059
0.05504000  4227.781383948235
0.05506000  4227.1588365694115
0.05508000  4226.536289190589
0.05510000  4225.913741811765
0.05512000  4225.291194432942
0.05514000  4224.668647054118
0.05516000  4224.0460996752945
0.05518000  4223.423552296471
0.05520000  4222.801004917647
0.05522000  4222.178457538824
0.05524000  4221.55591016
0.05526000  4220.933362781177
0.05528000  4220.310815402353
0.05530000  4219.688268023529
0.05532000  4219.065720644706
0.05534000  4218.443173265882
0.05536000  4217.820625887059
0.05538000  4217.198078508235
0.05540000  4216.575531129412
0.05542000  4215.952983750589
0.05544000  4215.330436371765
0.05546000  4214.707888992942
0.05548000  4214.085341614118
0.05550000  4213.4627942352945
0.05552000  4212.840246856471
0.05554000  4212.217699477647
0.05556000  4211.595152098824
0.05558000  4210.97260472
0.05560000  4210.350057341177
0.05562000  4209.727509962353
0.05564000  4209.104962583529
0.05566000  4208.482415204706
0.05568000  4207.859867825882
0.05570000  4207.237320447059
0.05572000  4206.614773068235
0.05574000  4205.9922256894115
0.05576000  4205.369678310589
0.05578000  4204.747130931765
0.05580000  4204.124583552942
0.05582000  4203.502036174118
0.05584000  4202.8794887952945
0.05586000  4202.256941416471
0.05588000  4201.634394037647
0.05590000  4201.011846658824
0.05592000  4200.38929928
0.05594000  4199.766751901177
0.05596000  4199.144204522353
0.05598000  4198.521657143529
0.05600000  4197.899109764706
0.05602000  4197.276562385882
0.05604000  4196.654015007059
0.05606000  4196.031467628235
0.05608000  4195.408920249412
0.05610000  4194.786372870589
0.05612000  4194.163825491765
0.05614000  4193.541278112942
0.05616000  4192.918730734118
0.05618000  4192.2961833552945
0.05620000  4191.673635976471
0.05622000  4191.051088597647
0.05624000  4190.428541218824
0.05626000  4189.80599384
0.05628000  4189.183446461177
0.05630000  4188.560899082353
0.05632000  4187.938351703529
0.05634000  4187.315804324706
0.05636000  4186.693256945882
0.05638000  4186.070709567059
0.05640000  4185.448162188235
0.05642000  4184.8256148094115
0.05644000  4184.203067430589
0.05646000  4183.580520051765
0.05648000  4182.957972672942
0.05650000  4182.335425294118
0.05652000  4181.7128779152945
0.05654000  4181.090330536471
0.05656000  4180.467783157647
0.05658000  4179.845235778824
0.05660000  4179.2226884
0.05662000  4178.600141021177
0.05664000  4177.977593642353
0.05666000  4177.355046263529
0.05668000  4176.732498884706
0.05670000  4176.109951505882
0.05672000  4175.487404127059
0.05674000  4174.864856748235
0.05676000  4174.242309369412
0.05678000  4173.619761990589
0.05680000  4172.997214611765
0.05682000  4172.374667232942
0.05684000  4171.752119854118
0.05686000  4171.1295724752945
0.05688000  4170.507025096471
0.05690000  4169.884477717647
0.05692000  4169.261930338824
0.05694000  4168.63938296
0.05696000  4168.016835581177
0.05698000  4167.394288202353
0.05700000  4166.771740823529
0.05702000  4166.149193444706
0.05704000  4165.526646065882
0.05706000  4164.904098687059
0.05708000  4164.281551308235
0.05710000  4163.6590039294115
0.05712000  4163.036456550589
0.05714000  4162.413909171765
0.05716000  4161.791361792942
0.05718000  4161.168814414118
0.05720000  4160.5462670352945
0.05722000  4159.923719656471
0.05724000  4159.301172277647
0.05726000  4158.678624898824
0.05728000  4158.05607752
0.05730000  4157.433530141177
0.05732000  4156.810982762353
0.05734000  4156.188435383529
0.05736000  4155.565888004706
0.05738000  4154.943340625882
0.05740000  4154.320793247059
0.05742000  4153.698245868235
0.05744000  4153.075698489412
0.05746000  4152.453151110589
0.05748000  4151.830603731765
0.05750000  4151.208056352942
0.05752000  4150.585508974118
0.05754000  4149.9629615952945
0.05756000  4149.340414216471
0.05758000  4148.717866837647
0.05760000  4148.095319458824
0.05762000  4147.47277208
0.05764000  4146.850224701177
0.05766000  4146.227677322353
0.05768000  4145.605129943529
0.05770000  4144.982582564706
0.05772000  4144.360035185882
0.05774000  4143.737487807059
0.05776000  4143.114940428235
0.05778000  4142.4923930494115
0.05780000  4141.869845670589
0.05782000  4141.247298291765
0.05784000  4140.624750912942
0.05786000  4140.002203534118
0.05788000  4139.3796561552945
0.05790000  4138.757108776471
0.05792000  4138.134561397647
0.05794000  4137.512014018824
0.05796000  4136.88946664
0.05798000  4136.266919261177
0.05800000  4135.644371882353
0.05802000  4135.021824503529
0.05804000  4134.399277124706
0.05806000  4133.776729745882
0.05808000  4133.154182367059
0.05810000  4132.531634988235
0.05812000  4131.909087609412
0.05814000  4131.286540230589
0.05816000  4130.663992851765
0.05818000  4130.041445472942
0.05820000  4129.418898094118
0.05822000  4128.7963507152945
0.05824000  4128.173803336471
0.05826000  4127.551255957647
0.05828000  4126.928708578824
0.05830000  4126.3061612
0.05832000  4125.683613821177
0.05834000  4125.061066442353
0.05836000  4124.438519063529
0.05838000  4123.815971684706
0.05840000  4123.193424305882
0.05842000  4122.570876927059
0.05844000  4121.948329548235
0.05846000  4121.3257821694115
0.05848000  4120.703234790589
0.05850000  4120.080687411765
0.05852000  4119.458140032942
0.05854000  4118.835592654118
0.05856000  4118.2130452752945
0.05858000  4117.590497896471
0.05860000  4116.967950517647
0.05862000  4116.345403138824
0.05864000  4115.72285576
0.05866000  4115.100308381177
0.05868000  4114.477761002353
0.05870000  4113.855213623529
0.05872000  4113.232666244706
0.05874000  4112.610118865882
0.05876000  4111.987571487059
0.05878000  4111.365024108235
0.05880000  4110.742476729412
0.05882000  4110.119929350589
0.05884000  4109.497381971765
0.05886000  4108.874834592942
0.05888000  4108.252287214118
0.05890000  4107.6297398352945
0.05892000  4107.007192456471
0.05894000  4106.384645077647
0.05896000  4105.762097698824
0.05898000  4105.13955032
0.05900000  4104.5170029411765
0.05902000  4103.894455562353
0.05904000  4103.271908183529
0.05906000  4102.649360804706
0.05908000  4102.026813425882
0.05910000  4101.404266047059
0.05912000  4100.781718668235
0.05914000  4100.1591712894115
0.05916000  4099.536623910589
0.05918000  4098.914076531765
0.05920000  4098.291529152942
0.05922000  4097.668981774118
0.05924000  4097.046434395294
0.05926000  4096.423887016471
0.05928000  4095.8013396376473
0.05930000  4095.1787922588237
0.05932000  4094.55624488
0.05934000  4093.9336975011765
0.05936000  4093.311150122353
0.05938000  4092.6886027435294
0.05940000  4092.066055364706
0.05942000  4091.4435079858827
0.05944000  4090.820960607059
0.05946000  4090.1984132282355
0.05948000  4089.575865849412
0.05950000  4088.9533184705883
0.05952000  4088.3307710917647
0.05954000  4087.708223712941
0.05956000  4087.085676334118
0.05958000  4086.4631289552945
0.05960000  4085.840581576471
0.05962000  4085.2180341976473
0.05964000  4084.5954868188237
0.05966000  4083.97293944
0.05968000  4083.3503920611765
0.05970000  4082.727844682353
0.05972000  4082.1052973035294
0.05974000  4081.482749924706
0.05976000  4080.860202545882
0.05978000  4080.237655167059
0.05980000  4079.6151077882355
0.05982000  4078.992560409412
0.05984000  4078.3700130305883
0.05986000  4077.7474656517647
0.05988000  4077.124918272941
0.05990000  4076.502370894118
0.05992000  4075.8798235152944
0.05994000  4075.257276136471
0.05996000  4074.6347287576473
0.05998000  4074.0121813788237
0.06000000  4073.389634
0.06002000  4068.879758
0.06004000  4064.716453
0.06006000  4060.878487
0.06008000  4057.324473
0.06010000  4053.805722
0.06012000  4049.6022
0.06014000  4043.959898
0.06016000  4036.368836
0.06018000  4026.236856
0.06020000  4012.889388
0.06022000  3994.751556
0.06024000  3967.042469
0.06026000  3923.920946
0.06028000  3858.055691
0.06030000  3759.195249
0.06032000  3613.43352
0.06034000  3404.223071
0.06036000  3117.695826
0.06038000  2761.262721
0.06040000  2380.171288
0.06042000  2009.057138
0.06044000  1645.2893
0.06046000  1266.500308
0.06048000  868.316563
0.06050000  518.867365
0.06052000  300.813832
0.06054000  189.79864
0.06056000  141.34984
0.06058000  128.559019
0.06060000  147.912898
0.06062000  216.022769
0.06064000  373.743317
0.06066000  675.810894
0.06068000  1131.367866
0.06070000  1684.823858
0.06072000  2258.854975
0.06074000  2789.654547
0.06076000  3242.897454
0.06078000  3607.549642
0.06080000  3885.58023
0.06082000  4088.923617
0.06084000  4234.259621
0.06086000  4337.437816
0.06088000  4410.925921
0.06090000  4463.654945
0.06092000  4501.818875
0.06094000  4529.66107
0.06096000  4550.104645
0.06098000  4565.197495
0.06100000  4576.383751
0.06102000  4584.69044
0.06104000  4590.857733
0.06106000  4595.427945
0.06108000  4598.799513
0.06110000  4601.275732
0.06112000  4603.077964
0.06114000  4604.374196
0.06116000  4605.286899
0.06118000  4605.913017
0.06120000  4606.314206
0.06122000  4606.548977
0.06124000  4606.659733
0.06126000  4606.672917
0.06128000  4606.614906
0.06130000  4606.506778
0.06132000  4606.361696
0.06134000  4606.198102
0.06136000  4606.023901
0.06138000  4605.854926
0.06140000  4605.693824
0.06142000  4605.540602
0.06144000  4605.400551
0.06146000  4605.268396
0.06148000  4605.146785
0.06150000  4605.03308
0.06152000  4604.929933
0.06154000  4604.837349
0.06156000  4604.750041
0.06158000  4604.668012
0.06160000  4604.593911
0.06162000  4604.522447
0.06164000  4604.456268
0.06166000  4604.39273
0.06168000  4604.334479
0.06170000  4604.276223
0.06172000  4604.220609
0.06174000  4604.167638
0.06176000  4604.114662
0.06178000  4604.06433
0.06180000  4604.013993
0.06182000  4603.966302
0.06184000  4603.918606
0.06186000  4603.873557
0.06188000  4603.828503
0.06190000  4603.786097
0.06192000  4603.743688
0.06194000  4603.701275
0.06196000  4603.66151
0.06198000  4603.621742
0.06200000  4603.581971
0.06202000  4603.54485
0.06204000  4603.507725
0.06206000  4603.470599
0.06208000  4603.433469
0.06210000  4603.39899
0.06212000  4603.367161
0.06214000  4603.332678
0.06216000  4603.300845
0.06218000  4603.26901
0.06220000  4603.239827
0.06222000  4603.207989
0.06224000  4603.178802
0.06226000  4603.152268
0.06228000  4603.123078
0.06230000  4603.096541
0.06232000  4603.070003
0.06234000  4603.043463
0.06236000  4603.019576
0.06238000  4602.995688
0.06240000  4602.971799
0.06242000  4602.950564
0.06244000  4602.926673
0.06246000  4602.905436
0.06248000  4602.886853
0.06250000  4602.865614
0.06252000  4602.84703
0.06254000  4602.828445
0.06256000  4602.809859
0.06258000  4602.791272
0.06260000  4602.775341
0.06262000  4602.759409
0.06264000  4602.743476
0.06266000  4602.727543
0.06268000  4602.714265
0.06270000  4602.700987
0.06272000  4602.687709
0.06274000  4602.67443
0.06276000  4602.661151
0.06278000  4602.650527
0.06280000  4602.639903
0.06282000  4602.62928
0.06284000  4602.618655
0.06286000  4602.608031
0.06288000  4602.600063
0.06290000  4602.592094
0.06292000  4602.581469
0.06294000  4602.576157
0.06296000  4602.568188
0.06298000  4602.560219
0.06300000  4602.554906
