0.00000000  4073.409041
0.00002000  4068.894362
0.00004000  4064.7311
0.00006000  4060.89807
0.00008000  4057.339198
0.00010000  4053.820483
0.00012000  4049.621941
0.00014000  4043.979717
0.00016000  4036.388761
0.00018000  4026.251904
0.00020000  4012.909634
0.00022000  3994.772046
0.00024000  3967.063327
0.00026000  3923.947717
0.00028000  3858.094605
0.00030000  3759.288814
0.00032000  3613.651641
0.00034000  3404.73876
0.00036000  3118.821472
0.00038000  2763.44291
0.00040000  2383.889552
0.00042000  2014.859983
0.00044000  1653.55673
0.00046000  1276.457432
0.00048000  878.256276
0.00050000  527.216418
0.00052000  307.628558
0.00054000  195.922974
0.00056000  147.794816
0.00058000  136.362162
0.00060000  159.444298
0.00062000  236.890726
0.00064000  415.917708
0.00066000  756.846662
0.00068000  1260.746478
0.00070000  1852.381672
0.00072000  2441.931189
0.00074000  2967.046248
0.00076000  3400.523885
0.00078000  3739.329769
0.00080000  3991.813471
0.00082000  4173.305882
0.00084000  4301.307443
0.00086000  4391.197954
0.00088000  4454.596786
0.00090000  4499.644011
0.00092000  4531.92017
0.00094000  4555.210344
0.00096000  4572.106292
0.00098000  4584.410783
0.00100000  4593.398565
0.00102000  4599.961602
0.00104000  4604.744749
0.00106000  4608.213252
0.00108000  4610.708115
0.00110000  4612.482482
0.00112000  4613.728141
0.00114000  4614.581255
0.00116000  4615.14233
0.00118000  4615.484924
0.00120000  4615.66392
0.00122000  4615.723573
0.00124000  4615.689857
0.00126000  4615.591291
0.00128000  4615.446003
0.00130000  4615.266935
0.00132000  4615.067034
0.00134000  4614.854072
0.00136000  4614.643625
0.00138000  4614.438296
0.00140000  4614.245891
0.00142000  4614.066426
0.00144000  4613.899912
0.00146000  4613.741156
0.00148000  4613.595372
0.00150000  4613.457362
0.00152000  4613.329736
0.00154000  4613.209897
0.00156000  4613.09785
0.00158000  4612.993599
0.00160000  4612.891935
0.00162000  4612.795468
0.00164000  4612.701591
0.00166000  4612.612915
0.00168000  4612.524224
0.00170000  4612.440737
0.00172000  4612.357237
0.00174000  4612.276335
0.00176000  4612.198031
0.00178000  4612.119715
0.00180000  4612.044
0.00182000  4611.968274
0.00184000  4611.895149
0.00186000  4611.822014
0.00188000  4611.751482
0.00190000  4611.680941
0.00192000  4611.610391
0.00194000  4611.542446
0.00196000  4611.477105
0.00198000  4611.411757
0.00200000  4611.346401
0.00202000  4611.281037
0.00204000  4611.21828
0.00206000  4611.155516
0.00208000  4611.095361
0.00210000  4611.035199
0.00212000  4610.977646
0.00214000  4610.917471
0.00216000  4610.859906
0.00218000  4610.804952
0.00220000  4610.749993
0.00222000  4610.695027
0.00224000  4610.640057
0.00226000  4610.587699
0.00228000  4610.537954
0.00230000  4610.485586
0.00232000  4610.435832
0.00234000  4610.386074
0.00236000  4610.33893
0.00238000  4610.291782
0.00240000  4610.24463
0.00242000  4610.197474
0.00244000  4610.152934
0.00246000  4610.10839
0.00248000  4610.066463
0.00250000  4610.021913
0.00252000  4609.979979
0.00254000  4609.940664
0.00256000  4609.898724
0.00258000  4609.859403
0.00260000  4609.822701
0.00262000  4609.783374
0.00264000  4609.746667
0.00266000  4609.709957
0.00268000  4609.673244
0.00270000  4609.639152
0.00272000  4609.605058
0.00274000  4609.570961
0.00276000  4609.536863
0.00278000  4609.505385
0.00280000  4609.471282
0.00282000  4609.442425
0.00284000  4609.410942
0.00286000  4609.379457
0.00288000  4609.350594
0.00290000  4609.32173
0.00292000  4609.295489
0.00294000  4609.266622
0.00296000  4609.240378
0.00298000  4609.214133
0.00300000  4609.187886
0.00302000  4608.557557947059
0.00304000  4607.927229894118
0.00306000  4607.296901841176
0.00308000  4606.666573788235
0.00310000  4606.036245735294
0.00312000  4605.405917682353
0.00314000  4604.775589629411
0.00316000  4604.14526157647
0.00318000  4603.514933523529
0.00320000  4602.884605470588
0.00322000  4602.254277417646
0.00324000  4601.623949364705
0.00326000  4600.993621311764
0.00328000  4600.363293258823
0.00330000  4599.7329652058825
0.00332000  4599.102637152941
0.00334000  4598.4723091
0.00336000  4597.841981047059
0.00338000  4597.211652994118
0.00340000  4596.581324941176
0.00342000  4595.950996888235
0.00344000  4595.320668835294
0.00346000  4594.690340782353
0.00348000  4594.060012729411
0.00350000  4593.42968467647
0.00352000  4592.799356623529
0.00354000  4592.169028570588
0.00356000  4591.538700517647
0.00358000  4590.908372464705
0.00360000  4590.278044411764
0.00362000  4589.647716358823
0.00364000  4589.017388305882
0.00366000  4588.3870602529405
0.00368000  4587.7567321999995
0.00370000  4587.126404147059
0.00372000  4586.496076094118
0.00374000  4585.865748041177
0.00376000  4585.235419988235
0.00378000  4584.605091935294
0.00380000  4583.974763882353
0.00382000  4583.344435829412
0.00384000  4582.71410777647
0.00386000  4582.083779723529
0.00388000  4581.453451670588
0.00390000  4580.823123617647
0.00392000  4580.192795564705
0.00394000  4579.562467511764
0.00396000  4578.932139458823
0.00398000  4578.301811405882
0.00400000  4577.671483352941
0.00402000  4577.041155299999
0.00404000  4576.4108272470585
0.00406000  4575.7804991941175
0.00408000  4575.1501711411765
0.00410000  4574.519843088235
0.00412000  4573.889515035294
0.00414000  4573.259186982353
0.00416000  4572.628858929412
0.00418000  4571.99853087647
0.00420000  4571.368202823529
0.00422000  4570.737874770588
0.00424000  4570.107546717647
0.00426000  4569.477218664706
0.00428000  4568.846890611764
0.00430000  4568.216562558823
0.00432000  4567.586234505882
0.00434000  4566.955906452941
0.00436000  4566.325578399999
0.00438000  4565.695250347058
0.00440000  4565.064922294117
0.00442000  4564.4345942411765
0.00444000  4563.804266188235
0.00446000  4563.173938135294
0.00448000  4562.543610082353
0.00450000  4561.913282029412
0.00452000  4561.282953976471
0.00454000  4560.652625923529
0.00456000  4560.022297870588
0.00458000  4559.391969817647
0.00460000  4558.761641764706
0.00462000  4558.131313711764
0.00464000  4557.500985658823
0.00466000  4556.870657605882
0.00468000  4556.240329552941
0.00470000  4555.610001499999
0.00472000  4554.979673447058
0.00474000  4554.349345394117
0.00476000  4553.719017341176
0.00478000  4553.088689288235
0.00480000  4552.4583612352935
0.00482000  4551.828033182353
0.00484000  4551.197705129412
0.00486000  4550.567377076471
0.00488000  4549.937049023529
0.00490000  4549.306720970588
0.00492000  4548.676392917647
0.00494000  4548.046064864706
0.00496000  4547.415736811765
0.00498000  4546.785408758823
0.00500000  4546.155080705882
0.00502000  4545.524752652941
0.00504000  4544.8944246
0.00506000  4544.264096547058
0.00508000  4543.633768494117
0.00510000  4543.003440441176
0.00512000  4542.373112388235
0.00514000  4541.742784335293
0.00516000  4541.1124562823525
0.00518000  4540.4821282294115
0.00520000  4539.8518001764705
0.00522000  4539.22147212353
0.00524000  4538.591144070588
0.00526000  4537.960816017647
0.00528000  4537.330487964706
0.00530000  4536.700159911765
0.00532000  4536.069831858823
0.00534000  4535.439503805882
0.00536000  4534.809175752941
0.00538000  4534.1788477
0.00540000  4533.548519647058
0.00542000  4532.918191594117
0.00544000  4532.287863541176
0.00546000  4531.657535488235
0.00548000  4531.027207435294
0.00550000  4530.396879382352
0.00552000  4529.766551329411
0.00554000  4529.13622327647
0.00556000  4528.5058952235295
0.00558000  4527.875567170588
0.00560000  4527.245239117647
0.00562000  4526.614911064706
0.00564000  4525.984583011765
0.00566000  4525.354254958824
0.00568000  4524.723926905882
0.00570000  4524.093598852941
0.00572000  4523.4632708
0.00574000  4522.832942747059
0.00576000  4522.202614694117
0.00578000  4521.572286641176
0.00580000  4520.941958588235
0.00582000  4520.311630535294
0.00584000  4519.681302482352
0.00586000  4519.050974429411
0.00588000  4518.42064637647
0.00590000  4517.790318323529
0.00592000  4517.159990270588
0.00594000  4516.529662217647
0.00596000  4515.899334164706
0.00598000  4515.269006111765
0.00600000  4514.638678058824
0.00602000  4514.008350005882
0.00604000  4513.378021952941
0.00606000  4512.7476939
0.00608000  4512.117365847059
0.00610000  4511.487037794117
0.00612000  4510.856709741176
0.00614000  4510.226381688235
0.00616000  4509.596053635294
0.00618000  4508.965725582353
0.00620000  4508.335397529411
0.00622000  4507.70506947647
0.00624000  4507.074741423529
0.00626000  4506.444413370588
0.00628000  4505.8140853176465
0.00630000  4505.1837572647055
0.00632000  4504.5534292117645
0.00634000  4503.923101158824
0.00636000  4503.292773105882
0.00638000  4502.662445052941
0.00640000  4502.032117
0.00642000  4501.401788947059
0.00644000  4500.771460894118
0.00646000  4500.141132841176
0.00648000  4499.510804788235
0.00650000  4498.880476735294
0.00652000  4498.250148682353
0.00654000  4497.619820629411
0.00656000  4496.98949257647
0.00658000  4496.359164523529
0.00660000  4495.728836470588
0.00662000  4495.098508417646
0.00664000  4494.468180364705
0.00666000  4493.837852311764
0.00668000  4493.2075242588235
0.00670000  4492.5771962058825
0.00672000  4491.946868152941
0.00674000  4491.3165401
0.00676000  4490.686212047059
0.00678000  4490.055883994118
0.00680000  4489.425555941176
0.00682000  4488.795227888235
0.00684000  4488.164899835294
0.00686000  4487.534571782353
0.00688000  4486.904243729412
0.00690000  4486.27391567647
0.00692000  4485.643587623529
0.00694000  4485.013259570588
0.00696000  4484.382931517647
0.00698000  4483.752603464705
0.00700000  4483.122275411764
0.00702000  4482.491947358823
0.00704000  4481.861619305882
0.00706000  4481.2312912529405
0.00708000  4480.6009632
0.00710000  4479.970635147059
0.00712000  4479.340307094118
0.00714000  4478.709979041177
0.00716000  4478.079650988235
0.00718000  4477.449322935294
0.00720000  4476.818994882353
0.00722000  4476.188666829412
0.00724000  4475.55833877647
0.00726000  4474.928010723529
0.00728000  4474.297682670588
0.00730000  4473.667354617647
0.00732000  4473.037026564705
0.00734000  4472.406698511764
0.00736000  4471.776370458823
0.00738000  4471.146042405882
0.00740000  4470.515714352941
0.00742000  4469.8853862999995
0.00744000  4469.2550582470585
0.00746000  4468.624730194118
0.00748000  4467.994402141177
0.00750000  4467.364074088235
0.00752000  4466.733746035294
0.00754000  4466.103417982353
0.00756000  4465.473089929412
0.00758000  4464.84276187647
0.00760000  4464.212433823529
0.00762000  4463.582105770588
0.00764000  4462.951777717647
0.00766000  4462.321449664706
0.00768000  4461.691121611764
0.00770000  4461.060793558823
0.00772000  4460.430465505882
0.00774000  4459.800137452941
0.00776000  4459.169809399999
0.00778000  4458.539481347058
0.00780000  4457.9091532941175
0.00782000  4457.2788252411765
0.00784000  4456.648497188235
0.00786000  4456.018169135294
0.00788000  4455.387841082353
0.00790000  4454.757513029412
0.00792000  4454.127184976471
0.00794000  4453.496856923529
0.00796000  4452.866528870588
0.00798000  4452.236200817647
0.00800000  4451.605872764706
0.00802000  4450.975544711764
0.00804000  4450.345216658823
0.00806000  4449.714888605882
0.00808000  4449.084560552941
0.00810000  4448.4542325
0.00812000  4447.823904447058
0.00814000  4447.193576394117
0.00816000  4446.563248341176
0.00818000  4445.932920288235
0.00820000  4445.302592235294
0.00822000  4444.672264182353
0.00824000  4444.041936129412
0.00826000  4443.411608076471
0.00828000  4442.781280023529
0.00830000  4442.150951970588
0.00832000  4441.520623917647
0.00834000  4440.890295864706
0.00836000  4440.259967811765
0.00838000  4439.629639758823
0.00840000  4438.999311705882
0.00842000  4438.368983652941
0.00844000  4437.7386556
0.00846000  4437.108327547058
0.00848000  4436.477999494117
0.00850000  4435.847671441176
0.00852000  4435.217343388235
0.00854000  4434.5870153352935
0.00856000  4433.9566872823525
0.00858000  4433.3263592294115
0.00860000  4432.696031176471
0.00862000  4432.06570312353
0.00864000  4431.435375070588
0.00866000  4430.805047017647
0.00868000  4430.174718964706
0.00870000  4429.544390911765
0.00872000  4428.914062858823
0.00874000  4428.283734805882
0.00876000  4427.653406752941
0.00878000  4427.0230787
0.00880000  4426.392750647058
0.00882000  4425.762422594117
0.00884000  4425.132094541176
0.00886000  4424.501766488235
0.00888000  4423.871438435294
0.00890000  4423.241110382352
0.00892000  4422.610782329411
0.00894000  4421.9804542764705
0.00896000  4421.3501262235295
0.00898000  4420.719798170588
0.00900000  4420.089470117647
0.00902000  4419.459142064706
0.00904000  4418.828814011765
0.00906000  4418.198485958823
0.00908000  4417.568157905882
0.00910000  4416.937829852941
0.00912000  4416.3075018
0.00914000  4415.677173747059
0.00916000  4415.046845694117
0.00918000  4414.416517641176
0.00920000  4413.786189588235
0.00922000  4413.155861535294
0.00924000  4412.525533482352
0.00926000  4411.895205429411
0.00928000  4411.26487737647
0.00930000  4410.634549323529
0.00932000  4410.0042212705885
0.00934000  4409.373893217647
0.00936000  4408.743565164706
0.00938000  4408.113237111765
0.00940000  4407.482909058824
0.00942000  4406.852581005882
0.00944000  4406.222252952941
0.00946000  4405.5919249
0.00948000  4404.961596847059
0.00950000  4404.331268794117
0.00952000  4403.700940741176
0.00954000  4403.070612688235
0.00956000  4402.440284635294
0.00958000  4401.809956582353
0.00960000  4401.179628529411
0.00962000  4400.54930047647
0.00964000  4399.918972423529
0.00966000  4399.288644370588
0.00968000  4398.6583163176465
0.00970000  4398.0279882647055
0.00972000  4397.397660211765
0.00974000  4396.767332158824
0.00976000  4396.137004105882
0.00978000  4395.506676052941
0.00980000  4394.876348
0.00982000  4394.246019947059
0.00984000  4393.615691894118
0.00986000  4392.985363841176
0.00988000  4392.355035788235
0.00990000  4391.724707735294
0.00992000  4391.094379682353
0.00994000  4390.464051629411
0.00996000  4389.83372357647
0.00998000  4389.203395523529
0.01000000  4388.573067470588
0.01002000  4387.942739417647
0.01004000  4387.312411364705
0.01006000  4386.6820833117645
0.01008000  4386.0517552588235
0.01010000  4385.4214272058825
0.01012000  4384.791099152941
0.01014000  4384.1607711
0.01016000  4383.530443047059
0.01018000  4382.900114994118
0.01020000  4382.269786941176
0.01022000  4381.639458888235
0.01024000  4381.009130835294
0.01026000  4380.378802782353
0.01028000  4379.748474729411
0.01030000  4379.11814667647
0.01032000  4378.487818623529
0.01034000  4377.857490570588
0.01036000  4377.227162517647
0.01038000  4376.596834464705
0.01040000  4375.966506411764
0.01042000  4375.336178358823
0.01044000  4374.705850305882
0.01046000  4374.075522252941
0.01048000  4373.4451942
0.01050000  4372.814866147059
0.01052000  4372.184538094118
0.01054000  4371.554210041177
0.01056000  4370.923881988235
0.01058000  4370.293553935294
0.01060000  4369.663225882353
0.01062000  4369.032897829412
0.01064000  4368.40256977647
0.01066000  4367.772241723529
0.01068000  4367.141913670588
0.01070000  4366.511585617647
0.01072000  4365.881257564705
0.01074000  4365.250929511764
0.01076000  4364.620601458823
0.01078000  4363.990273405882
0.01080000  4363.359945352941
0.01082000  4362.7296172999995
0.01084000  4362.099289247059
0.01086000  4361.468961194118
0.01088000  4360.838633141177
0.01090000  4360.208305088235
0.01092000  4359.577977035294
0.01094000  4358.947648982353
0.01096000  4358.317320929412
0.01098000  4357.68699287647
0.01100000  4357.056664823529
0.01102000  4356.426336770588
0.01104000  4355.796008717647
0.01106000  4355.165680664706
0.01108000  4354.535352611764
0.01110000  4353.905024558823
0.01112000  4353.274696505882
0.01114000  4352.644368452941
0.01116000  4352.014040399999
0.01118000  4351.3837123470585
0.01120000  4350.7533842941175
0.01122000  4350.1230562411765
0.01124000  4349.492728188236
0.01126000  4348.862400135294
0.01128000  4348.232072082353
0.01130000  4347.601744029412
0.01132000  4346.971415976471
0.01134000  4346.341087923529
0.01136000  4345.710759870588
0.01138000  4345.080431817647
0.01140000  4344.450103764706
0.01142000  4343.819775711764
0.01144000  4343.189447658823
0.01146000  4342.559119605882
0.01148000  4341.928791552941
0.01150000  4341.298463499999
0.01152000  4340.668135447058
0.01154000  4340.037807394117
0.01156000  4339.407479341176
0.01158000  4338.7771512882355
0.01160000  4338.146823235294
0.01162000  4337.516495182353
0.01164000  4336.886167129412
0.01166000  4336.255839076471
0.01168000  4335.625511023529
0.01170000  4334.995182970588
0.01172000  4334.364854917647
0.01174000  4333.734526864706
0.01176000  4333.104198811765
0.01178000  4332.473870758823
0.01180000  4331.843542705882
0.01182000  4331.213214652941
0.01184000  4330.5828866
0.01186000  4329.952558547058
0.01188000  4329.322230494117
0.01190000  4328.691902441176
0.01192000  4328.061574388235
0.01194000  4327.431246335294
0.01196000  4326.8009182823525
0.01198000  4326.170590229412
0.01200000  4325.540262176471
0.01202000  4324.90993412353
0.01204000  4324.279606070588
0.01206000  4323.649278017647
0.01208000  4323.018949964706
0.01210000  4322.388621911765
0.01212000  4321.758293858823
0.01214000  4321.127965805882
0.01216000  4320.497637752941
0.01218000  4319.8673097
0.01220000  4319.236981647058
0.01222000  4318.606653594117
0.01224000  4317.976325541176
0.01226000  4317.345997488235
0.01228000  4316.715669435294
0.01230000  4316.085341382352
0.01232000  4315.4550133294115
0.01234000  4314.8246852764705
0.01236000  4314.19435722353
0.01238000  4313.564029170588
0.01240000  4312.933701117647
0.01242000  4312.303373064706
0.01244000  4311.673045011765
0.01246000  4311.042716958824
0.01248000  4310.412388905882
0.01250000  4309.782060852941
0.01252000  4309.1517328
0.01254000  4308.521404747059
0.01256000  4307.891076694117
0.01258000  4307.260748641176
0.01260000  4306.630420588235
0.01262000  4306.000092535294
0.01264000  4305.369764482352
0.01266000  4304.739436429411
0.01268000  4304.10910837647
0.01270000  4303.4787803235295
0.01272000  4302.848452270588
0.01274000  4302.218124217647
0.01276000  4301.587796164706
0.01278000  4300.957468111765
0.01280000  4300.327140058824
0.01282000  4299.696812005882
0.01284000  4299.066483952941
0.01286000  4298.4361559
0.01288000  4297.805827847059
0.01290000  4297.175499794117
0.01292000  4296.545171741176
0.01294000  4295.914843688235
0.01296000  4295.284515635294
0.01298000  4294.654187582353
0.01300000  4294.023859529411
0.01302000  4293.39353147647
0.01304000  4292.763203423529
0.01306000  4292.132875370588
0.01308000  4291.5025473176465
0.01310000  4290.872219264706
0.01312000  4290.241891211765
0.01314000  4289.611563158824
0.01316000  4288.981235105883
0.01318000  4288.350907052941
0.01320000  4287.720579
0.01322000  4287.090250947059
0.01324000  4286.459922894118
0.01326000  4285.829594841176
0.01328000  4285.199266788235
0.01330000  4284.568938735294
0.01332000  4283.938610682353
0.01334000  4283.308282629411
0.01336000  4282.67795457647
0.01338000  4282.047626523529
0.01340000  4281.417298470588
0.01342000  4280.786970417646
0.01344000  4280.1566423647055
0.01346000  4279.5263143117645
0.01348000  4278.8959862588235
0.01350000  4278.265658205883
0.01352000  4277.635330152941
0.01354000  4277.0050021
0.01356000  4276.374674047059
0.01358000  4275.744345994118
0.01360000  4275.114017941176
0.01362000  4274.483689888235
0.01364000  4273.853361835294
0.01366000  4273.223033782353
0.01368000  4272.592705729412
0.01370000  4271.96237767647
0.01372000  4271.332049623529
0.01374000  4270.701721570588
0.01376000  4270.071393517647
0.01378000  4269.441065464705
0.01380000  4268.810737411764
0.01382000  4268.180409358823
0.01384000  4267.5500813058825
0.01386000  4266.919753252941
0.01388000  4266.2894252
0.01390000  4265.659097147059
0.01392000  4265.028769094118
0.01394000  4264.398441041177
0.01396000  4263.768112988235
0.01398000  4263.137784935294
0.01400000  4262.507456882353
0.01402000  4261.877128829412
0.01404000  4261.24680077647
0.01406000  4260.616472723529
0.01408000  4259.986144670588
0.01410000  4259.355816617647
0.01412000  4258.725488564705
0.01414000  4258.095160511764
0.01416000  4257.464832458823
0.01418000  4256.834504405882
0.01420000  4256.204176352941
0.01422000  4255.5738483
0.01424000  4254.943520247059
0.01426000  4254.313192194118
0.01428000  4253.682864141177
0.01430000  4253.052536088235
0.01432000  4252.422208035294
0.01434000  4251.791879982353
0.01436000  4251.161551929412
0.01438000  4250.531223876471
0.01440000  4249.900895823529
0.01442000  4249.270567770588
0.01444000  4248.640239717647
0.01446000  4248.009911664706
0.01448000  4247.379583611764
0.01450000  4246.749255558823
0.01452000  4246.118927505882
0.01454000  4245.488599452941
0.01456000  4244.8582713999995
0.01458000  4244.2279433470585
0.01460000  4243.5976152941175
0.01462000  4242.967287241177
0.01464000  4242.336959188235
0.01466000  4241.706631135294
0.01468000  4241.076303082353
0.01470000  4240.445975029412
0.01472000  4239.815646976471
0.01474000  4239.185318923529
0.01476000  4238.554990870588
0.01478000  4237.924662817647
0.01480000  4237.294334764706
0.01482000  4236.664006711764
0.01484000  4236.033678658823
0.01486000  4235.403350605882
0.01488000  4234.773022552941
0.01490000  4234.1426945
0.01492000  4233.512366447058
0.01494000  4232.882038394117
0.01496000  4232.2517103411765
0.01498000  4231.6213822882355
0.01500000  4230.991054235294
0.01502000  4230.360726182353
0.01504000  4229.730398129412
0.01506000  4229.100070076471
0.01508000  4228.469742023529
0.01510000  4227.839413970588
0.01512000  4227.209085917647
0.01514000  4226.578757864706
0.01516000  4225.948429811765
0.01518000  4225.318101758823
0.01520000  4224.687773705882
0.01522000  4224.057445652941
0.01524000  4223.4271176
0.01526000  4222.796789547058
0.01528000  4222.166461494117
0.01530000  4221.536133441176
0.01532000  4220.905805388235
0.01534000  4220.2754773352935
0.01536000  4219.645149282353
0.01538000  4219.014821229412
0.01540000  4218.384493176471
0.01542000  4217.75416512353
0.01544000  4217.123837070588
0.01546000  4216.493509017647
0.01548000  4215.863180964706
0.01550000  4215.232852911765
0.01552000  4214.602524858823
0.01554000  4213.972196805882
0.01556000  4213.341868752941
0.01558000  4212.7115407
0.01560000  4212.081212647059
0.01562000  4211.450884594117
0.01564000  4210.820556541176
0.01566000  4210.190228488235
0.01568000  4209.559900435294
0.01570000  4208.9295723823525
0.01572000  4208.2992443294115
0.01574000  4207.668916276471
0.01576000  4207.03858822353
0.01578000  4206.408260170588
0.01580000  4205.777932117647
0.01582000  4205.147604064706
0.01584000  4204.517276011765
0.01586000  4203.886947958823
0.01588000  4203.256619905882
0.01590000  4202.626291852941
0.01592000  4201.9959638
0.01594000  4201.365635747059
0.01596000  4200.735307694117
0.01598000  4200.104979641176
0.01600000  4199.474651588235
0.01602000  4198.844323535294
0.01604000  4198.213995482352
0.01606000  4197.583667429411
0.01608000  4196.9533393764705
0.01610000  4196.3230113235295
0.01612000  4195.6926832705885
0.01614000  4195.062355217647
0.01616000  4194.432027164706
0.01618000  4193.801699111765
0.01620000  4193.171371058824
0.01622000  4192.541043005882
0.01624000  4191.910714952941
0.01626000  4191.2803869
0.01628000  4190.650058847059
0.01630000  4190.019730794118
0.01632000  4189.389402741176
0.01634000  4188.759074688235
0.01636000  4188.128746635294
0.01638000  4187.498418582353
0.01640000  4186.868090529411
0.01642000  4186.23776247647
0.01644000  4185.607434423529
0.01646000  4184.977106370588
0.01648000  4184.346778317647
0.01650000  4183.716450264706
0.01652000  4183.086122211765
0.01654000  4182.455794158824
0.01656000  4181.825466105882
0.01658000  4181.195138052941
0.01660000  4180.56481
0.01662000  4179.934481947059
0.01664000  4179.304153894118
0.01666000  4178.673825841176
0.01668000  4178.043497788235
0.01670000  4177.413169735294
0.01672000  4176.782841682353
0.01674000  4176.152513629411
0.01676000  4175.52218557647
0.01678000  4174.891857523529
0.01680000  4174.261529470588
0.01682000  4173.631201417647
0.01684000  4173.0008733647055
0.01686000  4172.3705453117645
0.01688000  4171.740217258824
0.01690000  4171.109889205883
0.01692000  4170.479561152941
0.01694000  4169.8492331
0.01696000  4169.218905047059
0.01698000  4168.588576994118
0.01700000  4167.958248941176
0.01702000  4167.327920888235
0.01704000  4166.697592835294
0.01706000  4166.067264782353
0.01708000  4165.436936729411
0.01710000  4164.80660867647
0.01712000  4164.176280623529
0.01714000  4163.545952570588
0.01716000  4162.915624517647
0.01718000  4162.285296464705
0.01720000  4161.6549684117645
0.01722000  4161.0246403588235
0.01724000  4160.3943123058825
0.01726000  4159.763984252941
0.01728000  4159.1336562
0.01730000  4158.503328147059
0.01732000  4157.873000094118
0.01734000  4157.242672041177
0.01736000  4156.612343988235
0.01738000  4155.982015935294
0.01740000  4155.351687882353
0.01742000  4154.721359829412
0.01744000  4154.09103177647
0.01746000  4153.460703723529
0.01748000  4152.830375670588
0.01750000  4152.200047617647
0.01752000  4151.569719564706
0.01754000  4150.939391511764
0.01756000  4150.309063458823
0.01758000  4149.678735405882
0.01760000  4149.0484073529415
0.01762000  4148.4180793
0.01764000  4147.787751247059
0.01766000  4147.157423194118
0.01768000  4146.527095141177
0.01770000  4145.896767088235
0.01772000  4145.266439035294
0.01774000  4144.636110982353
0.01776000  4144.005782929412
0.01778000  4143.37545487647
0.01780000  4142.745126823529
0.01782000  4142.114798770588
0.01784000  4141.484470717647
0.01786000  4140.854142664706
0.01788000  4140.223814611764
0.01790000  4139.593486558823
0.01792000  4138.963158505882
0.01794000  4138.332830452941
0.01796000  4137.7025023999995
0.01798000  4137.0721743470585
0.01800000  4136.441846294118
0.01802000  4135.811518241177
0.01804000  4135.181190188236
0.01806000  4134.550862135294
0.01808000  4133.920534082353
0.01810000  4133.290206029412
0.01812000  4132.659877976471
0.01814000  4132.029549923529
0.01816000  4131.399221870588
0.01818000  4130.768893817647
0.01820000  4130.138565764706
0.01822000  4129.508237711764
0.01824000  4128.877909658823
0.01826000  4128.247581605882
0.01828000  4127.617253552941
0.01830000  4126.9869255
0.01832000  4126.356597447058
0.01834000  4125.7262693941175
0.01836000  4125.0959413411765
0.01838000  4124.4656132882355
0.01840000  4123.835285235294
0.01842000  4123.204957182353
0.01844000  4122.574629129412
0.01846000  4121.944301076471
0.01848000  4121.313973023529
0.01850000  4120.683644970588
0.01852000  4120.053316917647
0.01854000  4119.422988864706
0.01856000  4118.792660811765
0.01858000  4118.162332758823
0.01860000  4117.532004705882
0.01862000  4116.901676652941
0.01864000  4116.2713486
0.01866000  4115.641020547058
0.01868000  4115.010692494117
0.01870000  4114.380364441176
0.01872000  4113.7500363882355
0.01874000  4113.1197083352945
0.01876000  4112.489380282353
0.01878000  4111.859052229412
0.01880000  4111.228724176471
0.01882000  4110.59839612353
0.01884000  4109.968068070588
0.01886000  4109.337740017647
0.01888000  4108.707411964706
0.01890000  4108.077083911765
0.01892000  4107.446755858823
0.01894000  4106.816427805882
0.01896000  4106.186099752941
0.01898000  4105.5557717
0.01900000  4104.925443647058
0.01902000  4104.295115594117
0.01904000  4103.664787541176
0.01906000  4103.034459488235
0.01908000  4102.404131435294
0.01910000  4101.7738033823525
0.01912000  4101.143475329412
0.01914000  4100.513147276471
0.01916000  4099.88281922353
0.01918000  4099.252491170588
0.01920000  4098.622163117647
0.01922000  4097.991835064706
0.01924000  4097.361507011765
0.01926000  4096.731178958824
0.01928000  4096.100850905882
0.01930000  4095.470522852941
0.01932000  4094.8401948
0.01934000  4094.2098667470586
0.01936000  4093.5795386941177
0.01938000  4092.9492106411763
0.01940000  4092.3188825882353
0.01942000  4091.688554535294
0.01944000  4091.058226482353
0.01946000  4090.4278984294115
0.01948000  4089.7975703764705
0.01950000  4089.1672423235295
0.01952000  4088.536914270588
0.01954000  4087.9065862176467
0.01956000  4087.2762581647057
0.01958000  4086.6459301117648
0.01960000  4086.0156020588233
0.01962000  4085.3852740058824
0.01964000  4084.754945952941
0.01966000  4084.1246179
0.01968000  4083.494289847059
0.01970000  4082.8639617941176
0.01972000  4082.233633741176
0.01974000  4081.603305688235
0.01976000  4080.9729776352942
0.01978000  4080.342649582353
0.01980000  4079.712321529412
0.01982000  4079.0819934764704
0.01984000  4078.4516654235294
0.01986000  4077.821337370588
0.01988000  4077.191009317647
0.01990000  4076.5606812647056
0.01992000  4075.9303532117647
0.01994000  4075.3000251588237
0.01996000  4074.6696971058823
0.01998000  4074.039369052941
0.02000000  4073.409041
0.02002000  4068.894362
0.02004000  4064.7311
0.02006000  4060.89807
0.02008000  4057.339198
0.02010000  4053.820483
0.02012000  4049.621941
0.02014000  4043.979717
0.02016000  4036.388761
0.02018000  4026.251904
0.02020000  4012.909634
0.02022000  3994.772046
0.02024000  3967.063327
0.02026000  3923.947717
0.02028000  3858.094605
0.02030000  3759.288814
0.02032000  3613.651641
0.02034000  3404.73876
0.02036000  3118.821472
0.02038000  2763.44291
0.02040000  2383.889552
0.02042000  2014.859983
0.02044000  1653.55673
0.02046000  1276.457432
0.02048000  878.256276
0.02050000  527.216418
0.02052000  307.628558
0.02054000  195.922974
0.02056000  147.794816
0.02058000  136.362162
0.02060000  159.444298
0.02062000  236.890726
0.02064000  415.917708
0.02066000  756.846662
0.02068000  1260.746478
0.02070000  1852.381672
0.02072000  2441.931189
0.02074000  2967.046248
0.02076000  3400.523885
0.02078000  3739.329769
0.02080000  3991.813471
0.02082000  4173.305882
0.02084000  4301.307443
0.02086000  4391.197954
0.02088000  4454.596786
0.02090000  4499.644011
0.02092000  4531.92017
0.02094000  4555.210344
0.02096000  4572.106292
0.02098000  4584.410783
0.02100000  4593.398565
0.02102000  4599.961602
0.02104000  4604.744749
0.02106000  4608.213252
0.02108000  4610.708115
0.02110000  4612.482482
0.02112000  4613.728141
0.02114000  4614.581255
0.02116000  4615.14233
0.02118000  4615.484924
0.02120000  4615.66392
0.02122000  4615.723573
0.02124000  4615.689857
0.02126000  4615.591291
0.02128000  4615.446003
0.02130000  4615.266935
0.02132000  4615.067034
0.02134000  4614.854072
0.02136000  4614.643625
0.02138000  4614.438296
0.02140000  4614.245891
0.02142000  4614.066426
0.02144000  4613.899912
0.02146000  4613.741156
0.02148000  4613.595372
0.02150000  4613.457362
0.02152000  4613.329736
0.02154000  4613.209897
0.02156000  4613.09785
0.02158000  4612.993599
0.02160000  4612.891935
0.02162000  4612.795468
0.02164000  4612.701591
0.02166000  4612.612915
0.02168000  4612.524224
0.02170000  4612.440737
0.02172000  4612.357237
0.02174000  4612.276335
0.02176000  4612.198031
0.02178000  4612.119715
0.02180000  4612.044
0.02182000  4611.968274
0.02184000  4611.895149
0.02186000  4611.822014
0.02188000  4611.751482
0.02190000  4611.680941
0.02192000  4611.610391
0.02194000  4611.542446
0.02196000  4611.477105
0.02198000  4611.411757
0.02200000  4611.346401
0.02202000  4611.281037
0.02204000  4611.21828
0.02206000  4611.155516
0.02208000  4611.095361
0.02210000  4611.035199
0.02212000  4610.977646
0.02214000  4610.917471
0.02216000  4610.859906
0.02218000  4610.804952
0.02220000  4610.749993
0.02222000  4610.695027
0.02224000  4610.640057
0.02226000  4610.587699
0.02228000  4610.537954
0.02230000  4610.485586
0.02232000  4610.435832
0.02234000  4610.386074
0.02236000  4610.33893
0.02238000  4610.291782
0.02240000  4610.24463
0.02242000  4610.197474
0.02244000  4610.152934
0.02246000  4610.10839
0.02248000  4610.066463
0.02250000  4610.021913
0.02252000  4609.979979
0.02254000  4609.940664
0.02256000  4609.898724
0.02258000  4609.859403
0.02260000  4609.822701
0.02262000  4609.783374
0.02264000  4609.746667
0.02266000  4609.709957
0.02268000  4609.673244
0.02270000  4609.639152
0.02272000  4609.605058
0.02274000  4609.570961
0.02276000  4609.536863
0.02278000  4609.505385
0.02280000  4609.471282
0.02282000  4609.442425
0.02284000  4609.410942
0.02286000  4609.379457
0.02288000  4609.350594
0.02290000  4609.32173
0.02292000  4609.295489
0.02294000  4609.266622
0.02296000  4609.240378
0.02298000  4609.214133
0.02300000  4609.187886
0.02302000  4608.557557947059
0.02304000  4607.927229894118
0.02306000  4607.296901841176
0.02308000  4606.666573788235
0.02310000  4606.036245735294
0.02312000  4605.405917682353
0.02314000  4604.775589629411
0.02316000  4604.14526157647
0.02318000  4603.514933523529
0.02320000  4602.884605470588
0.02322000  4602.254277417646
0.02324000  4601.623949364705
0.02326000  4600.993621311764
0.02328000  4600.363293258823
0.02330000  4599.7329652058825
0.02332000  4599.102637152941
0.02334000  4598.4723091
0.02336000  4597.841981047059
0.02338000  4597.211652994118
0.02340000  4596.581324941176
0.02342000  4595.950996888235
0.02344000  4595.320668835294
0.02346000  4594.690340782353
0.02348000  4594.060012729411
0.02350000  4593.42968467647
0.02352000  4592.799356623529
0.02354000  4592.169028570588
0.02356000  4591.538700517647
0.02358000  4590.908372464705
0.02360000  4590.278044411764
0.02362000  4589.647716358823
0.02364000  4589.017388305882
0.02366000  4588.3870602529405
0.02368000  4587.7567321999995
0.02370000  4587.126404147059
0.02372000  4586.496076094118
0.02374000  4585.865748041177
0.02376000  4585.235419988235
0.02378000  4584.605091935294
0.02380000  4583.974763882353
0.02382000  4583.344435829412
0.02384000  4582.71410777647
0.02386000  4582.083779723529
0.02388000  4581.453451670588
0.02390000  4580.823123617647
0.02392000  4580.192795564705
0.02394000  4579.562467511764
0.02396000  4578.932139458823
0.02398000  4578.301811405882
0.02400000  4577.671483352941
0.02402000  4577.041155299999
0.02404000  4576.4108272470585
0.02406000  4575.7804991941175
0.02408000  4575.1501711411765
0.02410000  4574.519843088235
0.02412000  4573.889515035294
0.02414000  4573.259186982353
0.02416000  4572.628858929412
0.02418000  4571.99853087647
0.02420000  4571.368202823529
0.02422000  4570.737874770588
0.02424000  4570.107546717647
0.02426000  4569.477218664706
0.02428000  4568.846890611764
0.02430000  4568.216562558823
0.02432000  4567.586234505882
0.02434000  4566.955906452941
0.02436000  4566.325578399999
0.02438000  4565.695250347058
0.02440000  4565.064922294117
0.02442000  4564.4345942411765
0.02444000  4563.804266188235
0.02446000  4563.173938135294
0.02448000  4562.543610082353
0.02450000  4561.913282029412
0.02452000  4561.282953976471
0.02454000  4560.652625923529
0.02456000  4560.022297870588
0.02458000  4559.391969817647
0.02460000  4558.761641764706
0.02462000  4558.131313711764
0.02464000  4557.500985658823
0.02466000  4556.870657605882
0.02468000  4556.240329552941
0.02470000  4555.610001499999
0.02472000  4554.979673447058
0.02474000  4554.349345394117
0.02476000  4553.719017341176
0.02478000  4553.088689288235
0.02480000  4552.4583612352935
0.02482000  4551.828033182353
0.02484000  4551.197705129412
0.02486000  4550.567377076471
0.02488000  4549.937049023529
0.02490000  4549.306720970588
0.02492000  4548.676392917647
0.02494000  4548.046064864706
0.02496000  4547.415736811765
0.02498000  4546.785408758823
0.02500000  4546.155080705882
0.02502000  4545.524752652941
0.02504000  4544.8944246
0.02506000  4544.264096547058
0.02508000  4543.633768494117
0.02510000  4543.003440441176
0.02512000  4542.373112388235
0.02514000  4541.742784335293
0.02516000  4541.1124562823525
0.02518000  4540.4821282294115
0.02520000  4539.8518001764705
0.02522000  4539.22147212353
0.02524000  4538.591144070588
0.02526000  4537.960816017647
0.02528000  4537.330487964706
0.02530000  4536.700159911765
0.02532000  4536.069831858823
0.02534000  4535.439503805882
0.02536000  4534.809175752941
0.02538000  4534.1788477
0.02540000  4533.548519647058
0.02542000  4532.918191594117
0.02544000  4532.287863541176
0.02546000  4531.657535488235
0.02548000  4531.027207435294
0.02550000  4530.396879382352
0.02552000  4529.766551329411
0.02554000  4529.13622327647
0.02556000  4528.5058952235295
0.02558000  4527.875567170588
0.02560000  4527.245239117647
0.02562000  4526.614911064706
0.02564000  4525.984583011765
0.02566000  4525.354254958824
0.02568000  4524.723926905882
0.02570000  4524.093598852941
0.02572000  4523.4632708
0.02574000  4522.832942747059
0.02576000  4522.202614694117
0.02578000  4521.572286641176
0.02580000  4520.941958588235
0.02582000  4520.311630535294
0.02584000  4519.681302482352
0.02586000  4519.050974429411
0.02588000  4518.42064637647
0.02590000  4517.790318323529
0.02592000  4517.159990270588
0.02594000  4516.529662217647
0.02596000  4515.899334164706
0.02598000  4515.269006111765
0.02600000  4514.638678058824
0.02602000  4514.008350005882
0.02604000  4513.378021952941
0.02606000  4512.7476939
0.02608000  4512.117365847059
0.02610000  4511.487037794117
0.02612000  4510.856709741176
0.02614000  4510.226381688235
0.02616000  4509.596053635294
0.02618000  4508.965725582353
0.02620000  4508.335397529411
0.02622000  4507.70506947647
0.02624000  4507.074741423529
0.02626000  4506.444413370588
0.02628000  4505.8140853176465
0.02630000  4505.1837572647055
0.02632000  4504.5534292117645
0.02634000  4503.923101158824
0.02636000  4503.292773105882
0.02638000  4502.662445052941
0.02640000  4502.032117
0.02642000  4501.401788947059
0.02644000  4500.771460894118
0.02646000  4500.141132841176
0.02648000  4499.510804788235
0.02650000  4498.880476735294
0.02652000  4498.250148682353
0.02654000  4497.619820629411
0.02656000  4496.98949257647
0.02658000  4496.359164523529
0.02660000  4495.728836470588
0.02662000  4495.098508417646
0.02664000  4494.468180364705
0.02666000  4493.837852311764
0.02668000  4493.2075242588235
0.02670000  4492.5771962058825
0.02672000  4491.946868152941
0.02674000  4491.3165401
0.02676000  4490.686212047059
0.02678000  4490.055883994118
0.02680000  4489.425555941176
0.02682000  4488.795227888235
0.02684000  4488.164899835294
0.02686000  4487.534571782353
0.02688000  4486.904243729412
0.02690000  4486.27391567647
0.02692000  4485.643587623529
0.02694000  4485.013259570588
0.02696000  4484.382931517647
0.02698000  4483.752603464705
0.02700000  4483.122275411764
0.02702000  4482.491947358823
0.02704000  4481.861619305882
0.02706000  4481.2312912529405
0.02708000  4480.6009632
0.02710000  4479.970635147059
0.02712000  4479.340307094118
0.02714000  4478.709979041177
0.02716000  4478.079650988235
0.02718000  4477.449322935294
0.02720000  4476.818994882353
0.02722000  4476.188666829412
0.02724000  4475.55833877647
0.02726000  4474.928010723529
0.02728000  4474.297682670588
0.02730000  4473.667354617647
0.02732000  4473.037026564705
0.02734000  4472.406698511764
0.02736000  4471.776370458823
0.02738000  4471.146042405882
0.02740000  4470.515714352941
0.02742000  4469.8853862999995
0.02744000  4469.2550582470585
0.02746000  4468.624730194118
0.02748000  4467.994402141177
0.02750000  4467.364074088235
0.02752000  4466.733746035294
0.02754000  4466.103417982353
0.02756000  4465.473089929412
0.02758000  4464.84276187647
0.02760000  4464.212433823529
0.02762000  4463.582105770588
0.02764000  4462.951777717647
0.02766000  4462.321449664706
0.02768000  4461.691121611764
0.02770000  4461.060793558823
0.02772000  4460.430465505882
0.02774000  4459.800137452941
0.02776000  4459.169809399999
0.02778000  4458.539481347058
0.02780000  4457.9091532941175
0.02782000  4457.2788252411765
0.02784000  4456.648497188235
0.02786000  4456.018169135294
0.02788000  4455.387841082353
0.02790000  4454.757513029412
0.02792000  4454.127184976471
0.02794000  4453.496856923529
0.02796000  4452.866528870588
0.02798000  4452.236200817647
0.02800000  4451.605872764706
0.02802000  4450.975544711764
0.02804000  4450.345216658823
0.02806000  4449.714888605882
0.02808000  4449.084560552941
0.02810000  4448.4542325
0.02812000  4447.823904447058
0.02814000  4447.193576394117
0.02816000  4446.563248341176
0.02818000  4445.932920288235
0.02820000  4445.302592235294
0.02822000  4444.672264182353
0.02824000  4444.041936129412
0.02826000  4443.411608076471
0.02828000  4442.781280023529
0.02830000  4442.150951970588
0.02832000  4441.520623917647
0.02834000  4440.890295864706
0.02836000  4440.259967811765
0.02838000  4439.629639758823
0.02840000  4438.999311705882
0.02842000  4438.368983652941
0.02844000  4437.7386556
0.02846000  4437.108327547058
0.02848000  4436.477999494117
0.02850000  4435.847671441176
0.02852000  4435.217343388235
0.02854000  4434.5870153352935
0.02856000  4433.9566872823525
0.02858000  4433.3263592294115
0.02860000  4432.696031176471
0.02862000  4432.06570312353
0.02864000  4431.435375070588
0.02866000  4430.805047017647
0.02868000  4430.174718964706
0.02870000  4429.544390911765
0.02872000  4428.914062858823
0.02874000  4428.283734805882
0.02876000  4427.653406752941
0.02878000  4427.0230787
0.02880000  4426.392750647058
0.02882000  4425.762422594117
0.02884000  4425.132094541176
0.02886000  4424.501766488235
0.02888000  4423.871438435294
0.02890000  4423.241110382352
0.02892000  4422.610782329411
0.02894000  4421.9804542764705
0.02896000  4421.3501262235295
0.02898000  4420.719798170588
0.02900000  4420.089470117647
0.02902000  4419.459142064706
0.02904000  4418.828814011765
0.02906000  4418.198485958823
0.02908000  4417.568157905882
0.02910000  4416.937829852941
0.02912000  4416.3075018
0.02914000  4415.677173747059
0.02916000  4415.046845694117
0.02918000  4414.416517641176
0.02920000  4413.786189588235
0.02922000  4413.155861535294
0.02924000  4412.525533482352
0.02926000  4411.895205429411
0.02928000  4411.26487737647
0.02930000  4410.634549323529
0.02932000  4410.0042212705885
0.02934000  4409.373893217647
0.02936000  4408.743565164706
0.02938000  4408.113237111765
0.02940000  4407.482909058824
0.02942000  4406.852581005882
0.02944000  4406.222252952941
0.02946000  4405.5919249
0.02948000  4404.961596847059
0.02950000  4404.331268794117
0.02952000  4403.700940741176
0.02954000  4403.070612688235
0.02956000  4402.440284635294
0.02958000  4401.809956582353
0.02960000  4401.179628529411
0.02962000  4400.54930047647
0.02964000  4399.918972423529
0.02966000  4399.288644370588
0.02968000  4398.6583163176465
0.02970000  4398.0279882647055
0.02972000  4397.397660211765
0.02974000  4396.767332158824
0.02976000  4396.137004105882
0.02978000  4395.506676052941
0.02980000  4394.876348
0.02982000  4394.246019947059
0.02984000  4393.615691894118
0.02986000  4392.985363841176
0.02988000  4392.355035788235
0.02990000  4391.724707735294
0.02992000  4391.094379682353
0.02994000  4390.464051629411
0.02996000  4389.83372357647
0.02998000  4389.203395523529
0.03000000  4388.573067470588
0.03002000  4387.942739417647
0.03004000  4387.312411364705
0.03006000  4386.6820833117645
0.03008000  4386.0517552588235
0.03010000  4385.4214272058825
0.03012000  4384.791099152941
0.03014000  4384.1607711
0.03016000  4383.530443047059
0.03018000  4382.900114994118
0.03020000  4382.269786941176
0.03022000  4381.639458888235
0.03024000  4381.009130835294
0.03026000  4380.378802782353
0.03028000  4379.748474729411
0.03030000  4379.11814667647
0.03032000  4378.487818623529
0.03034000  4377.857490570588
0.03036000  4377.227162517647
0.03038000  4376.596834464705
0.03040000  4375.966506411764
0.03042000  4375.336178358823
0.03044000  4374.705850305882
0.03046000  4374.075522252941
0.03048000  4373.4451942
0.03050000  4372.814866147059
0.03052000  4372.184538094118
0.03054000  4371.554210041177
0.03056000  4370.923881988235
0.03058000  4370.293553935294
0.03060000  4369.663225882353
0.03062000  4369.032897829412
0.03064000  4368.40256977647
0.03066000  4367.772241723529
0.03068000  4367.141913670588
0.03070000  4366.511585617647
0.03072000  4365.881257564705
0.03074000  4365.250929511764
0.03076000  4364.620601458823
0.03078000  4363.990273405882
0.03080000  4363.359945352941
0.03082000  4362.7296172999995
0.03084000  4362.099289247059
0.03086000  4361.468961194118
0.03088000  4360.838633141177
0.03090000  4360.208305088235
0.03092000  4359.577977035294
0.03094000  4358.947648982353
0.03096000  4358.317320929412
0.03098000  4357.68699287647
0.03100000  4357.056664823529
0.03102000  4356.426336770588
0.03104000  4355.796008717647
0.03106000  4355.165680664706
0.03108000  4354.535352611764
0.03110000  4353.905024558823
0.03112000  4353.274696505882
0.03114000  4352.644368452941
0.03116000  4352.014040399999
0.03118000  4351.3837123470585
0.03120000  4350.7533842941175
0.03122000  4350.1230562411765
0.03124000  4349.492728188236
0.03126000  4348.862400135294
0.03128000  4348.232072082353
0.03130000  4347.601744029412
0.03132000  4346.971415976471
0.03134000  4346.341087923529
0.03136000  4345.710759870588
0.03138000  4345.080431817647
0.03140000  4344.450103764706
0.03142000  4343.819775711764
0.03144000  4343.189447658823
0.03146000  4342.559119605882
0.03148000  4341.928791552941
0.03150000  4341.298463499999
0.03152000  4340.668135447058
0.03154000  4340.037807394117
0.03156000  4339.407479341176
0.03158000  4338.7771512882355
0.03160000  4338.146823235294
0.03162000  4337.516495182353
0.03164000  4336.886167129412
0.03166000  4336.255839076471
0.03168000  4335.625511023529
0.03170000  4334.995182970588
0.03172000  4334.364854917647
0.03174000  4333.734526864706
0.03176000  4333.104198811765
0.03178000  4332.473870758823
0.03180000  4331.843542705882
0.03182000  4331.213214652941
0.03184000  4330.5828866
0.03186000  4329.952558547058
0.03188000  4329.322230494117
0.03190000  4328.691902441176
0.03192000  4328.061574388235
0.03194000  4327.431246335294
0.03196000  4326.8009182823525
0.03198000  4326.170590229412
0.03200000  4325.540262176471
0.03202000  4324.90993412353
0.03204000  4324.279606070588
0.03206000  4323.649278017647
0.03208000  4323.018949964706
0.03210000  4322.388621911765
0.03212000  4321.758293858823
0.03214000  4321.127965805882
0.03216000  4320.497637752941
0.03218000  4319.8673097
0.03220000  4319.236981647058
0.03222000  4318.606653594117
0.03224000  4317.976325541176
0.03226000  4317.345997488235
0.03228000  4316.715669435294
0.03230000  4316.085341382352
0.03232000  4315.4550133294115
0.03234000  4314.8246852764705
0.03236000  4314.19435722353
0.03238000  4313.564029170588
0.03240000  4312.933701117647
0.03242000  4312.303373064706
0.03244000  4311.673045011765
0.03246000  4311.042716958824
0.03248000  4310.412388905882
0.03250000  4309.782060852941
0.03252000  4309.1517328
0.03254000  4308.521404747059
0.03256000  4307.891076694117
0.03258000  4307.260748641176
0.03260000  4306.630420588235
0.03262000  4306.000092535294
0.03264000  4305.369764482352
0.03266000  4304.739436429411
0.03268000  4304.10910837647
0.03270000  4303.4787803235295
0.03272000  4302.848452270588
0.03274000  4302.218124217647
0.03276000  4301.587796164706
0.03278000  4300.957468111765
0.03280000  4300.327140058824
0.03282000  4299.696812005882
0.03284000  4299.066483952941
0.03286000  4298.4361559
0.03288000  4297.805827847059
0.03290000  4297.175499794117
0.03292000  4296.545171741176
0.03294000  4295.914843688235
0.03296000  4295.284515635294
0.03298000  4294.654187582353
0.03300000  4294.023859529411
0.03302000  4293.39353147647
0.03304000  4292.763203423529
0.03306000  4292.132875370588
0.03308000  4291.5025473176465
0.03310000  4290.872219264706
0.03312000  4290.241891211765
0.03314000  4289.611563158824
0.03316000  4288.981235105883
0.03318000  4288.350907052941
0.03320000  4287.720579
0.03322000  4287.090250947059
0.03324000  4286.459922894118
0.03326000  4285.829594841176
0.03328000  4285.199266788235
0.03330000  4284.568938735294
0.03332000  4283.938610682353
0.03334000  4283.308282629411
0.03336000  4282.67795457647
0.03338000  4282.047626523529
0.03340000  4281.417298470588
0.03342000  4280.786970417646
0.03344000  4280.1566423647055
0.03346000  4279.5263143117645
0.03348000  4278.8959862588235
0.03350000  4278.265658205883
0.03352000  4277.635330152941
0.03354000  4277.0050021
0.03356000  4276.374674047059
0.03358000  4275.744345994118
0.03360000  4275.114017941176
0.03362000  4274.483689888235
0.03364000  4273.853361835294
0.03366000  4273.223033782353
0.03368000  4272.592705729412
0.03370000  4271.96237767647
0.03372000  4271.332049623529
0.03374000  4270.701721570588
0.03376000  4270.071393517647
0.03378000  4269.441065464705
0.03380000  4268.810737411764
0.03382000  4268.180409358823
0.03384000  4267.5500813058825
0.03386000  4266.919753252941
0.03388000  4266.2894252
0.03390000  4265.659097147059
0.03392000  4265.028769094118
0.03394000  4264.398441041177
0.03396000  4263.768112988235
0.03398000  4263.137784935294
0.03400000  4262.507456882353
0.03402000  4261.877128829412
0.03404000  4261.24680077647
0.03406000  4260.616472723529
0.03408000  4259.986144670588
0.03410000  4259.355816617647
0.03412000  4258.725488564705
0.03414000  4258.095160511764
0.03416000  4257.464832458823
0.03418000  4256.834504405882
0.03420000  4256.204176352941
0.03422000  4255.5738483
0.03424000  4254.943520247059
0.03426000  4254.313192194118
0.03428000  4253.682864141177
0.03430000  4253.052536088235
0.03432000  4252.422208035294
0.03434000  4251.791879982353
0.03436000  4251.161551929412
0.03438000  4250.531223876471
0.03440000  4249.900895823529
0.03442000  4249.270567770588
0.03444000  4248.640239717647
0.03446000  4248.009911664706
0.03448000  4247.379583611764
0.03450000  4246.749255558823
0.03452000  4246.118927505882
0.03454000  4245.488599452941
0.03456000  4244.8582713999995
0.03458000  4244.2279433470585
0.03460000  4243.5976152941175
0.03462000  4242.967287241177
0.03464000  4242.336959188235
0.03466000  4241.706631135294
0.03468000  4241.076303082353
0.03470000  4240.445975029412
0.03472000  4239.815646976471
0.03474000  4239.185318923529
0.03476000  4238.554990870588
0.03478000  4237.924662817647
0.03480000  4237.294334764706
0.03482000  4236.664006711764
0.03484000  4236.033678658823
0.03486000  4235.403350605882
0.03488000  4234.773022552941
0.03490000  4234.1426945
0.03492000  4233.512366447058
0.03494000  4232.882038394117
0.03496000  4232.2517103411765
0.03498000  4231.6213822882355
0.03500000  4230.991054235294
0.03502000  4230.360726182353
0.03504000  4229.730398129412
0.03506000  4229.100070076471
0.03508000  4228.469742023529
0.03510000  4227.839413970588
0.03512000  4227.209085917647
0.03514000  4226.578757864706
0.03516000  4225.948429811765
0.03518000  4225.318101758823
0.03520000  4224.687773705882
0.03522000  4224.057445652941
0.03524000  4223.4271176
0.03526000  4222.796789547058
0.03528000  4222.166461494117
0.03530000  4221.536133441176
0.03532000  4220.905805388235
0.03534000  4220.2754773352935
0.03536000  4219.645149282353
0.03538000  4219.014821229412
0.03540000  4218.384493176471
0.03542000  4217.75416512353
0.03544000  4217.123837070588
0.03546000  4216.493509017647
0.03548000  4215.863180964706
0.03550000  4215.232852911765
0.03552000  4214.602524858823
0.03554000  4213.972196805882
0.03556000  4213.341868752941
0.03558000  4212.7115407
0.03560000  4212.081212647059
0.03562000  4211.450884594117
0.03564000  4210.820556541176
0.03566000  4210.190228488235
0.03568000  4209.559900435294
0.03570000  4208.9295723823525
0.03572000  4208.2992443294115
0.03574000  4207.668916276471
0.03576000  4207.03858822353
0.03578000  4206.408260170588
0.03580000  4205.777932117647
0.03582000  4205.147604064706
0.03584000  4204.517276011765
0.03586000  4203.886947958823
0.03588000  4203.256619905882
0.03590000  4202.626291852941
0.03592000  4201.9959638
0.03594000  4201.365635747059
0.03596000  4200.735307694117
0.03598000  4200.104979641176
0.03600000  4199.474651588235
0.03602000  4198.844323535294
0.03604000  4198.213995482352
0.03606000  4197.583667429411
0.03608000  4196.9533393764705
0.03610000  4196.3230113235295
0.03612000  4195.6926832705885
0.03614000  4195.062355217647
0.03616000  4194.432027164706
0.03618000  4193.801699111765
0.03620000  4193.171371058824
0.03622000  4192.541043005882
0.03624000  4191.910714952941
0.03626000  4191.2803869
0.03628000  4190.650058847059
0.03630000  4190.019730794118
0.03632000  4189.389402741176
0.03634000  4188.759074688235
0.03636000  4188.128746635294
0.03638000  4187.498418582353
0.03640000  4186.868090529411
0.03642000  4186.23776247647
0.03644000  4185.607434423529
0.03646000  4184.977106370588
0.03648000  4184.346778317647
0.03650000  4183.716450264706
0.03652000  4183.086122211765
0.03654000  4182.455794158824
0.03656000  4181.825466105882
0.03658000  4181.195138052941
0.03660000  4180.56481
0.03662000  4179.934481947059
0.03664000  4179.304153894118
0.03666000  4178.673825841176
0.03668000  4178.043497788235
0.03670000  4177.413169735294
0.03672000  4176.782841682353
0.03674000  4176.152513629411
0.03676000  4175.52218557647
0.03678000  4174.891857523529
0.03680000  4174.261529470588
0.03682000  4173.631201417647
0.03684000  4173.0008733647055
0.03686000  4172.3705453117645
0.03688000  4171.740217258824
0.03690000  4171.109889205883
0.03692000  4170.479561152941
0.03694000  4169.8492331
0.03696000  4169.218905047059
0.03698000  4168.588576994118
0.03700000  4167.958248941176
0.03702000  4167.327920888235
0.03704000  4166.697592835294
0.03706000  4166.067264782353
0.03708000  4165.436936729411
0.03710000  4164.80660867647
0.03712000  4164.176280623529
0.03714000  4163.545952570588
0.03716000  4162.915624517647
0.03718000  4162.285296464705
0.03720000  4161.6549684117645
0.03722000  4161.0246403588235
0.03724000  4160.3943123058825
0.03726000  4159.763984252941
0.03728000  4159.1336562
0.03730000  4158.503328147059
0.03732000  4157.873000094118
0.03734000  4157.242672041177
0.03736000  4156.612343988235
0.03738000  4155.982015935294
0.03740000  4155.351687882353
0.03742000  4154.721359829412
0.03744000  4154.09103177647
0.03746000  4153.460703723529
0.03748000  4152.830375670588
0.03750000  4152.200047617647
0.03752000  4151.569719564706
0.03754000  4150.939391511764
0.03756000  4150.309063458823
0.03758000  4149.678735405882
0.03760000  4149.0484073529415
0.03762000  4148.4180793
0.03764000  4147.787751247059
0.03766000  4147.157423194118
0.03768000  4146.527095141177
0.03770000  4145.896767088235
0.03772000  4145.266439035294
0.03774000  4144.636110982353
0.03776000  4144.005782929412
0.03778000  4143.37545487647
0.03780000  4142.745126823529
0.03782000  4142.114798770588
0.03784000  4141.484470717647
0.03786000  4140.854142664706
0.03788000  4140.223814611764
0.03790000  4139.593486558823
0.03792000  4138.963158505882
0.03794000  4138.332830452941
0.03796000  4137.7025023999995
0.03798000  4137.0721743470585
0.03800000  4136.441846294118
0.03802000  4135.811518241177
0.03804000  4135.181190188236
0.03806000  4134.550862135294
0.03808000  4133.920534082353
0.03810000  4133.290206029412
0.03812000  4132.659877976471
0.03814000  4132.029549923529
0.03816000  4131.399221870588
0.03818000  4130.768893817647
0.03820000  4130.138565764706
0.03822000  4129.508237711764
0.03824000  4128.877909658823
0.03826000  4128.247581605882
0.03828000  4127.617253552941
0.03830000  4126.9869255
0.03832000  4126.356597447058
0.03834000  4125.7262693941175
0.03836000  4125.0959413411765
0.03838000  4124.4656132882355
0.03840000  4123.835285235294
0.03842000  4123.204957182353
0.03844000  4122.574629129412
0.03846000  4121.944301076471
0.03848000  4121.313973023529
0.03850000  4120.683644970588
0.03852000  4120.053316917647
0.03854000  4119.422988864706
0.03856000  4118.792660811765
0.03858000  4118.162332758823
0.03860000  4117.532004705882
0.03862000  4116.901676652941
0.03864000  4116.2713486
0.03866000  4115.641020547058
0.03868000  4115.010692494117
0.03870000  4114.380364441176
0.03872000  4113.7500363882355
0.03874000  4113.1197083352945
0.03876000  4112.489380282353
0.03878000  4111.859052229412
0.03880000  4111.228724176471
0.03882000  4110.59839612353
0.03884000  4109.968068070588
0.03886000  4109.337740017647
0.03888000  4108.707411964706
0.03890000  4108.077083911765
0.03892000  4107.446755858823
0.03894000  4106.816427805882
0.03896000  4106.186099752941
0.03898000  4105.5557717
0.03900000  4104.925443647058
0.03902000  4104.295115594117
0.03904000  4103.664787541176
0.03906000  4103.034459488235
0.03908000  4102.404131435294
0.03910000  4101.7738033823525
0.03912000  4101.143475329412
0.03914000  4100.513147276471
0.03916000  4099.88281922353
0.03918000  4099.252491170588
0.03920000  4098.622163117647
0.03922000  4097.991835064706
0.03924000  4097.361507011765
0.03926000  4096.731178958824
0.03928000  4096.100850905882
0.03930000  4095.470522852941
0.03932000  4094.8401948
0.03934000  4094.2098667470586
0.03936000  4093.5795386941177
0.03938000  4092.9492106411763
0.03940000  4092.3188825882353
0.03942000  4091.688554535294
0.03944000  4091.058226482353
0.03946000  4090.4278984294115
0.03948000  4089.7975703764705
0.03950000  4089.1672423235295
0.03952000  4088.536914270588
0.03954000  4087.9065862176467
0.03956000  4087.2762581647057
0.03958000  4086.6459301117648
0.03960000  4086.0156020588233
0.03962000  4085.3852740058824
0.03964000  4084.754945952941
0.03966000  4084.1246179
0.03968000  4083.494289847059
0.03970000  4082.8639617941176
0.03972000  4082.233633741176
0.03974000  4081.603305688235
0.03976000  4080.9729776352942
0.03978000  4080.342649582353
0.03980000  4079.712321529412
0.03982000  4079.0819934764704
0.03984000  4078.4516654235294
0.03986000  4077.821337370588
0.03988000  4077.191009317647
0.03990000  4076.5606812647056
0.03992000  4075.9303532117647
0.03994000  4075.3000251588237
0.03996000  4074.6696971058823
0.03998000  4074.039369052941
0.04000000  4073.409041
0.04002000  4068.894362
0.04004000  4064.7311
0.04006000  4060.89807
0.04008000  4057.339198
0.04010000  4053.820483
0.04012000  4049.621941
0.04014000  4043.979717
0.04016000  4036.388761
0.04018000  4026.251904
0.04020000  4012.909634
0.04022000  3994.772046
0.04024000  3967.063327
0.04026000  3923.947717
0.04028000  3858.094605
0.04030000  3759.288814
0.04032000  3613.651641
0.04034000  3404.73876
0.04036000  3118.821472
0.04038000  2763.44291
0.04040000  2383.889552
0.04042000  2014.859983
0.04044000  1653.55673
0.04046000  1276.457432
0.04048000  878.256276
0.04050000  527.216418
0.04052000  307.628558
0.04054000  195.922974
0.04056000  147.794816
0.04058000  136.362162
0.04060000  159.444298
0.04062000  236.890726
0.04064000  415.917708
0.04066000  756.846662
0.04068000  1260.746478
0.04070000  1852.381672
0.04072000  2441.931189
0.04074000  2967.046248
0.04076000  3400.523885
0.04078000  3739.329769
0.04080000  3991.813471
0.04082000  4173.305882
0.04084000  4301.307443
0.04086000  4391.197954
0.04088000  4454.596786
0.04090000  4499.644011
0.04092000  4531.92017
0.04094000  4555.210344
0.04096000  4572.106292
0.04098000  4584.410783
0.04100000  4593.398565
0.04102000  4599.961602
0.04104000  4604.744749
0.04106000  4608.213252
0.04108000  4610.708115
0.04110000  4612.482482
0.04112000  4613.728141
0.04114000  4614.581255
0.04116000  4615.14233
0.04118000  4615.484924
0.04120000  4615.66392
0.04122000  4615.723573
0.04124000  4615.689857
0.04126000  4615.591291
0.04128000  4615.446003
0.04130000  4615.266935
0.04132000  4615.067034
0.04134000  4614.854072
0.04136000  4614.643625
0.04138000  4614.438296
0.04140000  4614.245891
0.04142000  4614.066426
0.04144000  4613.899912
0.04146000  4613.741156
0.04148000  4613.595372
0.04150000  4613.457362
0.04152000  4613.329736
0.04154000  4613.209897
0.04156000  4613.09785
0.04158000  4612.993599
0.04160000  4612.891935
0.04162000  4612.795468
0.04164000  4612.701591
0.04166000  4612.612915
0.04168000  4612.524224
0.04170000  4612.440737
0.04172000  4612.357237
0.04174000  4612.276335
0.04176000  4612.198031
0.04178000  4612.119715
0.04180000  4612.044
0.04182000  4611.968274
0.04184000  4611.895149
0.04186000  4611.822014
0.04188000  4611.751482
0.04190000  4611.680941
0.04192000  4611.610391
0.04194000  4611.542446
0.04196000  4611.477105
0.04198000  4611.411757
0.04200000  4611.346401
0.04202000  4611.281037
0.04204000  4611.21828
0.04206000  4611.155516
0.04208000  4611.095361
0.04210000  4611.035199
0.04212000  4610.977646
0.04214000  4610.917471
0.04216000  4610.859906
0.04218000  4610.804952
0.04220000  4610.749993
0.04222000  4610.695027
0.04224000  4610.640057
0.04226000  4610.587699
0.04228000  4610.537954
0.04230000  4610.485586
0.04232000  4610.435832
0.04234000  4610.386074
0.04236000  4610.33893
0.04238000  4610.291782
0.04240000  4610.24463
0.04242000  4610.197474
0.04244000  4610.152934
0.04246000  4610.10839
0.04248000  4610.066463
0.04250000  4610.021913
0.04252000  4609.979979
0.04254000  4609.940664
0.04256000  4609.898724
0.04258000  4609.859403
0.04260000  4609.822701
0.04262000  4609.783374
0.04264000  4609.746667
0.04266000  4609.709957
0.04268000  4609.673244
0.04270000  4609.639152
0.04272000  4609.605058
0.04274000  4609.570961
0.04276000  4609.536863
0.04278000  4609.505385
0.04280000  4609.471282
0.04282000  4609.442425
0.04284000  4609.410942
0.04286000  4609.379457
0.04288000  4609.350594
0.04290000  4609.32173
0.04292000  4609.295489
0.04294000  4609.266622
0.04296000  4609.240378
0.04298000  4609.214133
0.04300000  4609.187886
0.04302000  4608.557557947059
0.04304000  4607.927229894118
0.04306000  4607.296901841176
0.04308000  4606.666573788235
0.04310000  4606.036245735294
0.04312000  4605.405917682353
0.04314000  4604.775589629411
0.04316000  4604.14526157647
0.04318000  4603.514933523529
0.04320000  4602.884605470588
0.04322000  4602.254277417646
0.04324000  4601.623949364705
0.04326000  4600.993621311764
0.04328000  4600.363293258823
0.04330000  4599.7329652058825
0.04332000  4599.102637152941
0.04334000  4598.4723091
0.04336000  4597.841981047059
0.04338000  4597.211652994118
0.04340000  4596.581324941176
0.04342000  4595.950996888235
0.04344000  4595.320668835294
0.04346000  4594.690340782353
0.04348000  4594.060012729411
0.04350000  4593.42968467647
0.04352000  4592.799356623529
0.04354000  4592.169028570588
0.04356000  4591.538700517647
0.04358000  4590.908372464705
0.04360000  4590.278044411764
0.04362000  4589.647716358823
0.04364000  4589.017388305882
0.04366000  4588.3870602529405
0.04368000  4587.7567321999995
0.04370000  4587.126404147059
0.04372000  4586.496076094118
0.04374000  4585.865748041177
0.04376000  4585.235419988235
0.04378000  4584.605091935294
0.04380000  4583.974763882353
0.04382000  4583.344435829412
0.04384000  4582.71410777647
0.04386000  4582.083779723529
0.04388000  4581.453451670588
0.04390000  4580.823123617647
0.04392000  4580.192795564705
0.04394000  4579.562467511764
0.04396000  4578.932139458823
0.04398000  4578.301811405882
0.04400000  4577.671483352941
0.04402000  4577.041155299999
0.04404000  4576.4108272470585
0.04406000  4575.7804991941175
0.04408000  4575.1501711411765
0.04410000  4574.519843088235
0.04412000  4573.889515035294
0.04414000  4573.259186982353
0.04416000  4572.628858929412
0.04418000  4571.99853087647
0.04420000  4571.368202823529
0.04422000  4570.737874770588
0.04424000  4570.107546717647
0.04426000  4569.477218664706
0.04428000  4568.846890611764
0.04430000  4568.216562558823
0.04432000  4567.586234505882
0.04434000  4566.955906452941
0.04436000  4566.325578399999
0.04438000  4565.695250347058
0.04440000  4565.064922294117
0.04442000  4564.4345942411765
0.04444000  4563.804266188235
0.04446000  4563.173938135294
0.04448000  4562.543610082353
0.04450000  4561.913282029412
0.04452000  4561.282953976471
0.04454000  4560.652625923529
0.04456000  4560.022297870588
0.04458000  4559.391969817647
0.04460000  4558.761641764706
0.04462000  4558.131313711764
0.04464000  4557.500985658823
0.04466000  4556.870657605882
0.04468000  4556.240329552941
0.04470000  4555.610001499999
0.04472000  4554.979673447058
0.04474000  4554.349345394117
0.04476000  4553.719017341176
0.04478000  4553.088689288235
0.04480000  4552.4583612352935
0.04482000  4551.828033182353
0.04484000  4551.197705129412
0.04486000  4550.567377076471
0.04488000  4549.937049023529
0.04490000  4549.306720970588
0.04492000  4548.676392917647
0.04494000  4548.046064864706
0.04496000  4547.415736811765
0.04498000  4546.785408758823
0.04500000  4546.155080705882
0.04502000  4545.524752652941
0.04504000  4544.8944246
0.04506000  4544.264096547058
0.04508000  4543.633768494117
0.04510000  4543.003440441176
0.04512000  4542.373112388235
0.04514000  4541.742784335293
0.04516000  4541.1124562823525
0.04518000  4540.4821282294115
0.04520000  4539.8518001764705
0.04522000  4539.22147212353
0.04524000  4538.591144070588
0.04526000  4537.960816017647
0.04528000  4537.330487964706
0.04530000  4536.700159911765
0.04532000  4536.069831858823
0.04534000  4535.439503805882
0.04536000  4534.809175752941
0.04538000  4534.1788477
0.04540000  4533.548519647058
0.04542000  4532.918191594117
0.04544000  4532.287863541176
0.04546000  4531.657535488235
0.04548000  4531.027207435294
0.04550000  4530.396879382352
0.04552000  4529.766551329411
0.04554000  4529.13622327647
0.04556000  4528.5058952235295
0.04558000  4527.875567170588
0.04560000  4527.245239117647
0.04562000  4526.614911064706
0.04564000  4525.984583011765
0.04566000  4525.354254958824
0.04568000  4524.723926905882
0.04570000  4524.093598852941
0.04572000  4523.4632708
0.04574000  4522.832942747059
0.04576000  4522.202614694117
0.04578000  4521.572286641176
0.04580000  4520.941958588235
0.04582000  4520.311630535294
0.04584000  4519.681302482352
0.04586000  4519.050974429411
0.04588000  4518.42064637647
0.04590000  4517.790318323529
0.04592000  4517.159990270588
0.04594000  4516.529662217647
0.04596000  4515.899334164706
0.04598000  4515.269006111765
0.04600000  4514.638678058824
0.04602000  4514.008350005882
0.04604000  4513.378021952941
0.04606000  4512.7476939
0.04608000  4512.117365847059
0.04610000  4511.487037794117
0.04612000  4510.856709741176
0.04614000  4510.226381688235
0.04616000  4509.596053635294
0.04618000  4508.965725582353
0.04620000  4508.335397529411
0.04622000  4507.70506947647
0.04624000  4507.074741423529
0.04626000  4506.444413370588
0.04628000  4505.8140853176465
0.04630000  4505.1837572647055
0.04632000  4504.5534292117645
0.04634000  4503.923101158824
0.04636000  4503.292773105882
0.04638000  4502.662445052941
0.04640000  4502.032117
0.04642000  4501.401788947059
0.04644000  4500.771460894118
0.04646000  4500.141132841176
0.04648000  4499.510804788235
0.04650000  4498.880476735294
0.04652000  4498.250148682353
0.04654000  4497.619820629411
0.04656000  4496.98949257647
0.04658000  4496.359164523529
0.04660000  4495.728836470588
0.04662000  4495.098508417646
0.04664000  4494.468180364705
0.04666000  4493.837852311764
0.04668000  4493.2075242588235
0.04670000  4492.5771962058825
0.04672000  4491.946868152941
0.04674000  4491.3165401
0.04676000  4490.686212047059
0.04678000  4490.055883994118
0.04680000  4489.425555941176
0.04682000  4488.795227888235
0.04684000  4488.164899835294
0.04686000  4487.534571782353
0.04688000  4486.904243729412
0.04690000  4486.27391567647
0.04692000  4485.643587623529
0.04694000  4485.013259570588
0.04696000  4484.382931517647
0.04698000  4483.752603464705
0.04700000  4483.122275411764
0.04702000  4482.491947358823
0.04704000  4481.861619305882
0.04706000  4481.2312912529405
0.04708000  4480.6009632
0.04710000  4479.970635147059
0.04712000  4479.340307094118
0.04714000  4478.709979041177
0.04716000  4478.079650988235
0.04718000  4477.449322935294
0.04720000  4476.818994882353
0.04722000  4476.188666829412
0.04724000  4475.55833877647
0.04726000  4474.928010723529
0.04728000  4474.297682670588
0.04730000  4473.667354617647
0.04732000  4473.037026564705
0.04734000  4472.406698511764
0.04736000  4471.776370458823
0.04738000  4471.146042405882
0.04740000  4470.515714352941
0.04742000  4469.8853862999995
0.04744000  4469.2550582470585
0.04746000  4468.624730194118
0.04748000  4467.994402141177
0.04750000  4467.364074088235
0.04752000  4466.733746035294
0.04754000  4466.103417982353
0.04756000  4465.473089929412
0.04758000  4464.84276187647
0.04760000  4464.212433823529
0.04762000  4463.582105770588
0.04764000  4462.951777717647
0.04766000  4462.321449664706
0.04768000  4461.691121611764
0.04770000  4461.060793558823
0.04772000  4460.430465505882
0.04774000  4459.800137452941
0.04776000  4459.169809399999
0.04778000  4458.539481347058
0.04780000  4457.9091532941175
0.04782000  4457.2788252411765
0.04784000  4456.648497188235
0.04786000  4456.018169135294
0.04788000  4455.387841082353
0.04790000  4454.757513029412
0.04792000  4454.127184976471
0.04794000  4453.496856923529
0.04796000  4452.866528870588
0.04798000  4452.236200817647
0.04800000  4451.605872764706
0.04802000  4450.975544711764
0.04804000  4450.345216658823
0.04806000  4449.714888605882
0.04808000  4449.084560552941
0.04810000  4448.4542325
0.04812000  4447.823904447058
0.04814000  4447.193576394117
0.04816000  4446.563248341176
0.04818000  4445.932920288235
0.04820000  4445.302592235294
0.04822000  4444.672264182353
0.04824000  4444.041936129412
0.04826000  4443.411608076471
0.04828000  4442.781280023529
0.04830000  4442.150951970588
0.04832000  4441.520623917647
0.04834000  4440.890295864706
0.04836000  4440.259967811765
0.04838000  4439.629639758823
0.04840000  4438.999311705882
0.04842000  4438.368983652941
0.04844000  4437.7386556
0.04846000  4437.108327547058
0.04848000  4436.477999494117
0.04850000  4435.847671441176
0.04852000  4435.217343388235
0.04854000  4434.5870153352935
0.04856000  4433.9566872823525
0.04858000  4433.3263592294115
0.04860000  4432.696031176471
0.04862000  4432.06570312353
0.04864000  4431.435375070588
0.04866000  4430.805047017647
0.04868000  4430.174718964706
0.04870000  4429.544390911765
0.04872000  4428.914062858823
0.04874000  4428.283734805882
0.04876000  4427.653406752941
0.04878000  4427.0230787
0.04880000  4426.392750647058
0.04882000  4425.762422594117
0.04884000  4425.132094541176
0.04886000  4424.501766488235
0.04888000  4423.871438435294
0.04890000  4423.241110382352
0.04892000  4422.610782329411
0.04894000  4421.9804542764705
0.04896000  4421.3501262235295
0.04898000  4420.719798170588
0.04900000  4420.089470117647
0.04902000  4419.459142064706
0.04904000  4418.828814011765
0.04906000  4418.198485958823
0.04908000  4417.568157905882
0.04910000  4416.937829852941
0.04912000  4416.3075018
0.04914000  4415.677173747059
0.04916000  4415.046845694117
0.04918000  4414.416517641176
0.04920000  4413.786189588235
0.04922000  4413.155861535294
0.04924000  4412.525533482352
0.04926000  4411.895205429411
0.04928000  4411.26487737647
0.04930000  4410.634549323529
0.04932000  4410.0042212705885
0.04934000  4409.373893217647
0.04936000  4408.743565164706
0.04938000  4408.113237111765
0.04940000  4407.482909058824
0.04942000  4406.852581005882
0.04944000  4406.222252952941
0.04946000  4405.5919249
0.04948000  4404.961596847059
0.04950000  4404.331268794117
0.04952000  4403.700940741176
0.04954000  4403.070612688235
0.04956000  4402.440284635294
0.04958000  4401.809956582353
0.04960000  4401.179628529411
0.04962000  4400.54930047647
0.04964000  4399.918972423529
0.04966000  4399.288644370588
0.04968000  4398.6583163176465
0.04970000  4398.0279882647055
0.04972000  4397.397660211765
0.04974000  4396.767332158824
0.04976000  4396.137004105882
0.04978000  4395.506676052941
0.04980000  4394.876348
0.04982000  4394.246019947059
0.04984000  4393.615691894118
0.04986000  4392.985363841176
0.04988000  4392.355035788235
0.04990000  4391.724707735294
0.04992000  4391.094379682353
0.04994000  4390.464051629411
0.04996000  4389.83372357647
0.04998000  4389.203395523529
0.05000000  4388.573067470588
0.05002000  4387.942739417647
0.05004000  4387.312411364705
0.05006000  4386.6820833117645
0.05008000  4386.0517552588235
0.05010000  4385.4214272058825
0.05012000  4384.791099152941
0.05014000  4384.1607711
0.05016000  4383.530443047059
0.05018000  4382.900114994118
0.05020000  4382.269786941176
0.05022000  4381.639458888235
0.05024000  4381.009130835294
0.05026000  4380.378802782353
0.05028000  4379.748474729411
0.05030000  4379.11814667647
0.05032000  4378.487818623529
0.05034000  4377.857490570588
0.05036000  4377.227162517647
0.05038000  4376.596834464705
0.05040000  4375.966506411764
0.05042000  4375.336178358823
0.05044000  4374.705850305882
0.05046000  4374.075522252941
0.05048000  4373.4451942
0.05050000  4372.814866147059
0.05052000  4372.184538094118
0.05054000  4371.554210041177
0.05056000  4370.923881988235
0.05058000  4370.293553935294
0.05060000  4369.663225882353
0.05062000  4369.032897829412
0.05064000  4368.40256977647
0.05066000  4367.772241723529
0.05068000  4367.141913670588
0.05070000  4366.511585617647
0.05072000  4365.881257564705
0.05074000  4365.250929511764
0.05076000  4364.620601458823
0.05078000  4363.990273405882
0.05080000  4363.359945352941
0.05082000  4362.7296172999995
0.05084000  4362.099289247059
0.05086000  4361.468961194118
0.05088000  4360.838633141177
0.05090000  4360.208305088235
0.05092000  4359.577977035294
0.05094000  4358.947648982353
0.05096000  4358.317320929412
0.05098000  4357.68699287647
0.05100000  4357.056664823529
0.05102000  4356.426336770588
0.05104000  4355.796008717647
0.05106000  4355.165680664706
0.05108000  4354.535352611764
0.05110000  4353.905024558823
0.05112000  4353.274696505882
0.05114000  4352.644368452941
0.05116000  4352.014040399999
0.05118000  4351.3837123470585
0.05120000  4350.7533842941175
0.05122000  4350.1230562411765
0.05124000  4349.492728188236
0.05126000  4348.862400135294
0.05128000  4348.232072082353
0.05130000  4347.601744029412
0.05132000  4346.971415976471
0.05134000  4346.341087923529
0.05136000  4345.710759870588
0.05138000  4345.080431817647
0.05140000  4344.450103764706
0.05142000  4343.819775711764
0.05144000  4343.189447658823
0.05146000  4342.559119605882
0.05148000  4341.928791552941
0.05150000  4341.298463499999
0.05152000  4340.668135447058
0.05154000  4340.037807394117
0.05156000  4339.407479341176
0.05158000  4338.7771512882355
0.05160000  4338.146823235294
0.05162000  4337.516495182353
0.05164000  4336.886167129412
0.05166000  4336.255839076471
0.05168000  4335.625511023529
0.05170000  4334.995182970588
0.05172000  4334.364854917647
0.05174000  4333.734526864706
0.05176000  4333.104198811765
0.05178000  4332.473870758823
0.05180000  4331.843542705882
0.05182000  4331.213214652941
0.05184000  4330.5828866
0.05186000  4329.952558547058
0.05188000  4329.322230494117
0.05190000  4328.691902441176
0.05192000  4328.061574388235
0.05194000  4327.431246335294
0.05196000  4326.8009182823525
0.05198000  4326.170590229412
0.05200000  4325.540262176471
0.05202000  4324.90993412353
0.05204000  4324.279606070588
0.05206000  4323.649278017647
0.05208000  4323.018949964706
0.05210000  4322.388621911765
0.05212000  4321.758293858823
0.05214000  4321.127965805882
0.05216000  4320.497637752941
0.05218000  4319.8673097
0.05220000  4319.236981647058
0.05222000  4318.606653594117
0.05224000  4317.976325541176
0.05226000  4317.345997488235
0.05228000  4316.715669435294
0.05230000  4316.085341382352
0.05232000  4315.4550133294115
0.05234000  4314.8246852764705
0.05236000  4314.19435722353
0.05238000  4313.564029170588
0.05240000  4312.933701117647
0.05242000  4312.303373064706
0.05244000  4311.673045011765
0.05246000  4311.042716958824
0.05248000  4310.412388905882
0.05250000  4309.782060852941
0.05252000  4309.1517328
0.05254000  4308.521404747059
0.05256000  4307.891076694117
0.05258000  4307.260748641176
0.05260000  4306.630420588235
0.05262000  4306.000092535294
0.05264000  4305.369764482352
0.05266000  4304.739436429411
0.05268000  4304.10910837647
0.05270000  4303.4787803235295
0.05272000  4302.848452270588
0.05274000  4302.218124217647
0.05276000  4301.587796164706
0.05278000  4300.957468111765
0.05280000  4300.327140058824
0.05282000  4299.696812005882
0.05284000  4299.066483952941
0.05286000  4298.4361559
0.05288000  4297.805827847059
0.05290000  4297.175499794117
0.05292000  4296.545171741176
0.05294000  4295.914843688235
0.05296000  4295.284515635294
0.05298000  4294.654187582353
0.05300000  4294.023859529411
0.05302000  4293.39353147647
0.05304000  4292.763203423529
0.05306000  4292.132875370588
0.05308000  4291.5025473176465
0.05310000  4290.872219264706
0.05312000  4290.241891211765
0.05314000  4289.611563158824
0.05316000  4288.981235105883
0.05318000  4288.350907052941
0.05320000  4287.720579
0.05322000  4287.090250947059
0.05324000  4286.459922894118
0.05326000  4285.829594841176
0.05328000  4285.199266788235
0.05330000  4284.568938735294
0.05332000  4283.938610682353
0.05334000  4283.308282629411
0.05336000  4282.67795457647
0.05338000  4282.047626523529
0.05340000  4281.417298470588
0.05342000  4280.786970417646
0.05344000  4280.1566423647055
0.05346000  4279.5263143117645
0.05348000  4278.8959862588235
0.05350000  4278.265658205883
0.05352000  4277.635330152941
0.05354000  4277.0050021
0.05356000  4276.374674047059
0.05358000  4275.744345994118
0.05360000  4275.114017941176
0.05362000  4274.483689888235
0.05364000  4273.853361835294
0.05366000  4273.223033782353
0.05368000  4272.592705729412
0.05370000  4271.96237767647
0.05372000  4271.332049623529
0.05374000  4270.701721570588
0.05376000  4270.071393517647
0.05378000  4269.441065464705
0.05380000  4268.810737411764
0.05382000  4268.180409358823
0.05384000  4267.5500813058825
0.05386000  4266.919753252941
0.05388000  4266.2894252
0.05390000  4265.659097147059
0.05392000  4265.028769094118
0.05394000  4264.398441041177
0.05396000  4263.768112988235
0.05398000  4263.137784935294
0.05400000  4262.507456882353
0.05402000  4261.877128829412
0.05404000  4261.24680077647
0.05406000  4260.616472723529
0.05408000  4259.986144670588
0.05410000  4259.355816617647
0.05412000  4258.725488564705
0.05414000  4258.095160511764
0.05416000  4257.464832458823
0.05418000  4256.834504405882
0.05420000  4256.204176352941
0.05422000  4255.5738483
0.05424000  4254.943520247059
0.05426000  4254.313192194118
0.05428000  4253.682864141177
0.05430000  4253.052536088235
0.05432000  4252.422208035294
0.05434000  4251.791879982353
0.05436000  4251.161551929412
0.05438000  4250.531223876471
0.05440000  4249.900895823529
0.05442000  4249.270567770588
0.05444000  4248.640239717647
0.05446000  4248.009911664706
0.05448000  4247.379583611764
0.05450000  4246.749255558823
0.05452000  4246.118927505882
0.05454000  4245.488599452941
0.05456000  4244.8582713999995
0.05458000  4244.2279433470585
0.05460000  4243.5976152941175
0.05462000  4242.967287241177
0.05464000  4242.336959188235
0.05466000  4241.706631135294
0.05468000  4241.076303082353
0.05470000  4240.445975029412
0.05472000  4239.815646976471
0.05474000  4239.185318923529
0.05476000  4238.554990870588
0.05478000  4237.924662817647
0.05480000  4237.294334764706
0.05482000  4236.664006711764
0.05484000  4236.033678658823
0.05486000  4235.403350605882
0.05488000  4234.773022552941
0.05490000  4234.1426945
0.05492000  4233.512366447058
0.05494000  4232.882038394117
0.05496000  4232.2517103411765
0.05498000  4231.6213822882355
0.05500000  4230.991054235294
0.05502000  4230.360726182353
0.05504000  4229.730398129412
0.05506000  4229.100070076471
0.05508000  4228.469742023529
0.05510000  4227.839413970588
0.05512000  4227.209085917647
0.05514000  4226.578757864706
0.05516000  4225.948429811765
0.05518000  4225.318101758823
0.05520000  4224.687773705882
0.05522000  4224.057445652941
0.05524000  4223.4271176
0.05526000  4222.796789547058
0.05528000  4222.166461494117
0.05530000  4221.536133441176
0.05532000  4220.905805388235
0.05534000  4220.2754773352935
0.05536000  4219.645149282353
0.05538000  4219.014821229412
0.05540000  4218.384493176471
0.05542000  4217.75416512353
0.05544000  4217.123837070588
0.05546000  4216.493509017647
0.05548000  4215.863180964706
0.05550000  4215.232852911765
0.05552000  4214.602524858823
0.05554000  4213.972196805882
0.05556000  4213.341868752941
0.05558000  4212.7115407
0.05560000  4212.081212647059
0.05562000  4211.450884594117
0.05564000  4210.820556541176
0.05566000  4210.190228488235
0.05568000  4209.559900435294
0.05570000  4208.9295723823525
0.05572000  4208.2992443294115
0.05574000  4207.668916276471
0.05576000  4207.03858822353
0.05578000  4206.408260170588
0.05580000  4205.777932117647
0.05582000  4205.147604064706
0.05584000  4204.517276011765
0.05586000  4203.886947958823
0.05588000  4203.256619905882
0.05590000  4202.626291852941
0.05592000  4201.9959638
0.05594000  4201.365635747059
0.05596000  4200.735307694117
0.05598000  4200.104979641176
0.05600000  4199.474651588235
0.05602000  4198.844323535294
0.05604000  4198.213995482352
0.05606000  4197.583667429411
0.05608000  4196.9533393764705
0.05610000  4196.3230113235295
0.05612000  4195.6926832705885
0.05614000  4195.062355217647
0.05616000  4194.432027164706
0.05618000  4193.801699111765
0.05620000  4193.171371058824
0.05622000  4192.541043005882
0.05624000  4191.910714952941
0.05626000  4191.2803869
0.05628000  4190.650058847059
0.05630000  4190.019730794118
0.05632000  4189.389402741176
0.05634000  4188.759074688235
0.05636000  4188.128746635294
0.05638000  4187.498418582353
0.05640000  4186.868090529411
0.05642000  4186.23776247647
0.05644000  4185.607434423529
0.05646000  4184.977106370588
0.05648000  4184.346778317647
0.05650000  4183.716450264706
0.05652000  4183.086122211765
0.05654000  4182.455794158824
0.05656000  4181.825466105882
0.05658000  4181.195138052941
0.05660000  4180.56481
0.05662000  4179.934481947059
0.05664000  4179.304153894118
0.05666000  4178.673825841176
0.05668000  4178.043497788235
0.05670000  4177.413169735294
0.05672000  4176.782841682353
0.05674000  4176.152513629411
0.05676000  4175.52218557647
0.05678000  4174.891857523529
0.05680000  4174.261529470588
0.05682000  4173.631201417647
0.05684000  4173.0008733647055
0.05686000  4172.3705453117645
0.05688000  4171.740217258824
0.05690000  4171.109889205883
0.05692000  4170.479561152941
0.05694000  4169.8492331
0.05696000  4169.218905047059
0.05698000  4168.588576994118
0.05700000  4167.958248941176
0.05702000  4167.327920888235
0.05704000  4166.697592835294
0.05706000  4166.067264782353
0.05708000  4165.436936729411
0.05710000  4164.80660867647
0.05712000  4164.176280623529
0.05714000  4163.545952570588
0.05716000  4162.915624517647
0.05718000  4162.285296464705
0.05720000  4161.6549684117645
0.05722000  4161.0246403588235
0.05724000  4160.3943123058825
0.05726000  4159.763984252941
0.05728000  4159.1336562
0.05730000  4158.503328147059
0.05732000  4157.873000094118
0.05734000  4157.242672041177
0.05736000  4156.612343988235
0.05738000  4155.982015935294
0.05740000  4155.351687882353
0.05742000  4154.721359829412
0.05744000  4154.09103177647
0.05746000  4153.460703723529
0.05748000  4152.830375670588
0.05750000  4152.200047617647
0.05752000  4151.569719564706
0.05754000  4150.939391511764
0.05756000  4150.309063458823
0.05758000  4149.678735405882
0.05760000  4149.0484073529415
0.05762000  4148.4180793
0.05764000  4147.787751247059
0.05766000  4147.157423194118
0.05768000  4146.527095141177
0.05770000  4145.896767088235
0.05772000  4145.266439035294
0.05774000  4144.636110982353
0.05776000  4144.005782929412
0.05778000  4143.37545487647
0.05780000  4142.745126823529
0.05782000  4142.114798770588
0.05784000  4141.484470717647
0.05786000  4140.854142664706
0.05788000  4140.223814611764
0.05790000  4139.593486558823
0.05792000  4138.963158505882
0.05794000  4138.332830452941
0.05796000  4137.7025023999995
0.05798000  4137.0721743470585
0.05800000  4136.441846294118
0.05802000  4135.811518241177
0.05804000  4135.181190188236
0.05806000  4134.550862135294
0.05808000  4133.920534082353
0.05810000  4133.290206029412
0.05812000  4132.659877976471
0.05814000  4132.029549923529
0.05816000  4131.399221870588
0.05818000  4130.768893817647
0.05820000  4130.138565764706
0.05822000  4129.508237711764
0.05824000  4128.877909658823
0.05826000  4128.247581605882
0.05828000  4127.617253552941
0.05830000  4126.9869255
0.05832000  4126.356597447058
0.05834000  4125.7262693941175
0.05836000  4125.0959413411765
0.05838000  4124.4656132882355
0.05840000  4123.835285235294
0.05842000  4123.204957182353
0.05844000  4122.574629129412
0.05846000  4121.944301076471
0.05848000  4121.313973023529
0.05850000  4120.683644970588
0.05852000  4120.053316917647
0.05854000  4119.422988864706
0.05856000  4118.792660811765
0.05858000  4118.162332758823
0.05860000  4117.532004705882
0.05862000  4116.901676652941
0.05864000  4116.2713486
0.05866000  4115.641020547058
0.05868000  4115.010692494117
0.05870000  4114.380364441176
0.05872000  4113.7500363882355
0.05874000  4113.1197083352945
0.05876000  4112.489380282353
0.05878000  4111.859052229412
0.05880000  4111.228724176471
0.05882000  4110.59839612353
0.05884000  4109.968068070588
0.05886000  4109.337740017647
0.05888000  4108.707411964706
0.05890000  4108.077083911765
0.05892000  4107.446755858823
0.05894000  4106.816427805882
0.05896000  4106.186099752941
0.05898000  4105.5557717
0.05900000  4104.925443647058
0.05902000  4104.295115594117
0.05904000  4103.664787541176
0.05906000  4103.034459488235
0.05908000  4102.404131435294
0.05910000  4101.7738033823525
0.05912000  4101.143475329412
0.05914000  4100.513147276471
0.05916000  4099.88281922353
0.05918000  4099.252491170588
0.05920000  4098.622163117647
0.05922000  4097.991835064706
0.05924000  4097.361507011765
0.05926000  4096.731178958824
0.05928000  4096.100850905882
0.05930000  4095.470522852941
0.05932000  4094.8401948
0.05934000  4094.2098667470586
0.05936000  4093.5795386941177
0.05938000  4092.9492106411763
0.05940000  4092.3188825882353
0.05942000  4091.688554535294
0.05944000  4091.058226482353
0.05946000  4090.4278984294115
0.05948000  4089.7975703764705
0.05950000  4089.1672423235295
0.05952000  4088.536914270588
0.05954000  4087.9065862176467
0.05956000  4087.2762581647057
0.05958000  4086.6459301117648
0.05960000  4086.0156020588233
0.05962000  4085.3852740058824
0.05964000  4084.754945952941
0.05966000  4084.1246179
0.05968000  4083.494289847059
0.05970000  4082.8639617941176
0.05972000  4082.233633741176
0.05974000  4081.603305688235
0.05976000  4080.9729776352942
0.05978000  4080.342649582353
0.05980000  4079.712321529412
0.05982000  4079.0819934764704
0.05984000  4078.4516654235294
0.05986000  4077.821337370588
0.05988000  4077.191009317647
0.05990000  4076.5606812647056
0.05992000  4075.9303532117647
0.05994000  4075.3000251588237
0.05996000  4074.6696971058823
0.05998000  4074.039369052941
0.06000000  4073.409041
0.06002000  4068.894362
0.06004000  4064.7311
0.06006000  4060.89807
0.06008000  4057.339198
0.06010000  4053.820483
0.06012000  4049.621941
0.06014000  4043.979717
0.06016000  4036.388761
0.06018000  4026.251904
0.06020000  4012.909634
0.06022000  3994.772046
0.06024000  3967.063327
0.06026000  3923.947717
0.06028000  3858.094605
0.06030000  3759.288814
0.06032000  3613.651641
0.06034000  3404.73876
0.06036000  3118.821472
0.06038000  2763.44291
0.06040000  2383.889552
0.06042000  2014.859983
0.06044000  1653.55673
0.06046000  1276.457432
0.06048000  878.256276
0.06050000  527.216418
0.06052000  307.628558
0.06054000  195.922974
0.06056000  147.794816
0.06058000  136.362162
0.06060000  159.444298
0.06062000  236.890726
0.06064000  415.917708
0.06066000  756.846662
0.06068000  1260.746478
0.06070000  1852.381672
0.06072000  2441.931189
0.06074000  2967.046248
0.06076000  3400.523885
0.06078000  3739.329769
0.06080000  3991.813471
0.06082000  4173.305882
0.06084000  4301.307443
0.06086000  4391.197954
0.06088000  4454.596786
0.06090000  4499.644011
0.06092000  4531.92017
0.06094000  4555.210344
0.06096000  4572.106292
0.06098000  4584.410783
0.06100000  4593.398565
0.06102000  4599.961602
0.06104000  4604.744749
0.06106000  4608.213252
0.06108000  4610.708115
0.06110000  4612.482482
0.06112000  4613.728141
0.06114000  4614.581255
0.06116000  4615.14233
0.06118000  4615.484924
0.06120000  4615.66392
0.06122000  4615.723573
0.06124000  4615.689857
0.06126000  4615.591291
0.06128000  4615.446003
0.06130000  4615.266935
0.06132000  4615.067034
0.06134000  4614.854072
0.06136000  4614.643625
0.06138000  4614.438296
0.06140000  4614.245891
0.06142000  4614.066426
0.06144000  4613.899912
0.06146000  4613.741156
0.06148000  4613.595372
0.06150000  4613.457362
0.06152000  4613.329736
0.06154000  4613.209897
0.06156000  4613.09785
0.06158000  4612.993599
0.06160000  4612.891935
0.06162000  4612.795468
0.06164000  4612.701591
0.06166000  4612.612915
0.06168000  4612.524224
0.06170000  4612.440737
0.06172000  4612.357237
0.06174000  4612.276335
0.06176000  4612.198031
0.06178000  4612.119715
0.06180000  4612.044
0.06182000  4611.968274
0.06184000  4611.895149
0.06186000  4611.822014
0.06188000  4611.751482
0.06190000  4611.680941
0.06192000  4611.610391
0.06194000  4611.542446
0.06196000  4611.477105
0.06198000  4611.411757
0.06200000  4611.346401
0.06202000  4611.281037
0.06204000  4611.21828
0.06206000  4611.155516
0.06208000  4611.095361
0.06210000  4611.035199
0.06212000  4610.977646
0.06214000  4610.917471
0.06216000  4610.859906
0.06218000  4610.804952
0.06220000  4610.749993
0.06222000  4610.695027
0.06224000  4610.640057
0.06226000  4610.587699
0.06228000  4610.537954
0.06230000  4610.485586
0.06232000  4610.435832
0.06234000  4610.386074
0.06236000  4610.33893
0.06238000  4610.291782
0.06240000  4610.24463
0.06242000  4610.197474
0.06244000  4610.152934
0.06246000  4610.10839
0.06248000  4610.066463
0.06250000  4610.021913
0.06252000  4609.979979
0.06254000  4609.940664
0.06256000  4609.898724
0.06258000  4609.859403
0.06260000  4609.822701
0.06262000  4609.783374
0.06264000  4609.746667
0.06266000  4609.709957
0.06268000  4609.673244
0.06270000  4609.639152
0.06272000  4609.605058
0.06274000  4609.570961
0.06276000  4609.536863
0.06278000  4609.505385
0.06280000  4609.471282
0.06282000  4609.442425
0.06284000  4609.410942
0.06286000  4609.379457
0.06288000  4609.350594
0.06290000  4609.32173
0.06292000  4609.295489
0.06294000  4609.266622
0.06296000  4609.240378
0.06298000  4609.214133
0.06300000  4609.187886
