0.00000000  4073.375078
0.00002000  4068.860287
0.00004000  4064.696923
0.00006000  4060.863799
0.00008000  4057.30484
0.00010000  4053.786039
0.00012000  4049.582459
0.00014000  4043.945033
0.00016000  4036.353893
0.00018000  4026.216792
0.00020000  4012.869142
0.00022000  3994.731065
0.00024000  3967.02161
0.00026000  3923.894175
0.00028000  3858.011217
0.00030000  3759.107528
0.00032000  3613.215381
0.00034000  3403.700605
0.00036000  3116.562775
0.00038000  2759.067233
0.00040000  2376.423713
0.00042000  2003.404108
0.00044000  1637.629009
0.00046000  1257.273469
0.00048000  858.800266
0.00050000  510.5977
0.00052000  293.922746
0.00054000  183.666753
0.00056000  135.100396
0.00058000  121.065549
0.00060000  136.86881
0.00062000  196.017752
0.00064000  333.134039
0.00066000  596.337087
0.00068000  999.52819
0.00070000  1505.07492
0.00072000  2051.842896
0.00074000  2580.470295
0.00076000  3050.979229
0.00078000  3443.069359
0.00080000  3750.481227
0.00082000  3980.165078
0.00084000  4147.00083
0.00086000  4266.983849
0.00088000  4353.392821
0.00090000  4416.044323
0.00092000  4461.876523
0.00094000  4495.68677
0.00096000  4520.819465
0.00098000  4539.622346
0.00100000  4553.766154
0.00102000  4564.437864
0.00104000  4572.5094
0.00106000  4578.614824
0.00108000  4583.224858
0.00110000  4586.698908
0.00112000  4589.312573
0.00114000  4591.264376
0.00116000  4592.709681
0.00118000  4593.76563
0.00120000  4594.517912
0.00122000  4595.035033
0.00124000  4595.374137
0.00126000  4595.5732
0.00128000  4595.664637
0.00130000  4595.680772
0.00132000  4595.640435
0.00134000  4595.559752
0.00136000  4595.460227
0.00138000  4595.349922
0.00140000  4595.244979
0.00142000  4595.145399
0.00144000  4595.051185
0.00146000  4594.962341
0.00148000  4594.884254
0.00150000  4594.811543
0.00152000  4594.749597
0.00154000  4594.695725
0.00156000  4594.64993
0.00158000  4594.606825
0.00160000  4594.5718
0.00162000  4594.542162
0.00164000  4594.517912
0.00166000  4594.49366
0.00168000  4594.474797
0.00170000  4594.455933
0.00172000  4594.439764
0.00174000  4594.426289
0.00176000  4594.415509
0.00178000  4594.404728
0.00180000  4594.393948
0.00182000  4594.385862
0.00184000  4594.377777
0.00186000  4594.372386
0.00188000  4594.3643
0.00190000  4594.361605
0.00192000  4594.356215
0.00194000  4594.353519
0.00196000  4594.350824
0.00198000  4594.348128
0.00200000  4594.345433
0.00202000  4594.345433
0.00204000  4594.345433
0.00206000  4594.345433
0.00208000  4594.348128
0.00210000  4594.348128
0.00212000  4594.350824
0.00214000  4594.353519
0.00216000  4594.356215
0.00218000  4594.361605
0.00220000  4594.3643
0.00222000  4594.369691
0.00224000  4594.375082
0.00226000  4594.383167
0.00228000  4594.388558
0.00230000  4594.396643
0.00232000  4594.402033
0.00234000  4594.410119
0.00236000  4594.420899
0.00238000  4594.428984
0.00240000  4594.437069
0.00242000  4594.447848
0.00244000  4594.458628
0.00246000  4594.469407
0.00248000  4594.480186
0.00250000  4594.49366
0.00252000  4594.504439
0.00254000  4594.517912
0.00256000  4594.531384
0.00258000  4594.544857
0.00260000  4594.558329
0.00262000  4594.5718
0.00264000  4594.587966
0.00266000  4594.601437
0.00268000  4594.617602
0.00270000  4594.633766
0.00272000  4594.64993
0.00274000  4594.666093
0.00276000  4594.682256
0.00278000  4594.701112
0.00280000  4594.717274
0.00282000  4594.736129
0.00284000  4594.75229
0.00286000  4594.771144
0.00288000  4594.789998
0.00290000  4594.80885
0.00292000  4594.830395
0.00294000  4594.849246
0.00296000  4594.868097
0.00298000  4594.88964
0.00300000  4594.908489
0.00302000  4594.294920281177
0.00304000  4593.6813515623535
0.00306000  4593.06778284353
0.00308000  4592.454214124707
0.00310000  4591.840645405883
0.00312000  4591.227076687059
0.00314000  4590.613507968235
0.00316000  4589.999939249412
0.00318000  4589.3863705305885
0.00320000  4588.772801811765
0.00322000  4588.159233092942
0.00324000  4587.545664374118
0.00326000  4586.932095655295
0.00328000  4586.318526936471
0.00330000  4585.704958217648
0.00332000  4585.091389498823
0.00334000  4584.47782078
0.00336000  4583.864252061177
0.00338000  4583.250683342353
0.00340000  4582.63711462353
0.00342000  4582.023545904706
0.00344000  4581.409977185883
0.00346000  4580.796408467059
0.00348000  4580.182839748236
0.00350000  4579.569271029412
0.00352000  4578.955702310589
0.00354000  4578.342133591765
0.00356000  4577.728564872941
0.00358000  4577.114996154118
0.00360000  4576.501427435294
0.00362000  4575.887858716471
0.00364000  4575.274289997647
0.00366000  4574.660721278824
0.00368000  4574.0471525600005
0.00370000  4573.433583841177
0.00372000  4572.820015122354
0.00374000  4572.20644640353
0.00376000  4571.592877684706
0.00378000  4570.979308965882
0.00380000  4570.365740247059
0.00382000  4569.7521715282355
0.00384000  4569.138602809412
0.00386000  4568.525034090589
0.00388000  4567.911465371765
0.00390000  4567.297896652942
0.00392000  4566.684327934118
0.00394000  4566.070759215295
0.00396000  4565.4571904964705
0.00398000  4564.843621777647
0.00400000  4564.230053058824
0.00402000  4563.61648434
0.00404000  4563.002915621177
0.00406000  4562.389346902353
0.00408000  4561.77577818353
0.00410000  4561.162209464706
0.00412000  4560.548640745883
0.00414000  4559.9350720270595
0.00416000  4559.321503308236
0.00418000  4558.707934589412
0.00420000  4558.094365870588
0.00422000  4557.480797151765
0.00424000  4556.867228432941
0.00426000  4556.253659714118
0.00428000  4555.6400909952945
0.00430000  4555.026522276471
0.00432000  4554.412953557648
0.00434000  4553.799384838824
0.00436000  4553.185816120001
0.00438000  4552.572247401177
0.00440000  4551.958678682353
0.00442000  4551.3451099635295
0.00444000  4550.731541244706
0.00446000  4550.117972525883
0.00448000  4549.504403807059
0.00450000  4548.890835088236
0.00452000  4548.277266369412
0.00454000  4547.663697650589
0.00456000  4547.050128931765
0.00458000  4546.436560212942
0.00460000  4545.822991494118
0.00462000  4545.209422775294
0.00464000  4544.595854056471
0.00466000  4543.982285337647
0.00468000  4543.368716618824
0.00470000  4542.7551479
0.00472000  4542.141579181177
0.00474000  4541.528010462353
0.00476000  4540.91444174353
0.00478000  4540.300873024707
0.00480000  4539.687304305883
0.00482000  4539.073735587059
0.00484000  4538.460166868235
0.00486000  4537.846598149412
0.00488000  4537.233029430588
0.00490000  4536.619460711765
0.00492000  4536.0058919929415
0.00494000  4535.392323274118
0.00496000  4534.778754555295
0.00498000  4534.165185836471
0.00500000  4533.551617117648
0.00502000  4532.938048398823
0.00504000  4532.32447968
0.00506000  4531.7109109611765
0.00508000  4531.097342242353
0.00510000  4530.48377352353
0.00512000  4529.870204804706
0.00514000  4529.256636085883
0.00516000  4528.643067367059
0.00518000  4528.029498648236
0.00520000  4527.415929929412
0.00522000  4526.802361210589
0.00524000  4526.188792491765
0.00526000  4525.575223772941
0.00528000  4524.961655054118
0.00530000  4524.348086335294
0.00532000  4523.734517616471
0.00534000  4523.120948897647
0.00536000  4522.507380178824
0.00538000  4521.8938114600005
0.00540000  4521.280242741177
0.00542000  4520.666674022354
0.00544000  4520.05310530353
0.00546000  4519.439536584706
0.00548000  4518.825967865882
0.00550000  4518.212399147059
0.00552000  4517.5988304282355
0.00554000  4516.985261709412
0.00556000  4516.371692990589
0.00558000  4515.758124271765
0.00560000  4515.144555552942
0.00562000  4514.530986834118
0.00564000  4513.917418115295
0.00566000  4513.3038493964705
0.00568000  4512.690280677647
0.00570000  4512.076711958824
0.00572000  4511.46314324
0.00574000  4510.849574521177
0.00576000  4510.236005802353
0.00578000  4509.62243708353
0.00580000  4509.008868364706
0.00582000  4508.395299645883
0.00584000  4507.7817309270595
0.00586000  4507.168162208236
0.00588000  4506.554593489412
0.00590000  4505.941024770588
0.00592000  4505.327456051765
0.00594000  4504.713887332941
0.00596000  4504.100318614118
0.00598000  4503.486749895294
0.00600000  4502.873181176471
0.00602000  4502.259612457648
0.00604000  4501.646043738824
0.00606000  4501.032475020001
0.00608000  4500.418906301176
0.00610000  4499.805337582353
0.00612000  4499.191768863529
0.00614000  4498.578200144706
0.00616000  4497.9646314258825
0.00618000  4497.351062707059
0.00620000  4496.737493988236
0.00622000  4496.123925269412
0.00624000  4495.510356550589
0.00626000  4494.896787831765
0.00628000  4494.283219112942
0.00630000  4493.6696503941175
0.00632000  4493.056081675294
0.00634000  4492.442512956471
0.00636000  4491.828944237647
0.00638000  4491.215375518824
0.00640000  4490.6018068
0.00642000  4489.988238081177
0.00644000  4489.374669362353
0.00646000  4488.76110064353
0.00648000  4488.1475319247065
0.00650000  4487.533963205883
0.00652000  4486.920394487059
0.00654000  4486.306825768235
0.00656000  4485.693257049412
0.00658000  4485.079688330588
0.00660000  4484.466119611765
0.00662000  4483.8525508929415
0.00664000  4483.238982174118
0.00666000  4482.625413455295
0.00668000  4482.011844736471
0.00670000  4481.398276017648
0.00672000  4480.784707298824
0.00674000  4480.17113858
0.00676000  4479.5575698611765
0.00678000  4478.944001142353
0.00680000  4478.33043242353
0.00682000  4477.716863704706
0.00684000  4477.103294985883
0.00686000  4476.489726267059
0.00688000  4475.876157548236
0.00690000  4475.262588829412
0.00692000  4474.649020110589
0.00694000  4474.035451391765
0.00696000  4473.421882672941
0.00698000  4472.808313954118
0.00700000  4472.194745235294
0.00702000  4471.581176516471
0.00704000  4470.967607797647
0.00706000  4470.354039078824
0.00708000  4469.7404703600005
0.00710000  4469.126901641177
0.00712000  4468.513332922354
0.00714000  4467.89976420353
0.00716000  4467.286195484706
0.00718000  4466.672626765882
0.00720000  4466.059058047059
0.00722000  4465.445489328235
0.00724000  4464.831920609412
0.00726000  4464.218351890589
0.00728000  4463.604783171765
0.00730000  4462.991214452942
0.00732000  4462.377645734118
0.00734000  4461.764077015295
0.00736000  4461.15050829647
0.00738000  4460.536939577647
0.00740000  4459.923370858824
0.00742000  4459.30980214
0.00744000  4458.696233421177
0.00746000  4458.082664702353
0.00748000  4457.46909598353
0.00750000  4456.855527264706
0.00752000  4456.241958545883
0.00754000  4455.628389827059
0.00756000  4455.014821108236
0.00758000  4454.401252389412
0.00760000  4453.787683670588
0.00762000  4453.174114951765
0.00764000  4452.560546232941
0.00766000  4451.946977514118
0.00768000  4451.333408795294
0.00770000  4450.719840076471
0.00772000  4450.1062713576475
0.00774000  4449.492702638824
0.00776000  4448.879133920001
0.00778000  4448.265565201176
0.00780000  4447.651996482353
0.00782000  4447.038427763529
0.00784000  4446.424859044706
0.00786000  4445.8112903258825
0.00788000  4445.197721607059
0.00790000  4444.584152888236
0.00792000  4443.970584169412
0.00794000  4443.357015450589
0.00796000  4442.743446731765
0.00798000  4442.129878012942
0.00800000  4441.5163092941175
0.00802000  4440.902740575294
0.00804000  4440.289171856471
0.00806000  4439.675603137647
0.00808000  4439.062034418824
0.00810000  4438.4484657
0.00812000  4437.834896981177
0.00814000  4437.221328262353
0.00816000  4436.60775954353
0.00818000  4435.9941908247065
0.00820000  4435.380622105883
0.00822000  4434.767053387059
0.00824000  4434.153484668235
0.00826000  4433.539915949412
0.00828000  4432.926347230588
0.00830000  4432.312778511765
0.00832000  4431.6992097929415
0.00834000  4431.085641074118
0.00836000  4430.472072355295
0.00838000  4429.858503636471
0.00840000  4429.244934917648
0.00842000  4428.631366198824
0.00844000  4428.01779748
0.00846000  4427.4042287611765
0.00848000  4426.790660042353
0.00850000  4426.17709132353
0.00852000  4425.563522604706
0.00854000  4424.949953885883
0.00856000  4424.336385167059
0.00858000  4423.722816448236
0.00860000  4423.109247729412
0.00862000  4422.495679010589
0.00864000  4421.882110291765
0.00866000  4421.268541572941
0.00868000  4420.654972854118
0.00870000  4420.041404135294
0.00872000  4419.427835416471
0.00874000  4418.814266697647
0.00876000  4418.200697978824
0.00878000  4417.58712926
0.00880000  4416.973560541177
0.00882000  4416.359991822354
0.00884000  4415.74642310353
0.00886000  4415.132854384706
0.00888000  4414.519285665882
0.00890000  4413.905716947059
0.00892000  4413.292148228235
0.00894000  4412.678579509412
0.00896000  4412.0650107905885
0.00898000  4411.451442071765
0.00900000  4410.837873352942
0.00902000  4410.224304634118
0.00904000  4409.610735915295
0.00906000  4408.99716719647
0.00908000  4408.383598477647
0.00910000  4407.7700297588235
0.00912000  4407.15646104
0.00914000  4406.542892321177
0.00916000  4405.929323602353
0.00918000  4405.31575488353
0.00920000  4404.702186164706
0.00922000  4404.088617445883
0.00924000  4403.475048727059
0.00926000  4402.861480008236
0.00928000  4402.247911289412
0.00930000  4401.634342570588
0.00932000  4401.020773851765
0.00934000  4400.407205132941
0.00936000  4399.793636414118
0.00938000  4399.180067695294
0.00940000  4398.566498976471
0.00942000  4397.9529302576475
0.00944000  4397.339361538824
0.00946000  4396.725792820001
0.00948000  4396.112224101176
0.00950000  4395.498655382353
0.00952000  4394.885086663529
0.00954000  4394.271517944706
0.00956000  4393.6579492258825
0.00958000  4393.044380507059
0.00960000  4392.430811788236
0.00962000  4391.817243069412
0.00964000  4391.203674350589
0.00966000  4390.590105631765
0.00968000  4389.976536912942
0.00970000  4389.3629681941175
0.00972000  4388.749399475294
0.00974000  4388.135830756471
0.00976000  4387.522262037647
0.00978000  4386.908693318824
0.00980000  4386.2951246
0.00982000  4385.681555881177
0.00984000  4385.067987162353
0.00986000  4384.45441844353
0.00988000  4383.8408497247065
0.00990000  4383.227281005883
0.00992000  4382.613712287059
0.00994000  4382.000143568235
0.00996000  4381.386574849412
0.00998000  4380.773006130588
0.01000000  4380.159437411765
0.01002000  4379.545868692941
0.01004000  4378.932299974118
0.01006000  4378.318731255295
0.01008000  4377.705162536471
0.01010000  4377.091593817648
0.01012000  4376.478025098824
0.01014000  4375.86445638
0.01016000  4375.250887661176
0.01018000  4374.637318942353
0.01020000  4374.0237502235295
0.01022000  4373.410181504706
0.01024000  4372.796612785883
0.01026000  4372.183044067059
0.01028000  4371.569475348236
0.01030000  4370.955906629412
0.01032000  4370.342337910589
0.01034000  4369.7287691917645
0.01036000  4369.115200472941
0.01038000  4368.501631754118
0.01040000  4367.888063035294
0.01042000  4367.274494316471
0.01044000  4366.660925597647
0.01046000  4366.047356878824
0.01048000  4365.43378816
0.01050000  4364.820219441177
0.01052000  4364.2066507223535
0.01054000  4363.59308200353
0.01056000  4362.979513284706
0.01058000  4362.365944565882
0.01060000  4361.752375847059
0.01062000  4361.138807128235
0.01064000  4360.525238409412
0.01066000  4359.9116696905885
0.01068000  4359.298100971765
0.01070000  4358.684532252942
0.01072000  4358.070963534118
0.01074000  4357.457394815295
0.01076000  4356.84382609647
0.01078000  4356.230257377647
0.01080000  4355.6166886588235
0.01082000  4355.00311994
0.01084000  4354.389551221177
0.01086000  4353.775982502353
0.01088000  4353.16241378353
0.01090000  4352.548845064706
0.01092000  4351.935276345883
0.01094000  4351.321707627059
0.01096000  4350.708138908236
0.01098000  4350.094570189412
0.01100000  4349.481001470588
0.01102000  4348.867432751765
0.01104000  4348.253864032941
0.01106000  4347.640295314118
0.01108000  4347.026726595294
0.01110000  4346.413157876471
0.01112000  4345.7995891576475
0.01114000  4345.186020438824
0.01116000  4344.572451720001
0.01118000  4343.958883001176
0.01120000  4343.345314282353
0.01122000  4342.731745563529
0.01124000  4342.118176844706
0.01126000  4341.504608125882
0.01128000  4340.891039407059
0.01130000  4340.277470688236
0.01132000  4339.663901969412
0.01134000  4339.050333250589
0.01136000  4338.436764531765
0.01138000  4337.823195812942
0.01140000  4337.209627094118
0.01142000  4336.596058375294
0.01144000  4335.9824896564705
0.01146000  4335.368920937647
0.01148000  4334.755352218824
0.01150000  4334.1417835
0.01152000  4333.528214781177
0.01154000  4332.914646062353
0.01156000  4332.30107734353
0.01158000  4331.687508624706
0.01160000  4331.073939905882
0.01162000  4330.460371187059
0.01164000  4329.846802468235
0.01166000  4329.233233749412
0.01168000  4328.619665030588
0.01170000  4328.006096311765
0.01172000  4327.392527592941
0.01174000  4326.778958874118
0.01176000  4326.1653901552945
0.01178000  4325.551821436471
0.01180000  4324.938252717648
0.01182000  4324.324683998824
0.01184000  4323.71111528
0.01186000  4323.097546561176
0.01188000  4322.483977842353
0.01190000  4321.8704091235295
0.01192000  4321.256840404706
0.01194000  4320.643271685883
0.01196000  4320.029702967059
0.01198000  4319.416134248236
0.01200000  4318.802565529412
0.01202000  4318.188996810589
0.01204000  4317.5754280917645
0.01206000  4316.961859372941
0.01208000  4316.348290654118
0.01210000  4315.734721935294
0.01212000  4315.121153216471
0.01214000  4314.507584497647
0.01216000  4313.894015778824
0.01218000  4313.28044706
0.01220000  4312.666878341177
0.01222000  4312.0533096223535
0.01224000  4311.43974090353
0.01226000  4310.826172184706
0.01228000  4310.212603465882
0.01230000  4309.599034747059
0.01232000  4308.985466028235
0.01234000  4308.371897309412
0.01236000  4307.7583285905885
0.01238000  4307.144759871765
0.01240000  4306.531191152942
0.01242000  4305.917622434118
0.01244000  4305.304053715295
0.01246000  4304.69048499647
0.01248000  4304.076916277647
0.01250000  4303.463347558823
0.01252000  4302.84977884
0.01254000  4302.236210121177
0.01256000  4301.622641402353
0.01258000  4301.00907268353
0.01260000  4300.395503964706
0.01262000  4299.781935245883
0.01264000  4299.168366527059
0.01266000  4298.554797808236
0.01268000  4297.9412290894115
0.01270000  4297.327660370588
0.01272000  4296.714091651765
0.01274000  4296.100522932941
0.01276000  4295.486954214118
0.01278000  4294.873385495294
0.01280000  4294.259816776471
0.01282000  4293.646248057647
0.01284000  4293.032679338824
0.01286000  4292.4191106200005
0.01288000  4291.805541901176
0.01290000  4291.191973182353
0.01292000  4290.578404463529
0.01294000  4289.964835744706
0.01296000  4289.351267025882
0.01298000  4288.737698307059
0.01300000  4288.1241295882355
0.01302000  4287.510560869412
0.01304000  4286.896992150589
0.01306000  4286.283423431765
0.01308000  4285.669854712942
0.01310000  4285.056285994118
0.01312000  4284.442717275294
0.01314000  4283.8291485564705
0.01316000  4283.215579837647
0.01318000  4282.602011118824
0.01320000  4281.9884424
0.01322000  4281.374873681177
0.01324000  4280.761304962353
0.01326000  4280.14773624353
0.01328000  4279.534167524706
0.01330000  4278.920598805882
0.01332000  4278.307030087059
0.01334000  4277.693461368235
0.01336000  4277.079892649412
0.01338000  4276.466323930588
0.01340000  4275.852755211765
0.01342000  4275.239186492941
0.01344000  4274.625617774118
0.01346000  4274.0120490552945
0.01348000  4273.398480336471
0.01350000  4272.784911617648
0.01352000  4272.171342898824
0.01354000  4271.55777418
0.01356000  4270.944205461176
0.01358000  4270.330636742353
0.01360000  4269.7170680235295
0.01362000  4269.103499304706
0.01364000  4268.489930585883
0.01366000  4267.876361867059
0.01368000  4267.262793148236
0.01370000  4266.649224429412
0.01372000  4266.035655710589
0.01374000  4265.422086991764
0.01376000  4264.808518272941
0.01378000  4264.194949554118
0.01380000  4263.581380835294
0.01382000  4262.967812116471
0.01384000  4262.354243397647
0.01386000  4261.740674678824
0.01388000  4261.12710596
0.01390000  4260.513537241177
0.01392000  4259.899968522353
0.01394000  4259.28639980353
0.01396000  4258.672831084706
0.01398000  4258.059262365882
0.01400000  4257.445693647059
0.01402000  4256.832124928235
0.01404000  4256.218556209412
0.01406000  4255.604987490588
0.01408000  4254.991418771765
0.01410000  4254.3778500529415
0.01412000  4253.764281334118
0.01414000  4253.150712615295
0.01416000  4252.53714389647
0.01418000  4251.923575177647
0.01420000  4251.310006458823
0.01422000  4250.69643774
0.01424000  4250.0828690211765
0.01426000  4249.469300302353
0.01428000  4248.85573158353
0.01430000  4248.242162864706
0.01432000  4247.628594145883
0.01434000  4247.015025427059
0.01436000  4246.401456708236
0.01438000  4245.7878879894115
0.01440000  4245.174319270588
0.01442000  4244.560750551765
0.01444000  4243.947181832941
0.01446000  4243.333613114118
0.01448000  4242.720044395294
0.01450000  4242.106475676471
0.01452000  4241.492906957647
0.01454000  4240.879338238824
0.01456000  4240.2657695200005
0.01458000  4239.652200801176
0.01460000  4239.038632082353
0.01462000  4238.425063363529
0.01464000  4237.811494644706
0.01466000  4237.197925925882
0.01468000  4236.584357207059
0.01470000  4235.9707884882355
0.01472000  4235.357219769412
0.01474000  4234.743651050589
0.01476000  4234.130082331765
0.01478000  4233.516513612942
0.01480000  4232.902944894118
0.01482000  4232.289376175294
0.01484000  4231.6758074564705
0.01486000  4231.062238737647
0.01488000  4230.448670018824
0.01490000  4229.8351013
0.01492000  4229.221532581177
0.01494000  4228.607963862353
0.01496000  4227.99439514353
0.01498000  4227.380826424706
0.01500000  4226.767257705882
0.01502000  4226.153688987059
0.01504000  4225.540120268235
0.01506000  4224.926551549412
0.01508000  4224.312982830588
0.01510000  4223.699414111765
0.01512000  4223.085845392941
0.01514000  4222.472276674118
0.01516000  4221.858707955294
0.01518000  4221.245139236471
0.01520000  4220.631570517648
0.01522000  4220.018001798824
0.01524000  4219.40443308
0.01526000  4218.790864361176
0.01528000  4218.177295642353
0.01530000  4217.563726923529
0.01532000  4216.950158204706
0.01534000  4216.3365894858825
0.01536000  4215.723020767059
0.01538000  4215.109452048236
0.01540000  4214.495883329412
0.01542000  4213.882314610589
0.01544000  4213.268745891764
0.01546000  4212.655177172941
0.01548000  4212.0416084541175
0.01550000  4211.428039735294
0.01552000  4210.814471016471
0.01554000  4210.200902297647
0.01556000  4209.587333578824
0.01558000  4208.97376486
0.01560000  4208.360196141177
0.01562000  4207.746627422353
0.01564000  4207.13305870353
0.01566000  4206.519489984706
0.01568000  4205.905921265882
0.01570000  4205.292352547059
0.01572000  4204.678783828235
0.01574000  4204.065215109412
0.01576000  4203.451646390588
0.01578000  4202.838077671765
0.01580000  4202.2245089529415
0.01582000  4201.610940234118
0.01584000  4200.997371515295
0.01586000  4200.38380279647
0.01588000  4199.770234077647
0.01590000  4199.156665358823
0.01592000  4198.54309664
0.01594000  4197.9295279211765
0.01596000  4197.315959202353
0.01598000  4196.70239048353
0.01600000  4196.088821764706
0.01602000  4195.475253045883
0.01604000  4194.861684327059
0.01606000  4194.248115608236
0.01608000  4193.6345468894115
0.01610000  4193.020978170588
0.01612000  4192.407409451765
0.01614000  4191.793840732941
0.01616000  4191.180272014118
0.01618000  4190.566703295294
0.01620000  4189.953134576471
0.01622000  4189.339565857647
0.01624000  4188.725997138824
0.01626000  4188.1124284200005
0.01628000  4187.498859701176
0.01630000  4186.885290982353
0.01632000  4186.271722263529
0.01634000  4185.658153544706
0.01636000  4185.044584825882
0.01638000  4184.431016107059
0.01640000  4183.817447388235
0.01642000  4183.203878669412
0.01644000  4182.590309950589
0.01646000  4181.976741231765
0.01648000  4181.363172512942
0.01650000  4180.749603794118
0.01652000  4180.136035075294
0.01654000  4179.52246635647
0.01656000  4178.908897637647
0.01658000  4178.2953289188235
0.01660000  4177.6817602
0.01662000  4177.068191481177
0.01664000  4176.454622762353
0.01666000  4175.84105404353
0.01668000  4175.227485324706
0.01670000  4174.613916605882
0.01672000  4174.0003478870585
0.01674000  4173.386779168235
0.01676000  4172.773210449412
0.01678000  4172.159641730588
0.01680000  4171.546073011765
0.01682000  4170.932504292941
0.01684000  4170.318935574118
0.01686000  4169.705366855294
0.01688000  4169.091798136471
0.01690000  4168.4782294176475
0.01692000  4167.864660698824
0.01694000  4167.25109198
0.01696000  4166.637523261176
0.01698000  4166.023954542353
0.01700000  4165.410385823529
0.01702000  4164.796817104706
0.01704000  4164.1832483858825
0.01706000  4163.569679667059
0.01708000  4162.956110948236
0.01710000  4162.342542229412
0.01712000  4161.728973510589
0.01714000  4161.115404791764
0.01716000  4160.501836072941
0.01718000  4159.8882673541175
0.01720000  4159.274698635294
0.01722000  4158.661129916471
0.01724000  4158.047561197647
0.01726000  4157.433992478824
0.01728000  4156.82042376
0.01730000  4156.206855041177
0.01732000  4155.593286322353
0.01734000  4154.97971760353
0.01736000  4154.366148884706
0.01738000  4153.752580165882
0.01740000  4153.139011447059
0.01742000  4152.525442728235
0.01744000  4151.911874009412
0.01746000  4151.298305290588
0.01748000  4150.684736571765
0.01750000  4150.0711678529415
0.01752000  4149.457599134118
0.01754000  4148.844030415295
0.01756000  4148.23046169647
0.01758000  4147.616892977647
0.01760000  4147.003324258823
0.01762000  4146.38975554
0.01764000  4145.776186821176
0.01766000  4145.162618102353
0.01768000  4144.54904938353
0.01770000  4143.935480664706
0.01772000  4143.321911945883
0.01774000  4142.708343227059
0.01776000  4142.094774508236
0.01778000  4141.481205789411
0.01780000  4140.867637070588
0.01782000  4140.2540683517645
0.01784000  4139.640499632941
0.01786000  4139.026930914118
0.01788000  4138.413362195294
0.01790000  4137.799793476471
0.01792000  4137.186224757647
0.01794000  4136.572656038824
0.01796000  4135.95908732
0.01798000  4135.345518601176
0.01800000  4134.731949882353
0.01802000  4134.118381163529
0.01804000  4133.504812444706
0.01806000  4132.891243725882
0.01808000  4132.277675007059
0.01810000  4131.664106288235
0.01812000  4131.050537569412
0.01814000  4130.4369688505885
0.01816000  4129.823400131765
0.01818000  4129.209831412942
0.01820000  4128.596262694118
0.01822000  4127.982693975294
0.01824000  4127.36912525647
0.01826000  4126.755556537647
0.01828000  4126.1419878188235
0.01830000  4125.5284191
0.01832000  4124.914850381177
0.01834000  4124.301281662353
0.01836000  4123.68771294353
0.01838000  4123.074144224706
0.01840000  4122.460575505882
0.01842000  4121.8470067870585
0.01844000  4121.233438068235
0.01846000  4120.619869349412
0.01848000  4120.006300630588
0.01850000  4119.392731911765
0.01852000  4118.779163192941
0.01854000  4118.165594474118
0.01856000  4117.552025755294
0.01858000  4116.938457036471
0.01860000  4116.3248883176475
0.01862000  4115.711319598824
0.01864000  4115.09775088
0.01866000  4114.484182161176
0.01868000  4113.870613442353
0.01870000  4113.257044723529
0.01872000  4112.643476004706
0.01874000  4112.0299072858825
0.01876000  4111.416338567059
0.01878000  4110.802769848236
0.01880000  4110.189201129412
0.01882000  4109.575632410589
0.01884000  4108.962063691764
0.01886000  4108.348494972941
0.01888000  4107.734926254117
0.01890000  4107.121357535294
0.01892000  4106.507788816471
0.01894000  4105.894220097647
0.01896000  4105.280651378824
0.01898000  4104.66708266
0.01900000  4104.053513941177
0.01902000  4103.439945222353
0.01904000  4102.82637650353
0.01906000  4102.212807784706
0.01908000  4101.599239065882
0.01910000  4100.985670347059
0.01912000  4100.372101628235
0.01914000  4099.758532909412
0.01916000  4099.144964190588
0.01918000  4098.531395471765
0.01920000  4097.917826752941
0.01922000  4097.304258034118
0.01924000  4096.690689315295
0.01926000  4096.07712059647
0.01928000  4095.463551877647
0.01930000  4094.8499831588238
0.01932000  4094.23641444
0.01934000  4093.6228457211764
0.01936000  4093.009277002353
0.01938000  4092.3957082835295
0.01940000  4091.782139564706
0.01942000  4091.1685708458826
0.01944000  4090.5550021270587
0.01946000  4089.9414334082353
0.01948000  4089.327864689412
0.01950000  4088.7142959705884
0.01952000  4088.1007272517645
0.01954000  4087.487158532941
0.01956000  4086.8735898141176
0.01958000  4086.260021095294
0.01960000  4085.6464523764707
0.01962000  4085.0328836576473
0.01964000  4084.4193149388234
0.01966000  4083.80574622
0.01968000  4083.1921775011765
0.01970000  4082.578608782353
0.01972000  4081.9650400635296
0.01974000  4081.3514713447057
0.01976000  4080.7379026258823
0.01978000  4080.124333907059
0.01980000  4079.5107651882354
0.01982000  4078.897196469412
0.01984000  4078.2836277505885
0.01986000  4077.6700590317646
0.01988000  4077.056490312941
0.01990000  4076.4429215941177
0.01992000  4075.8293528752943
0.01994000  4075.2157841564704
0.01996000  4074.602215437647
0.01998000  4073.9886467188235
0.02000000  4073.375078
0.02002000  4068.860287
0.02004000  4064.696923
0.02006000  4060.863799
0.02008000  4057.30484
0.02010000  4053.786039
0.02012000  4049.582459
0.02014000  4043.945033
0.02016000  4036.353893
0.02018000  4026.216792
0.02020000  4012.869142
0.02022000  3994.731065
0.02024000  3967.02161
0.02026000  3923.894175
0.02028000  3858.011217
0.02030000  3759.107528
0.02032000  3613.215381
0.02034000  3403.700605
0.02036000  3116.562775
0.02038000  2759.067233
0.02040000  2376.423713
0.02042000  2003.404108
0.02044000  1637.629009
0.02046000  1257.273469
0.02048000  858.800266
0.02050000  510.5977
0.02052000  293.922746
0.02054000  183.666753
0.02056000  135.100396
0.02058000  121.065549
0.02060000  136.86881
0.02062000  196.017752
0.02064000  333.134039
0.02066000  596.337087
0.02068000  999.52819
0.02070000  1505.07492
0.02072000  2051.842896
0.02074000  2580.470295
0.02076000  3050.979229
0.02078000  3443.069359
0.02080000  3750.481227
0.02082000  3980.165078
0.02084000  4147.00083
0.02086000  4266.983849
0.02088000  4353.392821
0.02090000  4416.044323
0.02092000  4461.876523
0.02094000  4495.68677
0.02096000  4520.819465
0.02098000  4539.622346
0.02100000  4553.766154
0.02102000  4564.437864
0.02104000  4572.5094
0.02106000  4578.614824
0.02108000  4583.224858
0.02110000  4586.698908
0.02112000  4589.312573
0.02114000  4591.264376
0.02116000  4592.709681
0.02118000  4593.76563
0.02120000  4594.517912
0.02122000  4595.035033
0.02124000  4595.374137
0.02126000  4595.5732
0.02128000  4595.664637
0.02130000  4595.680772
0.02132000  4595.640435
0.02134000  4595.559752
0.02136000  4595.460227
0.02138000  4595.349922
0.02140000  4595.244979
0.02142000  4595.145399
0.02144000  4595.051185
0.02146000  4594.962341
0.02148000  4594.884254
0.02150000  4594.811543
0.02152000  4594.749597
0.02154000  4594.695725
0.02156000  4594.64993
0.02158000  4594.606825
0.02160000  4594.5718
0.02162000  4594.542162
0.02164000  4594.517912
0.02166000  4594.49366
0.02168000  4594.474797
0.02170000  4594.455933
0.02172000  4594.439764
0.02174000  4594.426289
0.02176000  4594.415509
0.02178000  4594.404728
0.02180000  4594.393948
0.02182000  4594.385862
0.02184000  4594.377777
0.02186000  4594.372386
0.02188000  4594.3643
0.02190000  4594.361605
0.02192000  4594.356215
0.02194000  4594.353519
0.02196000  4594.350824
0.02198000  4594.348128
0.02200000  4594.345433
0.02202000  4594.345433
0.02204000  4594.345433
0.02206000  4594.345433
0.02208000  4594.348128
0.02210000  4594.348128
0.02212000  4594.350824
0.02214000  4594.353519
0.02216000  4594.356215
0.02218000  4594.361605
0.02220000  4594.3643
0.02222000  4594.369691
0.02224000  4594.375082
0.02226000  4594.383167
0.02228000  4594.388558
0.02230000  4594.396643
0.02232000  4594.402033
0.02234000  4594.410119
0.02236000  4594.420899
0.02238000  4594.428984
0.02240000  4594.437069
0.02242000  4594.447848
0.02244000  4594.458628
0.02246000  4594.469407
0.02248000  4594.480186
0.02250000  4594.49366
0.02252000  4594.504439
0.02254000  4594.517912
0.02256000  4594.531384
0.02258000  4594.544857
0.02260000  4594.558329
0.02262000  4594.5718
0.02264000  4594.587966
0.02266000  4594.601437
0.02268000  4594.617602
0.02270000  4594.633766
0.02272000  4594.64993
0.02274000  4594.666093
0.02276000  4594.682256
0.02278000  4594.701112
0.02280000  4594.717274
0.02282000  4594.736129
0.02284000  4594.75229
0.02286000  4594.771144
0.02288000  4594.789998
0.02290000  4594.80885
0.02292000  4594.830395
0.02294000  4594.849246
0.02296000  4594.868097
0.02298000  4594.88964
0.02300000  4594.908489
0.02302000  4594.294920281177
0.02304000  4593.6813515623535
0.02306000  4593.06778284353
0.02308000  4592.454214124707
0.02310000  4591.840645405883
0.02312000  4591.227076687059
0.02314000  4590.613507968235
0.02316000  4589.999939249412
0.02318000  4589.3863705305885
0.02320000  4588.772801811765
0.02322000  4588.159233092942
0.02324000  4587.545664374118
0.02326000  4586.932095655295
0.02328000  4586.318526936471
0.02330000  4585.704958217648
0.02332000  4585.091389498823
0.02334000  4584.47782078
0.02336000  4583.864252061177
0.02338000  4583.250683342353
0.02340000  4582.63711462353
0.02342000  4582.023545904706
0.02344000  4581.409977185883
0.02346000  4580.796408467059
0.02348000  4580.182839748236
0.02350000  4579.569271029412
0.02352000  4578.955702310589
0.02354000  4578.342133591765
0.02356000  4577.728564872941
0.02358000  4577.114996154118
0.02360000  4576.501427435294
0.02362000  4575.887858716471
0.02364000  4575.274289997647
0.02366000  4574.660721278824
0.02368000  4574.0471525600005
0.02370000  4573.433583841177
0.02372000  4572.820015122354
0.02374000  4572.20644640353
0.02376000  4571.592877684706
0.02378000  4570.979308965882
0.02380000  4570.365740247059
0.02382000  4569.7521715282355
0.02384000  4569.138602809412
0.02386000  4568.525034090589
0.02388000  4567.911465371765
0.02390000  4567.297896652942
0.02392000  4566.684327934118
0.02394000  4566.070759215295
0.02396000  4565.4571904964705
0.02398000  4564.843621777647
0.02400000  4564.230053058824
0.02402000  4563.61648434
0.02404000  4563.002915621177
0.02406000  4562.389346902353
0.02408000  4561.77577818353
0.02410000  4561.162209464706
0.02412000  4560.548640745883
0.02414000  4559.9350720270595
0.02416000  4559.321503308236
0.02418000  4558.707934589412
0.02420000  4558.094365870588
0.02422000  4557.480797151765
0.02424000  4556.867228432941
0.02426000  4556.253659714118
0.02428000  4555.6400909952945
0.02430000  4555.026522276471
0.02432000  4554.412953557648
0.02434000  4553.799384838824
0.02436000  4553.185816120001
0.02438000  4552.572247401177
0.02440000  4551.958678682353
0.02442000  4551.3451099635295
0.02444000  4550.731541244706
0.02446000  4550.117972525883
0.02448000  4549.504403807059
0.02450000  4548.890835088236
0.02452000  4548.277266369412
0.02454000  4547.663697650589
0.02456000  4547.050128931765
0.02458000  4546.436560212942
0.02460000  4545.822991494118
0.02462000  4545.209422775294
0.02464000  4544.595854056471
0.02466000  4543.982285337647
0.02468000  4543.368716618824
0.02470000  4542.7551479
0.02472000  4542.141579181177
0.02474000  4541.528010462353
0.02476000  4540.91444174353
0.02478000  4540.300873024707
0.02480000  4539.687304305883
0.02482000  4539.073735587059
0.02484000  4538.460166868235
0.02486000  4537.846598149412
0.02488000  4537.233029430588
0.02490000  4536.619460711765
0.02492000  4536.0058919929415
0.02494000  4535.392323274118
0.02496000  4534.778754555295
0.02498000  4534.165185836471
0.02500000  4533.551617117648
0.02502000  4532.938048398823
0.02504000  4532.32447968
0.02506000  4531.7109109611765
0.02508000  4531.097342242353
0.02510000  4530.48377352353
0.02512000  4529.870204804706
0.02514000  4529.256636085883
0.02516000  4528.643067367059
0.02518000  4528.029498648236
0.02520000  4527.415929929412
0.02522000  4526.802361210589
0.02524000  4526.188792491765
0.02526000  4525.575223772941
0.02528000  4524.961655054118
0.02530000  4524.348086335294
0.02532000  4523.734517616471
0.02534000  4523.120948897647
0.02536000  4522.507380178824
0.02538000  4521.8938114600005
0.02540000  4521.280242741177
0.02542000  4520.666674022354
0.02544000  4520.05310530353
0.02546000  4519.439536584706
0.02548000  4518.825967865882
0.02550000  4518.212399147059
0.02552000  4517.5988304282355
0.02554000  4516.985261709412
0.02556000  4516.371692990589
0.02558000  4515.758124271765
0.02560000  4515.144555552942
0.02562000  4514.530986834118
0.02564000  4513.917418115295
0.02566000  4513.3038493964705
0.02568000  4512.690280677647
0.02570000  4512.076711958824
0.02572000  4511.46314324
0.02574000  4510.849574521177
0.02576000  4510.236005802353
0.02578000  4509.62243708353
0.02580000  4509.008868364706
0.02582000  4508.395299645883
0.02584000  4507.7817309270595
0.02586000  4507.168162208236
0.02588000  4506.554593489412
0.02590000  4505.941024770588
0.02592000  4505.327456051765
0.02594000  4504.713887332941
0.02596000  4504.100318614118
0.02598000  4503.486749895294
0.02600000  4502.873181176471
0.02602000  4502.259612457648
0.02604000  4501.646043738824
0.02606000  4501.032475020001
0.02608000  4500.418906301176
0.02610000  4499.805337582353
0.02612000  4499.191768863529
0.02614000  4498.578200144706
0.02616000  4497.9646314258825
0.02618000  4497.351062707059
0.02620000  4496.737493988236
0.02622000  4496.123925269412
0.02624000  4495.510356550589
0.02626000  4494.896787831765
0.02628000  4494.283219112942
0.02630000  4493.6696503941175
0.02632000  4493.056081675294
0.02634000  4492.442512956471
0.02636000  4491.828944237647
0.02638000  4491.215375518824
0.02640000  4490.6018068
0.02642000  4489.988238081177
0.02644000  4489.374669362353
0.02646000  4488.76110064353
0.02648000  4488.1475319247065
0.02650000  4487.533963205883
0.02652000  4486.920394487059
0.02654000  4486.306825768235
0.02656000  4485.693257049412
0.02658000  4485.079688330588
0.02660000  4484.466119611765
0.02662000  4483.8525508929415
0.02664000  4483.238982174118
0.02666000  4482.625413455295
0.02668000  4482.011844736471
0.02670000  4481.398276017648
0.02672000  4480.784707298824
0.02674000  4480.17113858
0.02676000  4479.5575698611765
0.02678000  4478.944001142353
0.02680000  4478.33043242353
0.02682000  4477.716863704706
0.02684000  4477.103294985883
0.02686000  4476.489726267059
0.02688000  4475.876157548236
0.02690000  4475.262588829412
0.02692000  4474.649020110589
0.02694000  4474.035451391765
0.02696000  4473.421882672941
0.02698000  4472.808313954118
0.02700000  4472.194745235294
0.02702000  4471.581176516471
0.02704000  4470.967607797647
0.02706000  4470.354039078824
0.02708000  4469.7404703600005
0.02710000  4469.126901641177
0.02712000  4468.513332922354
0.02714000  4467.89976420353
0.02716000  4467.286195484706
0.02718000  4466.672626765882
0.02720000  4466.059058047059
0.02722000  4465.445489328235
0.02724000  4464.831920609412
0.02726000  4464.218351890589
0.02728000  4463.604783171765
0.02730000  4462.991214452942
0.02732000  4462.377645734118
0.02734000  4461.764077015295
0.02736000  4461.15050829647
0.02738000  4460.536939577647
0.02740000  4459.923370858824
0.02742000  4459.30980214
0.02744000  4458.696233421177
0.02746000  4458.082664702353
0.02748000  4457.46909598353
0.02750000  4456.855527264706
0.02752000  4456.241958545883
0.02754000  4455.628389827059
0.02756000  4455.014821108236
0.02758000  4454.401252389412
0.02760000  4453.787683670588
0.02762000  4453.174114951765
0.02764000  4452.560546232941
0.02766000  4451.946977514118
0.02768000  4451.333408795294
0.02770000  4450.719840076471
0.02772000  4450.1062713576475
0.02774000  4449.492702638824
0.02776000  4448.879133920001
0.02778000  4448.265565201176
0.02780000  4447.651996482353
0.02782000  4447.038427763529
0.02784000  4446.424859044706
0.02786000  4445.8112903258825
0.02788000  4445.197721607059
0.02790000  4444.584152888236
0.02792000  4443.970584169412
0.02794000  4443.357015450589
0.02796000  4442.743446731765
0.02798000  4442.129878012942
0.02800000  4441.5163092941175
0.02802000  4440.902740575294
0.02804000  4440.289171856471
0.02806000  4439.675603137647
0.02808000  4439.062034418824
0.02810000  4438.4484657
0.02812000  4437.834896981177
0.02814000  4437.221328262353
0.02816000  4436.60775954353
0.02818000  4435.9941908247065
0.02820000  4435.380622105883
0.02822000  4434.767053387059
0.02824000  4434.153484668235
0.02826000  4433.539915949412
0.02828000  4432.926347230588
0.02830000  4432.312778511765
0.02832000  4431.6992097929415
0.02834000  4431.085641074118
0.02836000  4430.472072355295
0.02838000  4429.858503636471
0.02840000  4429.244934917648
0.02842000  4428.631366198824
0.02844000  4428.01779748
0.02846000  4427.4042287611765
0.02848000  4426.790660042353
0.02850000  4426.17709132353
0.02852000  4425.563522604706
0.02854000  4424.949953885883
0.02856000  4424.336385167059
0.02858000  4423.722816448236
0.02860000  4423.109247729412
0.02862000  4422.495679010589
0.02864000  4421.882110291765
0.02866000  4421.268541572941
0.02868000  4420.654972854118
0.02870000  4420.041404135294
0.02872000  4419.427835416471
0.02874000  4418.814266697647
0.02876000  4418.200697978824
0.02878000  4417.58712926
0.02880000  4416.973560541177
0.02882000  4416.359991822354
0.02884000  4415.74642310353
0.02886000  4415.132854384706
0.02888000  4414.519285665882
0.02890000  4413.905716947059
0.02892000  4413.292148228235
0.02894000  4412.678579509412
0.02896000  4412.0650107905885
0.02898000  4411.451442071765
0.02900000  4410.837873352942
0.02902000  4410.224304634118
0.02904000  4409.610735915295
0.02906000  4408.99716719647
0.02908000  4408.383598477647
0.02910000  4407.7700297588235
0.02912000  4407.15646104
0.02914000  4406.542892321177
0.02916000  4405.929323602353
0.02918000  4405.31575488353
0.02920000  4404.702186164706
0.02922000  4404.088617445883
0.02924000  4403.475048727059
0.02926000  4402.861480008236
0.02928000  4402.247911289412
0.02930000  4401.634342570588
0.02932000  4401.020773851765
0.02934000  4400.407205132941
0.02936000  4399.793636414118
0.02938000  4399.180067695294
0.02940000  4398.566498976471
0.02942000  4397.9529302576475
0.02944000  4397.339361538824
0.02946000  4396.725792820001
0.02948000  4396.112224101176
0.02950000  4395.498655382353
0.02952000  4394.885086663529
0.02954000  4394.271517944706
0.02956000  4393.6579492258825
0.02958000  4393.044380507059
0.02960000  4392.430811788236
0.02962000  4391.817243069412
0.02964000  4391.203674350589
0.02966000  4390.590105631765
0.02968000  4389.976536912942
0.02970000  4389.3629681941175
0.02972000  4388.749399475294
0.02974000  4388.135830756471
0.02976000  4387.522262037647
0.02978000  4386.908693318824
0.02980000  4386.2951246
0.02982000  4385.681555881177
0.02984000  4385.067987162353
0.02986000  4384.45441844353
0.02988000  4383.8408497247065
0.02990000  4383.227281005883
0.02992000  4382.613712287059
0.02994000  4382.000143568235
0.02996000  4381.386574849412
0.02998000  4380.773006130588
0.03000000  4380.159437411765
0.03002000  4379.545868692941
0.03004000  4378.932299974118
0.03006000  4378.318731255295
0.03008000  4377.705162536471
0.03010000  4377.091593817648
0.03012000  4376.478025098824
0.03014000  4375.86445638
0.03016000  4375.250887661176
0.03018000  4374.637318942353
0.03020000  4374.0237502235295
0.03022000  4373.410181504706
0.03024000  4372.796612785883
0.03026000  4372.183044067059
0.03028000  4371.569475348236
0.03030000  4370.955906629412
0.03032000  4370.342337910589
0.03034000  4369.7287691917645
0.03036000  4369.115200472941
0.03038000  4368.501631754118
0.03040000  4367.888063035294
0.03042000  4367.274494316471
0.03044000  4366.660925597647
0.03046000  4366.047356878824
0.03048000  4365.43378816
0.03050000  4364.820219441177
0.03052000  4364.2066507223535
0.03054000  4363.59308200353
0.03056000  4362.979513284706
0.03058000  4362.365944565882
0.03060000  4361.752375847059
0.03062000  4361.138807128235
0.03064000  4360.525238409412
0.03066000  4359.9116696905885
0.03068000  4359.298100971765
0.03070000  4358.684532252942
0.03072000  4358.070963534118
0.03074000  4357.457394815295
0.03076000  4356.84382609647
0.03078000  4356.230257377647
0.03080000  4355.6166886588235
0.03082000  4355.00311994
0.03084000  4354.389551221177
0.03086000  4353.775982502353
0.03088000  4353.16241378353
0.03090000  4352.548845064706
0.03092000  4351.935276345883
0.03094000  4351.321707627059
0.03096000  4350.708138908236
0.03098000  4350.094570189412
0.03100000  4349.481001470588
0.03102000  4348.867432751765
0.03104000  4348.253864032941
0.03106000  4347.640295314118
0.03108000  4347.026726595294
0.03110000  4346.413157876471
0.03112000  4345.7995891576475
0.03114000  4345.186020438824
0.03116000  4344.572451720001
0.03118000  4343.958883001176
0.03120000  4343.345314282353
0.03122000  4342.731745563529
0.03124000  4342.118176844706
0.03126000  4341.504608125882
0.03128000  4340.891039407059
0.03130000  4340.277470688236
0.03132000  4339.663901969412
0.03134000  4339.050333250589
0.03136000  4338.436764531765
0.03138000  4337.823195812942
0.03140000  4337.209627094118
0.03142000  4336.596058375294
0.03144000  4335.9824896564705
0.03146000  4335.368920937647
0.03148000  4334.755352218824
0.03150000  4334.1417835
0.03152000  4333.528214781177
0.03154000  4332.914646062353
0.03156000  4332.30107734353
0.03158000  4331.687508624706
0.03160000  4331.073939905882
0.03162000  4330.460371187059
0.03164000  4329.846802468235
0.03166000  4329.233233749412
0.03168000  4328.619665030588
0.03170000  4328.006096311765
0.03172000  4327.392527592941
0.03174000  4326.778958874118
0.03176000  4326.1653901552945
0.03178000  4325.551821436471
0.03180000  4324.938252717648
0.03182000  4324.324683998824
0.03184000  4323.71111528
0.03186000  4323.097546561176
0.03188000  4322.483977842353
0.03190000  4321.8704091235295
0.03192000  4321.256840404706
0.03194000  4320.643271685883
0.03196000  4320.029702967059
0.03198000  4319.416134248236
0.03200000  4318.802565529412
0.03202000  4318.188996810589
0.03204000  4317.5754280917645
0.03206000  4316.961859372941
0.03208000  4316.348290654118
0.03210000  4315.734721935294
0.03212000  4315.121153216471
0.03214000  4314.507584497647
0.03216000  4313.894015778824
0.03218000  4313.28044706
0.03220000  4312.666878341177
0.03222000  4312.0533096223535
0.03224000  4311.43974090353
0.03226000  4310.826172184706
0.03228000  4310.212603465882
0.03230000  4309.599034747059
0.03232000  4308.985466028235
0.03234000  4308.371897309412
0.03236000  4307.7583285905885
0.03238000  4307.144759871765
0.03240000  4306.531191152942
0.03242000  4305.917622434118
0.03244000  4305.304053715295
0.03246000  4304.69048499647
0.03248000  4304.076916277647
0.03250000  4303.463347558823
0.03252000  4302.84977884
0.03254000  4302.236210121177
0.03256000  4301.622641402353
0.03258000  4301.00907268353
0.03260000  4300.395503964706
0.03262000  4299.781935245883
0.03264000  4299.168366527059
0.03266000  4298.554797808236
0.03268000  4297.9412290894115
0.03270000  4297.327660370588
0.03272000  4296.714091651765
0.03274000  4296.100522932941
0.03276000  4295.486954214118
0.03278000  4294.873385495294
0.03280000  4294.259816776471
0.03282000  4293.646248057647
0.03284000  4293.032679338824
0.03286000  4292.4191106200005
0.03288000  4291.805541901176
0.03290000  4291.191973182353
0.03292000  4290.578404463529
0.03294000  4289.964835744706
0.03296000  4289.351267025882
0.03298000  4288.737698307059
0.03300000  4288.1241295882355
0.03302000  4287.510560869412
0.03304000  4286.896992150589
0.03306000  4286.283423431765
0.03308000  4285.669854712942
0.03310000  4285.056285994118
0.03312000  4284.442717275294
0.03314000  4283.8291485564705
0.03316000  4283.215579837647
0.03318000  4282.602011118824
0.03320000  4281.9884424
0.03322000  4281.374873681177
0.03324000  4280.761304962353
0.03326000  4280.14773624353
0.03328000  4279.534167524706
0.03330000  4278.920598805882
0.03332000  4278.307030087059
0.03334000  4277.693461368235
0.03336000  4277.079892649412
0.03338000  4276.466323930588
0.03340000  4275.852755211765
0.03342000  4275.239186492941
0.03344000  4274.625617774118
0.03346000  4274.0120490552945
0.03348000  4273.398480336471
0.03350000  4272.784911617648
0.03352000  4272.171342898824
0.03354000  4271.55777418
0.03356000  4270.944205461176
0.03358000  4270.330636742353
0.03360000  4269.7170680235295
0.03362000  4269.103499304706
0.03364000  4268.489930585883
0.03366000  4267.876361867059
0.03368000  4267.262793148236
0.03370000  4266.649224429412
0.03372000  4266.035655710589
0.03374000  4265.422086991764
0.03376000  4264.808518272941
0.03378000  4264.194949554118
0.03380000  4263.581380835294
0.03382000  4262.967812116471
0.03384000  4262.354243397647
0.03386000  4261.740674678824
0.03388000  4261.12710596
0.03390000  4260.513537241177
0.03392000  4259.899968522353
0.03394000  4259.28639980353
0.03396000  4258.672831084706
0.03398000  4258.059262365882
0.03400000  4257.445693647059
0.03402000  4256.832124928235
0.03404000  4256.218556209412
0.03406000  4255.604987490588
0.03408000  4254.991418771765
0.03410000  4254.3778500529415
0.03412000  4253.764281334118
0.03414000  4253.150712615295
0.03416000  4252.53714389647
0.03418000  4251.923575177647
0.03420000  4251.310006458823
0.03422000  4250.69643774
0.03424000  4250.0828690211765
0.03426000  4249.469300302353
0.03428000  4248.85573158353
0.03430000  4248.242162864706
0.03432000  4247.628594145883
0.03434000  4247.015025427059
0.03436000  4246.401456708236
0.03438000  4245.7878879894115
0.03440000  4245.174319270588
0.03442000  4244.560750551765
0.03444000  4243.947181832941
0.03446000  4243.333613114118
0.03448000  4242.720044395294
0.03450000  4242.106475676471
0.03452000  4241.492906957647
0.03454000  4240.879338238824
0.03456000  4240.2657695200005
0.03458000  4239.652200801176
0.03460000  4239.038632082353
0.03462000  4238.425063363529
0.03464000  4237.811494644706
0.03466000  4237.197925925882
0.03468000  4236.584357207059
0.03470000  4235.9707884882355
0.03472000  4235.357219769412
0.03474000  4234.743651050589
0.03476000  4234.130082331765
0.03478000  4233.516513612942
0.03480000  4232.902944894118
0.03482000  4232.289376175294
0.03484000  4231.6758074564705
0.03486000  4231.062238737647
0.03488000  4230.448670018824
0.03490000  4229.8351013
0.03492000  4229.221532581177
0.03494000  4228.607963862353
0.03496000  4227.99439514353
0.03498000  4227.380826424706
0.03500000  4226.767257705882
0.03502000  4226.153688987059
0.03504000  4225.540120268235
0.03506000  4224.926551549412
0.03508000  4224.312982830588
0.03510000  4223.699414111765
0.03512000  4223.085845392941
0.03514000  4222.472276674118
0.03516000  4221.858707955294
0.03518000  4221.245139236471
0.03520000  4220.631570517648
0.03522000  4220.018001798824
0.03524000  4219.40443308
0.03526000  4218.790864361176
0.03528000  4218.177295642353
0.03530000  4217.563726923529
0.03532000  4216.950158204706
0.03534000  4216.3365894858825
0.03536000  4215.723020767059
0.03538000  4215.109452048236
0.03540000  4214.495883329412
0.03542000  4213.882314610589
0.03544000  4213.268745891764
0.03546000  4212.655177172941
0.03548000  4212.0416084541175
0.03550000  4211.428039735294
0.03552000  4210.814471016471
0.03554000  4210.200902297647
0.03556000  4209.587333578824
0.03558000  4208.97376486
0.03560000  4208.360196141177
0.03562000  4207.746627422353
0.03564000  4207.13305870353
0.03566000  4206.519489984706
0.03568000  4205.905921265882
0.03570000  4205.292352547059
0.03572000  4204.678783828235
0.03574000  4204.065215109412
0.03576000  4203.451646390588
0.03578000  4202.838077671765
0.03580000  4202.2245089529415
0.03582000  4201.610940234118
0.03584000  4200.997371515295
0.03586000  4200.38380279647
0.03588000  4199.770234077647
0.03590000  4199.156665358823
0.03592000  4198.54309664
0.03594000  4197.9295279211765
0.03596000  4197.315959202353
0.03598000  4196.70239048353
0.03600000  4196.088821764706
0.03602000  4195.475253045883
0.03604000  4194.861684327059
0.03606000  4194.248115608236
0.03608000  4193.6345468894115
0.03610000  4193.020978170588
0.03612000  4192.407409451765
0.03614000  4191.793840732941
0.03616000  4191.180272014118
0.03618000  4190.566703295294
0.03620000  4189.953134576471
0.03622000  4189.339565857647
0.03624000  4188.725997138824
0.03626000  4188.1124284200005
0.03628000  4187.498859701176
0.03630000  4186.885290982353
0.03632000  4186.271722263529
0.03634000  4185.658153544706
0.03636000  4185.044584825882
0.03638000  4184.431016107059
0.03640000  4183.817447388235
0.03642000  4183.203878669412
0.03644000  4182.590309950589
0.03646000  4181.976741231765
0.03648000  4181.363172512942
0.03650000  4180.749603794118
0.03652000  4180.136035075294
0.03654000  4179.52246635647
0.03656000  4178.908897637647
0.03658000  4178.2953289188235
0.03660000  4177.6817602
0.03662000  4177.068191481177
0.03664000  4176.454622762353
0.03666000  4175.84105404353
0.03668000  4175.227485324706
0.03670000  4174.613916605882
0.03672000  4174.0003478870585
0.03674000  4173.386779168235
0.03676000  4172.773210449412
0.03678000  4172.159641730588
0.03680000  4171.546073011765
0.03682000  4170.932504292941
0.03684000  4170.318935574118
0.03686000  4169.705366855294
0.03688000  4169.091798136471
0.03690000  4168.4782294176475
0.03692000  4167.864660698824
0.03694000  4167.25109198
0.03696000  4166.637523261176
0.03698000  4166.023954542353
0.03700000  4165.410385823529
0.03702000  4164.796817104706
0.03704000  4164.1832483858825
0.03706000  4163.569679667059
0.03708000  4162.956110948236
0.03710000  4162.342542229412
0.03712000  4161.728973510589
0.03714000  4161.115404791764
0.03716000  4160.501836072941
0.03718000  4159.8882673541175
0.03720000  4159.274698635294
0.03722000  4158.661129916471
0.03724000  4158.047561197647
0.03726000  4157.433992478824
0.03728000  4156.82042376
0.03730000  4156.206855041177
0.03732000  4155.593286322353
0.03734000  4154.97971760353
0.03736000  4154.366148884706
0.03738000  4153.752580165882
0.03740000  4153.139011447059
0.03742000  4152.525442728235
0.03744000  4151.911874009412
0.03746000  4151.298305290588
0.03748000  4150.684736571765
0.03750000  4150.0711678529415
0.03752000  4149.457599134118
0.03754000  4148.844030415295
0.03756000  4148.23046169647
0.03758000  4147.616892977647
0.03760000  4147.003324258823
0.03762000  4146.38975554
0.03764000  4145.776186821176
0.03766000  4145.162618102353
0.03768000  4144.54904938353
0.03770000  4143.935480664706
0.03772000  4143.321911945883
0.03774000  4142.708343227059
0.03776000  4142.094774508236
0.03778000  4141.481205789411
0.03780000  4140.867637070588
0.03782000  4140.2540683517645
0.03784000  4139.640499632941
0.03786000  4139.026930914118
0.03788000  4138.413362195294
0.03790000  4137.799793476471
0.03792000  4137.186224757647
0.03794000  4136.572656038824
0.03796000  4135.95908732
0.03798000  4135.345518601176
0.03800000  4134.731949882353
0.03802000  4134.118381163529
0.03804000  4133.504812444706
0.03806000  4132.891243725882
0.03808000  4132.277675007059
0.03810000  4131.664106288235
0.03812000  4131.050537569412
0.03814000  4130.4369688505885
0.03816000  4129.823400131765
0.03818000  4129.209831412942
0.03820000  4128.596262694118
0.03822000  4127.982693975294
0.03824000  4127.36912525647
0.03826000  4126.755556537647
0.03828000  4126.1419878188235
0.03830000  4125.5284191
0.03832000  4124.914850381177
0.03834000  4124.301281662353
0.03836000  4123.68771294353
0.03838000  4123.074144224706
0.03840000  4122.460575505882
0.03842000  4121.8470067870585
0.03844000  4121.233438068235
0.03846000  4120.619869349412
0.03848000  4120.006300630588
0.03850000  4119.392731911765
0.03852000  4118.779163192941
0.03854000  4118.165594474118
0.03856000  4117.552025755294
0.03858000  4116.938457036471
0.03860000  4116.3248883176475
0.03862000  4115.711319598824
0.03864000  4115.09775088
0.03866000  4114.484182161176
0.03868000  4113.870613442353
0.03870000  4113.257044723529
0.03872000  4112.643476004706
0.03874000  4112.0299072858825
0.03876000  4111.416338567059
0.03878000  4110.802769848236
0.03880000  4110.189201129412
0.03882000  4109.575632410589
0.03884000  4108.962063691764
0.03886000  4108.348494972941
0.03888000  4107.734926254117
0.03890000  4107.121357535294
0.03892000  4106.507788816471
0.03894000  4105.894220097647
0.03896000  4105.280651378824
0.03898000  4104.66708266
0.03900000  4104.053513941177
0.03902000  4103.439945222353
0.03904000  4102.82637650353
0.03906000  4102.212807784706
0.03908000  4101.599239065882
0.03910000  4100.985670347059
0.03912000  4100.372101628235
0.03914000  4099.758532909412
0.03916000  4099.144964190588
0.03918000  4098.531395471765
0.03920000  4097.917826752941
0.03922000  4097.304258034118
0.03924000  4096.690689315295
0.03926000  4096.07712059647
0.03928000  4095.463551877647
0.03930000  4094.8499831588238
0.03932000  4094.23641444
0.03934000  4093.6228457211764
0.03936000  4093.009277002353
0.03938000  4092.3957082835295
0.03940000  4091.782139564706
0.03942000  4091.1685708458826
0.03944000  4090.5550021270587
0.03946000  4089.9414334082353
0.03948000  4089.327864689412
0.03950000  4088.7142959705884
0.03952000  4088.1007272517645
0.03954000  4087.487158532941
0.03956000  4086.8735898141176
0.03958000  4086.260021095294
0.03960000  4085.6464523764707
0.03962000  4085.0328836576473
0.03964000  4084.4193149388234
0.03966000  4083.80574622
0.03968000  4083.1921775011765
0.03970000  4082.578608782353
0.03972000  4081.9650400635296
0.03974000  4081.3514713447057
0.03976000  4080.7379026258823
0.03978000  4080.124333907059
0.03980000  4079.5107651882354
0.03982000  4078.897196469412
0.03984000  4078.2836277505885
0.03986000  4077.6700590317646
0.03988000  4077.056490312941
0.03990000  4076.4429215941177
0.03992000  4075.8293528752943
0.03994000  4075.2157841564704
0.03996000  4074.602215437647
0.03998000  4073.9886467188235
0.04000000  4073.375078
0.04002000  4068.860287
0.04004000  4064.696923
0.04006000  4060.863799
0.04008000  4057.30484
0.04010000  4053.786039
0.04012000  4049.582459
0.04014000  4043.945033
0.04016000  4036.353893
0.04018000  4026.216792
0.04020000  4012.869142
0.04022000  3994.731065
0.04024000  3967.02161
0.04026000  3923.894175
0.04028000  3858.011217
0.04030000  3759.107528
0.04032000  3613.215381
0.04034000  3403.700605
0.04036000  3116.562775
0.04038000  2759.067233
0.04040000  2376.423713
0.04042000  2003.404108
0.04044000  1637.629009
0.04046000  1257.273469
0.04048000  858.800266
0.04050000  510.5977
0.04052000  293.922746
0.04054000  183.666753
0.04056000  135.100396
0.04058000  121.065549
0.04060000  136.86881
0.04062000  196.017752
0.04064000  333.134039
0.04066000  596.337087
0.04068000  999.52819
0.04070000  1505.07492
0.04072000  2051.842896
0.04074000  2580.470295
0.04076000  3050.979229
0.04078000  3443.069359
0.04080000  3750.481227
0.04082000  3980.165078
0.04084000  4147.00083
0.04086000  4266.983849
0.04088000  4353.392821
0.04090000  4416.044323
0.04092000  4461.876523
0.04094000  4495.68677
0.04096000  4520.819465
0.04098000  4539.622346
0.04100000  4553.766154
0.04102000  4564.437864
0.04104000  4572.5094
0.04106000  4578.614824
0.04108000  4583.224858
0.04110000  4586.698908
0.04112000  4589.312573
0.04114000  4591.264376
0.04116000  4592.709681
0.04118000  4593.76563
0.04120000  4594.517912
0.04122000  4595.035033
0.04124000  4595.374137
0.04126000  4595.5732
0.04128000  4595.664637
0.04130000  4595.680772
0.04132000  4595.640435
0.04134000  4595.559752
0.04136000  4595.460227
0.04138000  4595.349922
0.04140000  4595.244979
0.04142000  4595.145399
0.04144000  4595.051185
0.04146000  4594.962341
0.04148000  4594.884254
0.04150000  4594.811543
0.04152000  4594.749597
0.04154000  4594.695725
0.04156000  4594.64993
0.04158000  4594.606825
0.04160000  4594.5718
0.04162000  4594.542162
0.04164000  4594.517912
0.04166000  4594.49366
0.04168000  4594.474797
0.04170000  4594.455933
0.04172000  4594.439764
0.04174000  4594.426289
0.04176000  4594.415509
0.04178000  4594.404728
0.04180000  4594.393948
0.04182000  4594.385862
0.04184000  4594.377777
0.04186000  4594.372386
0.04188000  4594.3643
0.04190000  4594.361605
0.04192000  4594.356215
0.04194000  4594.353519
0.04196000  4594.350824
0.04198000  4594.348128
0.04200000  4594.345433
0.04202000  4594.345433
0.04204000  4594.345433
0.04206000  4594.345433
0.04208000  4594.348128
0.04210000  4594.348128
0.04212000  4594.350824
0.04214000  4594.353519
0.04216000  4594.356215
0.04218000  4594.361605
0.04220000  4594.3643
0.04222000  4594.369691
0.04224000  4594.375082
0.04226000  4594.383167
0.04228000  4594.388558
0.04230000  4594.396643
0.04232000  4594.402033
0.04234000  4594.410119
0.04236000  4594.420899
0.04238000  4594.428984
0.04240000  4594.437069
0.04242000  4594.447848
0.04244000  4594.458628
0.04246000  4594.469407
0.04248000  4594.480186
0.04250000  4594.49366
0.04252000  4594.504439
0.04254000  4594.517912
0.04256000  4594.531384
0.04258000  4594.544857
0.04260000  4594.558329
0.04262000  4594.5718
0.04264000  4594.587966
0.04266000  4594.601437
0.04268000  4594.617602
0.04270000  4594.633766
0.04272000  4594.64993
0.04274000  4594.666093
0.04276000  4594.682256
0.04278000  4594.701112
0.04280000  4594.717274
0.04282000  4594.736129
0.04284000  4594.75229
0.04286000  4594.771144
0.04288000  4594.789998
0.04290000  4594.80885
0.04292000  4594.830395
0.04294000  4594.849246
0.04296000  4594.868097
0.04298000  4594.88964
0.04300000  4594.908489
0.04302000  4594.294920281177
0.04304000  4593.6813515623535
0.04306000  4593.06778284353
0.04308000  4592.454214124707
0.04310000  4591.840645405883
0.04312000  4591.227076687059
0.04314000  4590.613507968235
0.04316000  4589.999939249412
0.04318000  4589.3863705305885
0.04320000  4588.772801811765
0.04322000  4588.159233092942
0.04324000  4587.545664374118
0.04326000  4586.932095655295
0.04328000  4586.318526936471
0.04330000  4585.704958217648
0.04332000  4585.091389498823
0.04334000  4584.47782078
0.04336000  4583.864252061177
0.04338000  4583.250683342353
0.04340000  4582.63711462353
0.04342000  4582.023545904706
0.04344000  4581.409977185883
0.04346000  4580.796408467059
0.04348000  4580.182839748236
0.04350000  4579.569271029412
0.04352000  4578.955702310589
0.04354000  4578.342133591765
0.04356000  4577.728564872941
0.04358000  4577.114996154118
0.04360000  4576.501427435294
0.04362000  4575.887858716471
0.04364000  4575.274289997647
0.04366000  4574.660721278824
0.04368000  4574.0471525600005
0.04370000  4573.433583841177
0.04372000  4572.820015122354
0.04374000  4572.20644640353
0.04376000  4571.592877684706
0.04378000  4570.979308965882
0.04380000  4570.365740247059
0.04382000  4569.7521715282355
0.04384000  4569.138602809412
0.04386000  4568.525034090589
0.04388000  4567.911465371765
0.04390000  4567.297896652942
0.04392000  4566.684327934118
0.04394000  4566.070759215295
0.04396000  4565.4571904964705
0.04398000  4564.843621777647
0.04400000  4564.230053058824
0.04402000  4563.61648434
0.04404000  4563.002915621177
0.04406000  4562.389346902353
0.04408000  4561.77577818353
0.04410000  4561.162209464706
0.04412000  4560.548640745883
0.04414000  4559.9350720270595
0.04416000  4559.321503308236
0.04418000  4558.707934589412
0.04420000  4558.094365870588
0.04422000  4557.480797151765
0.04424000  4556.867228432941
0.04426000  4556.253659714118
0.04428000  4555.6400909952945
0.04430000  4555.026522276471
0.04432000  4554.412953557648
0.04434000  4553.799384838824
0.04436000  4553.185816120001
0.04438000  4552.572247401177
0.04440000  4551.958678682353
0.04442000  4551.3451099635295
0.04444000  4550.731541244706
0.04446000  4550.117972525883
0.04448000  4549.504403807059
0.04450000  4548.890835088236
0.04452000  4548.277266369412
0.04454000  4547.663697650589
0.04456000  4547.050128931765
0.04458000  4546.436560212942
0.04460000  4545.822991494118
0.04462000  4545.209422775294
0.04464000  4544.595854056471
0.04466000  4543.982285337647
0.04468000  4543.368716618824
0.04470000  4542.7551479
0.04472000  4542.141579181177
0.04474000  4541.528010462353
0.04476000  4540.91444174353
0.04478000  4540.300873024707
0.04480000  4539.687304305883
0.04482000  4539.073735587059
0.04484000  4538.460166868235
0.04486000  4537.846598149412
0.04488000  4537.233029430588
0.04490000  4536.619460711765
0.04492000  4536.0058919929415
0.04494000  4535.392323274118
0.04496000  4534.778754555295
0.04498000  4534.165185836471
0.04500000  4533.551617117648
0.04502000  4532.938048398823
0.04504000  4532.32447968
0.04506000  4531.7109109611765
0.04508000  4531.097342242353
0.04510000  4530.48377352353
0.04512000  4529.870204804706
0.04514000  4529.256636085883
0.04516000  4528.643067367059
0.04518000  4528.029498648236
0.04520000  4527.415929929412
0.04522000  4526.802361210589
0.04524000  4526.188792491765
0.04526000  4525.575223772941
0.04528000  4524.961655054118
0.04530000  4524.348086335294
0.04532000  4523.734517616471
0.04534000  4523.120948897647
0.04536000  4522.507380178824
0.04538000  4521.8938114600005
0.04540000  4521.280242741177
0.04542000  4520.666674022354
0.04544000  4520.05310530353
0.04546000  4519.439536584706
0.04548000  4518.825967865882
0.04550000  4518.212399147059
0.04552000  4517.5988304282355
0.04554000  4516.985261709412
0.04556000  4516.371692990589
0.04558000  4515.758124271765
0.04560000  4515.144555552942
0.04562000  4514.530986834118
0.04564000  4513.917418115295
0.04566000  4513.3038493964705
0.04568000  4512.690280677647
0.04570000  4512.076711958824
0.04572000  4511.46314324
0.04574000  4510.849574521177
0.04576000  4510.236005802353
0.04578000  4509.62243708353
0.04580000  4509.008868364706
0.04582000  4508.395299645883
0.04584000  4507.7817309270595
0.04586000  4507.168162208236
0.04588000  4506.554593489412
0.04590000  4505.941024770588
0.04592000  4505.327456051765
0.04594000  4504.713887332941
0.04596000  4504.100318614118
0.04598000  4503.486749895294
0.04600000  4502.873181176471
0.04602000  4502.259612457648
0.04604000  4501.646043738824
0.04606000  4501.032475020001
0.04608000  4500.418906301176
0.04610000  4499.805337582353
0.04612000  4499.191768863529
0.04614000  4498.578200144706
0.04616000  4497.9646314258825
0.04618000  4497.351062707059
0.04620000  4496.737493988236
0.04622000  4496.123925269412
0.04624000  4495.510356550589
0.04626000  4494.896787831765
0.04628000  4494.283219112942
0.04630000  4493.6696503941175
0.04632000  4493.056081675294
0.04634000  4492.442512956471
0.04636000  4491.828944237647
0.04638000  4491.215375518824
0.04640000  4490.6018068
0.04642000  4489.988238081177
0.04644000  4489.374669362353
0.04646000  4488.76110064353
0.04648000  4488.1475319247065
0.04650000  4487.533963205883
0.04652000  4486.920394487059
0.04654000  4486.306825768235
0.04656000  4485.693257049412
0.04658000  4485.079688330588
0.04660000  4484.466119611765
0.04662000  4483.8525508929415
0.04664000  4483.238982174118
0.04666000  4482.625413455295
0.04668000  4482.011844736471
0.04670000  4481.398276017648
0.04672000  4480.784707298824
0.04674000  4480.17113858
0.04676000  4479.5575698611765
0.04678000  4478.944001142353
0.04680000  4478.33043242353
0.04682000  4477.716863704706
0.04684000  4477.103294985883
0.04686000  4476.489726267059
0.04688000  4475.876157548236
0.04690000  4475.262588829412
0.04692000  4474.649020110589
0.04694000  4474.035451391765
0.04696000  4473.421882672941
0.04698000  4472.808313954118
0.04700000  4472.194745235294
0.04702000  4471.581176516471
0.04704000  4470.967607797647
0.04706000  4470.354039078824
0.04708000  4469.7404703600005
0.04710000  4469.126901641177
0.04712000  4468.513332922354
0.04714000  4467.89976420353
0.04716000  4467.286195484706
0.04718000  4466.672626765882
0.04720000  4466.059058047059
0.04722000  4465.445489328235
0.04724000  4464.831920609412
0.04726000  4464.218351890589
0.04728000  4463.604783171765
0.04730000  4462.991214452942
0.04732000  4462.377645734118
0.04734000  4461.764077015295
0.04736000  4461.15050829647
0.04738000  4460.536939577647
0.04740000  4459.923370858824
0.04742000  4459.30980214
0.04744000  4458.696233421177
0.04746000  4458.082664702353
0.04748000  4457.46909598353
0.04750000  4456.855527264706
0.04752000  4456.241958545883
0.04754000  4455.628389827059
0.04756000  4455.014821108236
0.04758000  4454.401252389412
0.04760000  4453.787683670588
0.04762000  4453.174114951765
0.04764000  4452.560546232941
0.04766000  4451.946977514118
0.04768000  4451.333408795294
0.04770000  4450.719840076471
0.04772000  4450.1062713576475
0.04774000  4449.492702638824
0.04776000  4448.879133920001
0.04778000  4448.265565201176
0.04780000  4447.651996482353
0.04782000  4447.038427763529
0.04784000  4446.424859044706
0.04786000  4445.8112903258825
0.04788000  4445.197721607059
0.04790000  4444.584152888236
0.04792000  4443.970584169412
0.04794000  4443.357015450589
0.04796000  4442.743446731765
0.04798000  4442.129878012942
0.04800000  4441.5163092941175
0.04802000  4440.902740575294
0.04804000  4440.289171856471
0.04806000  4439.675603137647
0.04808000  4439.062034418824
0.04810000  4438.4484657
0.04812000  4437.834896981177
0.04814000  4437.221328262353
0.04816000  4436.60775954353
0.04818000  4435.9941908247065
0.04820000  4435.380622105883
0.04822000  4434.767053387059
0.04824000  4434.153484668235
0.04826000  4433.539915949412
0.04828000  4432.926347230588
0.04830000  4432.312778511765
0.04832000  4431.6992097929415
0.04834000  4431.085641074118
0.04836000  4430.472072355295
0.04838000  4429.858503636471
0.04840000  4429.244934917648
0.04842000  4428.631366198824
0.04844000  4428.01779748
0.04846000  4427.4042287611765
0.04848000  4426.790660042353
0.04850000  4426.17709132353
0.04852000  4425.563522604706
0.04854000  4424.949953885883
0.04856000  4424.336385167059
0.04858000  4423.722816448236
0.04860000  4423.109247729412
0.04862000  4422.495679010589
0.04864000  4421.882110291765
0.04866000  4421.268541572941
0.04868000  4420.654972854118
0.04870000  4420.041404135294
0.04872000  4419.427835416471
0.04874000  4418.814266697647
0.04876000  4418.200697978824
0.04878000  4417.58712926
0.04880000  4416.973560541177
0.04882000  4416.359991822354
0.04884000  4415.74642310353
0.04886000  4415.132854384706
0.04888000  4414.519285665882
0.04890000  4413.905716947059
0.04892000  4413.292148228235
0.04894000  4412.678579509412
0.04896000  4412.0650107905885
0.04898000  4411.451442071765
0.04900000  4410.837873352942
0.04902000  4410.224304634118
0.04904000  4409.610735915295
0.04906000  4408.99716719647
0.04908000  4408.383598477647
0.04910000  4407.7700297588235
0.04912000  4407.15646104
0.04914000  4406.542892321177
0.04916000  4405.929323602353
0.04918000  4405.31575488353
0.04920000  4404.702186164706
0.04922000  4404.088617445883
0.04924000  4403.475048727059
0.04926000  4402.861480008236
0.04928000  4402.247911289412
0.04930000  4401.634342570588
0.04932000  4401.020773851765
0.04934000  4400.407205132941
0.04936000  4399.793636414118
0.04938000  4399.180067695294
0.04940000  4398.566498976471
0.04942000  4397.9529302576475
0.04944000  4397.339361538824
0.04946000  4396.725792820001
0.04948000  4396.112224101176
0.04950000  4395.498655382353
0.04952000  4394.885086663529
0.04954000  4394.271517944706
0.04956000  4393.6579492258825
0.04958000  4393.044380507059
0.04960000  4392.430811788236
0.04962000  4391.817243069412
0.04964000  4391.203674350589
0.04966000  4390.590105631765
0.04968000  4389.976536912942
0.04970000  4389.3629681941175
0.04972000  4388.749399475294
0.04974000  4388.135830756471
0.04976000  4387.522262037647
0.04978000  4386.908693318824
0.04980000  4386.2951246
0.04982000  4385.681555881177
0.04984000  4385.067987162353
0.04986000  4384.45441844353
0.04988000  4383.8408497247065
0.04990000  4383.227281005883
0.04992000  4382.613712287059
0.04994000  4382.000143568235
0.04996000  4381.386574849412
0.04998000  4380.773006130588
0.05000000  4380.159437411765
0.05002000  4379.545868692941
0.05004000  4378.932299974118
0.05006000  4378.318731255295
0.05008000  4377.705162536471
0.05010000  4377.091593817648
0.05012000  4376.478025098824
0.05014000  4375.86445638
0.05016000  4375.250887661176
0.05018000  4374.637318942353
0.05020000  4374.0237502235295
0.05022000  4373.410181504706
0.05024000  4372.796612785883
0.05026000  4372.183044067059
0.05028000  4371.569475348236
0.05030000  4370.955906629412
0.05032000  4370.342337910589
0.05034000  4369.7287691917645
0.05036000  4369.115200472941
0.05038000  4368.501631754118
0.05040000  4367.888063035294
0.05042000  4367.274494316471
0.05044000  4366.660925597647
0.05046000  4366.047356878824
0.05048000  4365.43378816
0.05050000  4364.820219441177
0.05052000  4364.2066507223535
0.05054000  4363.59308200353
0.05056000  4362.979513284706
0.05058000  4362.365944565882
0.05060000  4361.752375847059
0.05062000  4361.138807128235
0.05064000  4360.525238409412
0.05066000  4359.9116696905885
0.05068000  4359.298100971765
0.05070000  4358.684532252942
0.05072000  4358.070963534118
0.05074000  4357.457394815295
0.05076000  4356.84382609647
0.05078000  4356.230257377647
0.05080000  4355.6166886588235
0.05082000  4355.00311994
0.05084000  4354.389551221177
0.05086000  4353.775982502353
0.05088000  4353.16241378353
0.05090000  4352.548845064706
0.05092000  4351.935276345883
0.05094000  4351.321707627059
0.05096000  4350.708138908236
0.05098000  4350.094570189412
0.05100000  4349.481001470588
0.05102000  4348.867432751765
0.05104000  4348.253864032941
0.05106000  4347.640295314118
0.05108000  4347.026726595294
0.05110000  4346.413157876471
0.05112000  4345.7995891576475
0.05114000  4345.186020438824
0.05116000  4344.572451720001
0.05118000  4343.958883001176
0.05120000  4343.345314282353
0.05122000  4342.731745563529
0.05124000  4342.118176844706
0.05126000  4341.504608125882
0.05128000  4340.891039407059
0.05130000  4340.277470688236
0.05132000  4339.663901969412
0.05134000  4339.050333250589
0.05136000  4338.436764531765
0.05138000  4337.823195812942
0.05140000  4337.209627094118
0.05142000  4336.596058375294
0.05144000  4335.9824896564705
0.05146000  4335.368920937647
0.05148000  4334.755352218824
0.05150000  4334.1417835
0.05152000  4333.528214781177
0.05154000  4332.914646062353
0.05156000  4332.30107734353
0.05158000  4331.687508624706
0.05160000  4331.073939905882
0.05162000  4330.460371187059
0.05164000  4329.846802468235
0.05166000  4329.233233749412
0.05168000  4328.619665030588
0.05170000  4328.006096311765
0.05172000  4327.392527592941
0.05174000  4326.778958874118
0.05176000  4326.1653901552945
0.05178000  4325.551821436471
0.05180000  4324.938252717648
0.05182000  4324.324683998824
0.05184000  4323.71111528
0.05186000  4323.097546561176
0.05188000  4322.483977842353
0.05190000  4321.8704091235295
0.05192000  4321.256840404706
0.05194000  4320.643271685883
0.05196000  4320.029702967059
0.05198000  4319.416134248236
0.05200000  4318.802565529412
0.05202000  4318.188996810589
0.05204000  4317.5754280917645
0.05206000  4316.961859372941
0.05208000  4316.348290654118
0.05210000  4315.734721935294
0.05212000  4315.121153216471
0.05214000  4314.507584497647
0.05216000  4313.894015778824
0.05218000  4313.28044706
0.05220000  4312.666878341177
0.05222000  4312.0533096223535
0.05224000  4311.43974090353
0.05226000  4310.826172184706
0.05228000  4310.212603465882
0.05230000  4309.599034747059
0.05232000  4308.985466028235
0.05234000  4308.371897309412
0.05236000  4307.7583285905885
0.05238000  4307.144759871765
0.05240000  4306.531191152942
0.05242000  4305.917622434118
0.05244000  4305.304053715295
0.05246000  4304.69048499647
0.05248000  4304.076916277647
0.05250000  4303.463347558823
0.05252000  4302.84977884
0.05254000  4302.236210121177
0.05256000  4301.622641402353
0.05258000  4301.00907268353
0.05260000  4300.395503964706
0.05262000  4299.781935245883
0.05264000  4299.168366527059
0.05266000  4298.554797808236
0.05268000  4297.9412290894115
0.05270000  4297.327660370588
0.05272000  4296.714091651765
0.05274000  4296.100522932941
0.05276000  4295.486954214118
0.05278000  4294.873385495294
0.05280000  4294.259816776471
0.05282000  4293.646248057647
0.05284000  4293.032679338824
0.05286000  4292.4191106200005
0.05288000  4291.805541901176
0.05290000  4291.191973182353
0.05292000  4290.578404463529
0.05294000  4289.964835744706
0.05296000  4289.351267025882
0.05298000  4288.737698307059
0.05300000  4288.1241295882355
0.05302000  4287.510560869412
0.05304000  4286.896992150589
0.05306000  4286.283423431765
0.05308000  4285.669854712942
0.05310000  4285.056285994118
0.05312000  4284.442717275294
0.05314000  4283.8291485564705
0.05316000  4283.215579837647
0.05318000  4282.602011118824
0.05320000  4281.9884424
0.05322000  4281.374873681177
0.05324000  4280.761304962353
0.05326000  4280.14773624353
0.05328000  4279.534167524706
0.05330000  4278.920598805882
0.05332000  4278.307030087059
0.05334000  4277.693461368235
0.05336000  4277.079892649412
0.05338000  4276.466323930588
0.05340000  4275.852755211765
0.05342000  4275.239186492941
0.05344000  4274.625617774118
0.05346000  4274.0120490552945
0.05348000  4273.398480336471
0.05350000  4272.784911617648
0.05352000  4272.171342898824
0.05354000  4271.55777418
0.05356000  4270.944205461176
0.05358000  4270.330636742353
0.05360000  4269.7170680235295
0.05362000  4269.103499304706
0.05364000  4268.489930585883
0.05366000  4267.876361867059
0.05368000  4267.262793148236
0.05370000  4266.649224429412
0.05372000  4266.035655710589
0.05374000  4265.422086991764
0.05376000  4264.808518272941
0.05378000  4264.194949554118
0.05380000  4263.581380835294
0.05382000  4262.967812116471
0.05384000  4262.354243397647
0.05386000  4261.740674678824
0.05388000  4261.12710596
0.05390000  4260.513537241177
0.05392000  4259.899968522353
0.05394000  4259.28639980353
0.05396000  4258.672831084706
0.05398000  4258.059262365882
0.05400000  4257.445693647059
0.05402000  4256.832124928235
0.05404000  4256.218556209412
0.05406000  4255.604987490588
0.05408000  4254.991418771765
0.05410000  4254.3778500529415
0.05412000  4253.764281334118
0.05414000  4253.150712615295
0.05416000  4252.53714389647
0.05418000  4251.923575177647
0.05420000  4251.310006458823
0.05422000  4250.69643774
0.05424000  4250.0828690211765
0.05426000  4249.469300302353
0.05428000  4248.85573158353
0.05430000  4248.242162864706
0.05432000  4247.628594145883
0.05434000  4247.015025427059
0.05436000  4246.401456708236
0.05438000  4245.7878879894115
0.05440000  4245.174319270588
0.05442000  4244.560750551765
0.05444000  4243.947181832941
0.05446000  4243.333613114118
0.05448000  4242.720044395294
0.05450000  4242.106475676471
0.05452000  4241.492906957647
0.05454000  4240.879338238824
0.05456000  4240.2657695200005
0.05458000  4239.652200801176
0.05460000  4239.038632082353
0.05462000  4238.425063363529
0.05464000  4237.811494644706
0.05466000  4237.197925925882
0.05468000  4236.584357207059
0.05470000  4235.9707884882355
0.05472000  4235.357219769412
0.05474000  4234.743651050589
0.05476000  4234.130082331765
0.05478000  4233.516513612942
0.05480000  4232.902944894118
0.05482000  4232.289376175294
0.05484000  4231.6758074564705
0.05486000  4231.062238737647
0.05488000  4230.448670018824
0.05490000  4229.8351013
0.05492000  4229.221532581177
0.05494000  4228.607963862353
0.05496000  4227.99439514353
0.05498000  4227.380826424706
0.05500000  4226.767257705882
0.05502000  4226.153688987059
0.05504000  4225.540120268235
0.05506000  4224.926551549412
0.05508000  4224.312982830588
0.05510000  4223.699414111765
0.05512000  4223.085845392941
0.05514000  4222.472276674118
0.05516000  4221.858707955294
0.05518000  4221.245139236471
0.05520000  4220.631570517648
0.05522000  4220.018001798824
0.05524000  4219.40443308
0.05526000  4218.790864361176
0.05528000  4218.177295642353
0.05530000  4217.563726923529
0.05532000  4216.950158204706
0.05534000  4216.3365894858825
0.05536000  4215.723020767059
0.05538000  4215.109452048236
0.05540000  4214.495883329412
0.05542000  4213.882314610589
0.05544000  4213.268745891764
0.05546000  4212.655177172941
0.05548000  4212.0416084541175
0.05550000  4211.428039735294
0.05552000  4210.814471016471
0.05554000  4210.200902297647
0.05556000  4209.587333578824
0.05558000  4208.97376486
0.05560000  4208.360196141177
0.05562000  4207.746627422353
0.05564000  4207.13305870353
0.05566000  4206.519489984706
0.05568000  4205.905921265882
0.05570000  4205.292352547059
0.05572000  4204.678783828235
0.05574000  4204.065215109412
0.05576000  4203.451646390588
0.05578000  4202.838077671765
0.05580000  4202.2245089529415
0.05582000  4201.610940234118
0.05584000  4200.997371515295
0.05586000  4200.38380279647
0.05588000  4199.770234077647
0.05590000  4199.156665358823
0.05592000  4198.54309664
0.05594000  4197.9295279211765
0.05596000  4197.315959202353
0.05598000  4196.70239048353
0.05600000  4196.088821764706
0.05602000  4195.475253045883
0.05604000  4194.861684327059
0.05606000  4194.248115608236
0.05608000  4193.6345468894115
0.05610000  4193.020978170588
0.05612000  4192.407409451765
0.05614000  4191.793840732941
0.05616000  4191.180272014118
0.05618000  4190.566703295294
0.05620000  4189.953134576471
0.05622000  4189.339565857647
0.05624000  4188.725997138824
0.05626000  4188.1124284200005
0.05628000  4187.498859701176
0.05630000  4186.885290982353
0.05632000  4186.271722263529
0.05634000  4185.658153544706
0.05636000  4185.044584825882
0.05638000  4184.431016107059
0.05640000  4183.817447388235
0.05642000  4183.203878669412
0.05644000  4182.590309950589
0.05646000  4181.976741231765
0.05648000  4181.363172512942
0.05650000  4180.749603794118
0.05652000  4180.136035075294
0.05654000  4179.52246635647
0.05656000  4178.908897637647
0.05658000  4178.2953289188235
0.05660000  4177.6817602
0.05662000  4177.068191481177
0.05664000  4176.454622762353
0.05666000  4175.84105404353
0.05668000  4175.227485324706
0.05670000  4174.613916605882
0.05672000  4174.0003478870585
0.05674000  4173.386779168235
0.05676000  4172.773210449412
0.05678000  4172.159641730588
0.05680000  4171.546073011765
0.05682000  4170.932504292941
0.05684000  4170.318935574118
0.05686000  4169.705366855294
0.05688000  4169.091798136471
0.05690000  4168.4782294176475
0.05692000  4167.864660698824
0.05694000  4167.25109198
0.05696000  4166.637523261176
0.05698000  4166.023954542353
0.05700000  4165.410385823529
0.05702000  4164.796817104706
0.05704000  4164.1832483858825
0.05706000  4163.569679667059
0.05708000  4162.956110948236
0.05710000  4162.342542229412
0.05712000  4161.728973510589
0.05714000  4161.115404791764
0.05716000  4160.501836072941
0.05718000  4159.8882673541175
0.05720000  4159.274698635294
0.05722000  4158.661129916471
0.05724000  4158.047561197647
0.05726000  4157.433992478824
0.05728000  4156.82042376
0.05730000  4156.206855041177
0.05732000  4155.593286322353
0.05734000  4154.97971760353
0.05736000  4154.366148884706
0.05738000  4153.752580165882
0.05740000  4153.139011447059
0.05742000  4152.525442728235
0.05744000  4151.911874009412
0.05746000  4151.298305290588
0.05748000  4150.684736571765
0.05750000  4150.0711678529415
0.05752000  4149.457599134118
0.05754000  4148.844030415295
0.05756000  4148.23046169647
0.05758000  4147.616892977647
0.05760000  4147.003324258823
0.05762000  4146.38975554
0.05764000  4145.776186821176
0.05766000  4145.162618102353
0.05768000  4144.54904938353
0.05770000  4143.935480664706
0.05772000  4143.321911945883
0.05774000  4142.708343227059
0.05776000  4142.094774508236
0.05778000  4141.481205789411
0.05780000  4140.867637070588
0.05782000  4140.2540683517645
0.05784000  4139.640499632941
0.05786000  4139.026930914118
0.05788000  4138.413362195294
0.05790000  4137.799793476471
0.05792000  4137.186224757647
0.05794000  4136.572656038824
0.05796000  4135.95908732
0.05798000  4135.345518601176
0.05800000  4134.731949882353
0.05802000  4134.118381163529
0.05804000  4133.504812444706
0.05806000  4132.891243725882
0.05808000  4132.277675007059
0.05810000  4131.664106288235
0.05812000  4131.050537569412
0.05814000  4130.4369688505885
0.05816000  4129.823400131765
0.05818000  4129.209831412942
0.05820000  4128.596262694118
0.05822000  4127.982693975294
0.05824000  4127.36912525647
0.05826000  4126.755556537647
0.05828000  4126.1419878188235
0.05830000  4125.5284191
0.05832000  4124.914850381177
0.05834000  4124.301281662353
0.05836000  4123.68771294353
0.05838000  4123.074144224706
0.05840000  4122.460575505882
0.05842000  4121.8470067870585
0.05844000  4121.233438068235
0.05846000  4120.619869349412
0.05848000  4120.006300630588
0.05850000  4119.392731911765
0.05852000  4118.779163192941
0.05854000  4118.165594474118
0.05856000  4117.552025755294
0.05858000  4116.938457036471
0.05860000  4116.3248883176475
0.05862000  4115.711319598824
0.05864000  4115.09775088
0.05866000  4114.484182161176
0.05868000  4113.870613442353
0.05870000  4113.257044723529
0.05872000  4112.643476004706
0.05874000  4112.0299072858825
0.05876000  4111.416338567059
0.05878000  4110.802769848236
0.05880000  4110.189201129412
0.05882000  4109.575632410589
0.05884000  4108.962063691764
0.05886000  4108.348494972941
0.05888000  4107.734926254117
0.05890000  4107.121357535294
0.05892000  4106.507788816471
0.05894000  4105.894220097647
0.05896000  4105.280651378824
0.05898000  4104.66708266
0.05900000  4104.053513941177
0.05902000  4103.439945222353
0.05904000  4102.82637650353
0.05906000  4102.212807784706
0.05908000  4101.599239065882
0.05910000  4100.985670347059
0.05912000  4100.372101628235
0.05914000  4099.758532909412
0.05916000  4099.144964190588
0.05918000  4098.531395471765
0.05920000  4097.917826752941
0.05922000  4097.304258034118
0.05924000  4096.690689315295
0.05926000  4096.07712059647
0.05928000  4095.463551877647
0.05930000  4094.8499831588238
0.05932000  4094.23641444
0.05934000  4093.6228457211764
0.05936000  4093.009277002353
0.05938000  4092.3957082835295
0.05940000  4091.782139564706
0.05942000  4091.1685708458826
0.05944000  4090.5550021270587
0.05946000  4089.9414334082353
0.05948000  4089.327864689412
0.05950000  4088.7142959705884
0.05952000  4088.1007272517645
0.05954000  4087.487158532941
0.05956000  4086.8735898141176
0.05958000  4086.260021095294
0.05960000  4085.6464523764707
0.05962000  4085.0328836576473
0.05964000  4084.4193149388234
0.05966000  4083.80574622
0.05968000  4083.1921775011765
0.05970000  4082.578608782353
0.05972000  4081.9650400635296
0.05974000  4081.3514713447057
0.05976000  4080.7379026258823
0.05978000  4080.124333907059
0.05980000  4079.5107651882354
0.05982000  4078.897196469412
0.05984000  4078.2836277505885
0.05986000  4077.6700590317646
0.05988000  4077.056490312941
0.05990000  4076.4429215941177
0.05992000  4075.8293528752943
0.05994000  4075.2157841564704
0.05996000  4074.602215437647
0.05998000  4073.9886467188235
0.06000000  4073.375078
0.06002000  4068.860287
0.06004000  4064.696923
0.06006000  4060.863799
0.06008000  4057.30484
0.06010000  4053.786039
0.06012000  4049.582459
0.06014000  4043.945033
0.06016000  4036.353893
0.06018000  4026.216792
0.06020000  4012.869142
0.06022000  3994.731065
0.06024000  3967.02161
0.06026000  3923.894175
0.06028000  3858.011217
0.06030000  3759.107528
0.06032000  3613.215381
0.06034000  3403.700605
0.06036000  3116.562775
0.06038000  2759.067233
0.06040000  2376.423713
0.06042000  2003.404108
0.06044000  1637.629009
0.06046000  1257.273469
0.06048000  858.800266
0.06050000  510.5977
0.06052000  293.922746
0.06054000  183.666753
0.06056000  135.100396
0.06058000  121.065549
0.06060000  136.86881
0.06062000  196.017752
0.06064000  333.134039
0.06066000  596.337087
0.06068000  999.52819
0.06070000  1505.07492
0.06072000  2051.842896
0.06074000  2580.470295
0.06076000  3050.979229
0.06078000  3443.069359
0.06080000  3750.481227
0.06082000  3980.165078
0.06084000  4147.00083
0.06086000  4266.983849
0.06088000  4353.392821
0.06090000  4416.044323
0.06092000  4461.876523
0.06094000  4495.68677
0.06096000  4520.819465
0.06098000  4539.622346
0.06100000  4553.766154
0.06102000  4564.437864
0.06104000  4572.5094
0.06106000  4578.614824
0.06108000  4583.224858
0.06110000  4586.698908
0.06112000  4589.312573
0.06114000  4591.264376
0.06116000  4592.709681
0.06118000  4593.76563
0.06120000  4594.517912
0.06122000  4595.035033
0.06124000  4595.374137
0.06126000  4595.5732
0.06128000  4595.664637
0.06130000  4595.680772
0.06132000  4595.640435
0.06134000  4595.559752
0.06136000  4595.460227
0.06138000  4595.349922
0.06140000  4595.244979
0.06142000  4595.145399
0.06144000  4595.051185
0.06146000  4594.962341
0.06148000  4594.884254
0.06150000  4594.811543
0.06152000  4594.749597
0.06154000  4594.695725
0.06156000  4594.64993
0.06158000  4594.606825
0.06160000  4594.5718
0.06162000  4594.542162
0.06164000  4594.517912
0.06166000  4594.49366
0.06168000  4594.474797
0.06170000  4594.455933
0.06172000  4594.439764
0.06174000  4594.426289
0.06176000  4594.415509
0.06178000  4594.404728
0.06180000  4594.393948
0.06182000  4594.385862
0.06184000  4594.377777
0.06186000  4594.372386
0.06188000  4594.3643
0.06190000  4594.361605
0.06192000  4594.356215
0.06194000  4594.353519
0.06196000  4594.350824
0.06198000  4594.348128
0.06200000  4594.345433
0.06202000  4594.345433
0.06204000  4594.345433
0.06206000  4594.345433
0.06208000  4594.348128
0.06210000  4594.348128
0.06212000  4594.350824
0.06214000  4594.353519
0.06216000  4594.356215
0.06218000  4594.361605
0.06220000  4594.3643
0.06222000  4594.369691
0.06224000  4594.375082
0.06226000  4594.383167
0.06228000  4594.388558
0.06230000  4594.396643
0.06232000  4594.402033
0.06234000  4594.410119
0.06236000  4594.420899
0.06238000  4594.428984
0.06240000  4594.437069
0.06242000  4594.447848
0.06244000  4594.458628
0.06246000  4594.469407
0.06248000  4594.480186
0.06250000  4594.49366
0.06252000  4594.504439
0.06254000  4594.517912
0.06256000  4594.531384
0.06258000  4594.544857
0.06260000  4594.558329
0.06262000  4594.5718
0.06264000  4594.587966
0.06266000  4594.601437
0.06268000  4594.617602
0.06270000  4594.633766
0.06272000  4594.64993
0.06274000  4594.666093
0.06276000  4594.682256
0.06278000  4594.701112
0.06280000  4594.717274
0.06282000  4594.736129
0.06284000  4594.75229
0.06286000  4594.771144
0.06288000  4594.789998
0.06290000  4594.80885
0.06292000  4594.830395
0.06294000  4594.849246
0.06296000  4594.868097
0.06298000  4594.88964
0.06300000  4594.908489
