0.00000000  4073.384782
0.00002000  4068.870023
0.00004000  4064.71157
0.00006000  4060.873591
0.00008000  4057.314656
0.00010000  4053.795881
0.00012000  4049.592329
0.00014000  4043.954943
0.00016000  4036.363855
0.00018000  4026.226824
0.00020000  4012.884327
0.00022000  3994.746433
0.00024000  3967.032039
0.00026000  3923.910238
0.00028000  3858.039014
0.00030000  3759.160161
0.00032000  3613.346267
0.00034000  3404.015434
0.00036000  3117.244068
0.00038000  2760.386062
0.00040000  2378.676675
0.00042000  2006.802456
0.00044000  1642.244013
0.00046000  1262.831124
0.00048000  864.533161
0.00050000  515.578248
0.00052000  298.070296
0.00054000  187.352942
0.00056000  138.849016
0.00058000  125.551344
0.00060000  143.467238
0.00062000  207.94843
0.00064000  357.339033
0.00066000  643.803792
0.00068000  1078.697066
0.00070000  1613.886774
0.00072000  2178.314245
0.00074000  2709.400767
0.00076000  3170.179175
0.00078000  3545.859568
0.00080000  3835.30141
0.00082000  4048.679007
0.00084000  4202.102255
0.00086000  4311.55294
0.00088000  4389.835436
0.00090000  4446.235056
0.00092000  4487.222971
0.00094000  4517.258649
0.00096000  4539.421612
0.00098000  4555.869342
0.00100000  4568.133499
0.00102000  4577.297736
0.00104000  4584.155684
0.00106000  4589.279941
0.00108000  4593.093398
0.00110000  4595.925422
0.00112000  4598.015417
0.00114000  4599.545129
0.00116000  4600.644375
0.00118000  4601.419486
0.00120000  4601.943608
0.00122000  4602.275919
0.00124000  4602.464583
0.00126000  4602.538968
0.00128000  4602.533655
0.00130000  4602.46724
0.00132000  4602.355644
0.00134000  4602.220104
0.00136000  4602.071239
0.00138000  4601.922334
0.00140000  4601.778709
0.00142000  4601.64303
0.00144000  4601.517963
0.00146000  4601.400853
0.00148000  4601.291706
0.00150000  4601.19319
0.00152000  4601.105309
0.00154000  4601.025405
0.00156000  4600.950818
0.00158000  4600.884214
0.00160000  4600.822932
0.00162000  4600.766972
0.00164000  4600.713672
0.00166000  4600.665698
0.00168000  4600.620385
0.00170000  4600.575068
0.00172000  4600.53508
0.00174000  4600.495089
0.00176000  4600.457762
0.00178000  4600.420431
0.00180000  4600.385766
0.00182000  4600.351098
0.00184000  4600.319094
0.00186000  4600.287089
0.00188000  4600.255083
0.00190000  4600.225741
0.00192000  4600.196399
0.00194000  4600.167055
0.00196000  4600.140377
0.00198000  4600.113697
0.00200000  4600.089685
0.00202000  4600.063003
0.00204000  4600.038989
0.00206000  4600.017642
0.00208000  4599.993625
0.00210000  4599.972277
0.00212000  4599.950927
0.00214000  4599.932245
0.00216000  4599.910894
0.00218000  4599.892211
0.00220000  4599.873528
0.00222000  4599.857513
0.00224000  4599.841497
0.00226000  4599.825481
0.00228000  4599.809465
0.00230000  4599.793448
0.00232000  4599.7801
0.00234000  4599.766752
0.00236000  4599.753404
0.00238000  4599.742725
0.00240000  4599.729376
0.00242000  4599.718697
0.00244000  4599.708017
0.00246000  4599.700008
0.00248000  4599.689328
0.00250000  4599.681318
0.00252000  4599.673308
0.00254000  4599.665297
0.00256000  4599.659957
0.00258000  4599.651947
0.00260000  4599.646606
0.00262000  4599.641266
0.00264000  4599.635925
0.00266000  4599.633255
0.00268000  4599.627914
0.00270000  4599.625244
0.00272000  4599.622574
0.00274000  4599.619903
0.00276000  4599.619903
0.00278000  4599.617233
0.00280000  4599.617233
0.00282000  4599.617233
0.00284000  4599.617233
0.00286000  4599.617233
0.00288000  4599.617233
0.00290000  4599.619903
0.00292000  4599.619903
0.00294000  4599.622574
0.00296000  4599.625244
0.00298000  4599.627914
0.00300000  4599.630585
0.00302000  4599.011472290588
0.00304000  4598.392359581177
0.00306000  4597.773246871765
0.00308000  4597.154134162352
0.00310000  4596.535021452941
0.00312000  4595.915908743529
0.00314000  4595.2967960341175
0.00316000  4594.677683324706
0.00318000  4594.058570615294
0.00320000  4593.439457905883
0.00322000  4592.82034519647
0.00324000  4592.201232487058
0.00326000  4591.582119777647
0.00328000  4590.963007068235
0.00330000  4590.3438943588235
0.00332000  4589.724781649412
0.00334000  4589.10566894
0.00336000  4588.486556230589
0.00338000  4587.867443521176
0.00340000  4587.248330811764
0.00342000  4586.629218102353
0.00344000  4586.010105392941
0.00346000  4585.3909926835295
0.00348000  4584.771879974118
0.00350000  4584.152767264706
0.00352000  4583.533654555294
0.00354000  4582.914541845882
0.00356000  4582.29542913647
0.00358000  4581.676316427059
0.00360000  4581.057203717647
0.00362000  4580.4380910082355
0.00364000  4579.818978298824
0.00366000  4579.199865589411
0.00368000  4578.58075288
0.00370000  4577.961640170588
0.00372000  4577.342527461176
0.00374000  4576.723414751765
0.00376000  4576.104302042353
0.00378000  4575.485189332941
0.00380000  4574.866076623529
0.00382000  4574.246963914117
0.00384000  4573.627851204706
0.00386000  4573.008738495294
0.00388000  4572.389625785882
0.00390000  4571.770513076471
0.00392000  4571.151400367059
0.00394000  4570.5322876576465
0.00396000  4569.913174948235
0.00398000  4569.294062238823
0.00400000  4568.674949529412
0.00402000  4568.05583682
0.00404000  4567.436724110588
0.00406000  4566.817611401177
0.00408000  4566.198498691765
0.00410000  4565.5793859823525
0.00412000  4564.960273272941
0.00414000  4564.341160563529
0.00416000  4563.722047854118
0.00418000  4563.102935144706
0.00420000  4562.483822435294
0.00422000  4561.864709725883
0.00424000  4561.24559701647
0.00426000  4560.6264843070585
0.00428000  4560.007371597647
0.00430000  4559.388258888235
0.00432000  4558.769146178824
0.00434000  4558.150033469412
0.00436000  4557.53092076
0.00438000  4556.911808050588
0.00440000  4556.292695341176
0.00442000  4555.6735826317645
0.00444000  4555.054469922353
0.00446000  4554.435357212941
0.00448000  4553.81624450353
0.00450000  4553.197131794118
0.00452000  4552.578019084705
0.00454000  4551.958906375294
0.00456000  4551.339793665882
0.00458000  4550.7206809564705
0.00460000  4550.101568247059
0.00462000  4549.482455537647
0.00464000  4548.863342828236
0.00466000  4548.244230118823
0.00468000  4547.625117409411
0.00470000  4547.0060047
0.00472000  4546.386891990588
0.00474000  4545.767779281176
0.00476000  4545.148666571765
0.00478000  4544.529553862353
0.00480000  4543.9104411529415
0.00482000  4543.291328443529
0.00484000  4542.672215734117
0.00486000  4542.053103024706
0.00488000  4541.433990315294
0.00490000  4540.814877605882
0.00492000  4540.195764896471
0.00494000  4539.576652187059
0.00496000  4538.957539477647
0.00498000  4538.338426768235
0.00500000  4537.719314058823
0.00502000  4537.100201349412
0.00504000  4536.48108864
0.00506000  4535.861975930588
0.00508000  4535.242863221177
0.00510000  4534.623750511764
0.00512000  4534.004637802353
0.00514000  4533.385525092941
0.00516000  4532.766412383529
0.00518000  4532.147299674118
0.00520000  4531.528186964706
0.00522000  4530.909074255294
0.00524000  4530.289961545882
0.00526000  4529.67084883647
0.00528000  4529.051736127059
0.00530000  4528.432623417647
0.00532000  4527.813510708235
0.00534000  4527.194397998824
0.00536000  4526.575285289412
0.00538000  4525.9561725799995
0.00540000  4525.337059870588
0.00542000  4524.717947161176
0.00544000  4524.098834451765
0.00546000  4523.479721742353
0.00548000  4522.860609032941
0.00550000  4522.24149632353
0.00552000  4521.622383614118
0.00554000  4521.0032709047055
0.00556000  4520.384158195294
0.00558000  4519.765045485882
0.00560000  4519.1459327764705
0.00562000  4518.526820067059
0.00564000  4517.907707357647
0.00566000  4517.288594648236
0.00568000  4516.669481938823
0.00570000  4516.050369229411
0.00572000  4515.43125652
0.00574000  4514.812143810588
0.00576000  4514.1930311011765
0.00578000  4513.573918391765
0.00580000  4512.954805682353
0.00582000  4512.335692972941
0.00584000  4511.716580263529
0.00586000  4511.097467554117
0.00588000  4510.478354844706
0.00590000  4509.859242135294
0.00592000  4509.2401294258825
0.00594000  4508.621016716471
0.00596000  4508.001904007058
0.00598000  4507.382791297647
0.00600000  4506.763678588235
0.00602000  4506.144565878823
0.00604000  4505.525453169412
0.00606000  4504.90634046
0.00608000  4504.2872277505885
0.00610000  4503.668115041176
0.00612000  4503.049002331764
0.00614000  4502.429889622353
0.00616000  4501.810776912941
0.00618000  4501.191664203529
0.00620000  4500.572551494118
0.00622000  4499.953438784706
0.00624000  4499.3343260752945
0.00626000  4498.715213365882
0.00628000  4498.09610065647
0.00630000  4497.476987947059
0.00632000  4496.857875237647
0.00634000  4496.238762528235
0.00636000  4495.619649818824
0.00638000  4495.000537109412
0.00640000  4494.3814244
0.00642000  4493.762311690588
0.00644000  4493.143198981176
0.00646000  4492.524086271765
0.00648000  4491.904973562353
0.00650000  4491.285860852941
0.00652000  4490.66674814353
0.00654000  4490.047635434117
0.00656000  4489.4285227247055
0.00658000  4488.809410015294
0.00660000  4488.190297305882
0.00662000  4487.571184596471
0.00664000  4486.952071887059
0.00666000  4486.332959177647
0.00668000  4485.713846468235
0.00670000  4485.094733758823
0.00672000  4484.4756210494115
0.00674000  4483.85650834
0.00676000  4483.237395630588
0.00678000  4482.618282921177
0.00680000  4481.999170211765
0.00682000  4481.380057502352
0.00684000  4480.760944792941
0.00686000  4480.141832083529
0.00688000  4479.5227193741175
0.00690000  4478.903606664706
0.00692000  4478.284493955294
0.00694000  4477.665381245883
0.00696000  4477.046268536471
0.00698000  4476.427155827058
0.00700000  4475.808043117647
0.00702000  4475.188930408235
0.00704000  4474.5698176988235
0.00706000  4473.950704989412
0.00708000  4473.33159228
0.00710000  4472.712479570589
0.00712000  4472.093366861176
0.00714000  4471.474254151764
0.00716000  4470.855141442353
0.00718000  4470.236028732941
0.00720000  4469.6169160235295
0.00722000  4468.997803314118
0.00724000  4468.378690604706
0.00726000  4467.759577895294
0.00728000  4467.140465185882
0.00730000  4466.52135247647
0.00732000  4465.902239767059
0.00734000  4465.283127057647
0.00736000  4464.6640143482355
0.00738000  4464.044901638824
0.00740000  4463.425788929411
0.00742000  4462.80667622
0.00744000  4462.187563510588
0.00746000  4461.568450801176
0.00748000  4460.949338091765
0.00750000  4460.330225382353
0.00752000  4459.711112672941
0.00754000  4459.09199996353
0.00756000  4458.472887254117
0.00758000  4457.853774544706
0.00760000  4457.234661835294
0.00762000  4456.615549125882
0.00764000  4455.996436416471
0.00766000  4455.377323707059
0.00768000  4454.758210997647
0.00770000  4454.139098288235
0.00772000  4453.519985578823
0.00774000  4452.900872869412
0.00776000  4452.28176016
0.00778000  4451.662647450588
0.00780000  4451.043534741177
0.00782000  4450.424422031765
0.00784000  4449.8053093223525
0.00786000  4449.186196612941
0.00788000  4448.567083903529
0.00790000  4447.947971194118
0.00792000  4447.328858484706
0.00794000  4446.709745775294
0.00796000  4446.090633065883
0.00798000  4445.47152035647
0.00800000  4444.8524076470585
0.00802000  4444.233294937647
0.00804000  4443.614182228235
0.00806000  4442.995069518824
0.00808000  4442.375956809412
0.00810000  4441.7568441
0.00812000  4441.137731390588
0.00814000  4440.518618681176
0.00816000  4439.8995059717645
0.00818000  4439.280393262353
0.00820000  4438.661280552941
0.00822000  4438.04216784353
0.00824000  4437.423055134118
0.00826000  4436.803942424705
0.00828000  4436.184829715294
0.00830000  4435.565717005882
0.00832000  4434.9466042964705
0.00834000  4434.327491587059
0.00836000  4433.708378877647
0.00838000  4433.089266168236
0.00840000  4432.470153458824
0.00842000  4431.851040749411
0.00844000  4431.23192804
0.00846000  4430.612815330588
0.00848000  4429.993702621176
0.00850000  4429.374589911765
0.00852000  4428.755477202353
0.00854000  4428.1363644929415
0.00856000  4427.517251783529
0.00858000  4426.898139074117
0.00860000  4426.279026364706
0.00862000  4425.659913655294
0.00864000  4425.040800945882
0.00866000  4424.421688236471
0.00868000  4423.802575527059
0.00870000  4423.183462817647
0.00872000  4422.564350108235
0.00874000  4421.945237398823
0.00876000  4421.326124689412
0.00878000  4420.70701198
0.00880000  4420.087899270588
0.00882000  4419.468786561177
0.00884000  4418.849673851764
0.00886000  4418.230561142353
0.00888000  4417.611448432941
0.00890000  4416.992335723529
0.00892000  4416.373223014118
0.00894000  4415.754110304706
0.00896000  4415.134997595294
0.00898000  4414.515884885883
0.00900000  4413.89677217647
0.00902000  4413.277659467059
0.00904000  4412.658546757647
0.00906000  4412.039434048235
0.00908000  4411.420321338824
0.00910000  4410.801208629412
0.00912000  4410.18209592
0.00914000  4409.562983210588
0.00916000  4408.943870501176
0.00918000  4408.324757791765
0.00920000  4407.705645082353
0.00922000  4407.086532372941
0.00924000  4406.46741966353
0.00926000  4405.848306954118
0.00928000  4405.2291942447055
0.00930000  4404.610081535294
0.00932000  4403.990968825882
0.00934000  4403.371856116471
0.00936000  4402.752743407059
0.00938000  4402.133630697647
0.00940000  4401.514517988236
0.00942000  4400.895405278823
0.00944000  4400.276292569411
0.00946000  4399.65717986
0.00948000  4399.038067150588
0.00950000  4398.4189544411765
0.00952000  4397.799841731765
0.00954000  4397.180729022353
0.00956000  4396.561616312941
0.00958000  4395.942503603529
0.00960000  4395.323390894117
0.00962000  4394.704278184706
0.00964000  4394.085165475294
0.00966000  4393.4660527658825
0.00968000  4392.846940056471
0.00970000  4392.227827347058
0.00972000  4391.608714637647
0.00974000  4390.989601928235
0.00976000  4390.370489218823
0.00978000  4389.751376509412
0.00980000  4389.1322638
0.00982000  4388.5131510905885
0.00984000  4387.894038381177
0.00986000  4387.274925671764
0.00988000  4386.655812962353
0.00990000  4386.036700252941
0.00992000  4385.417587543529
0.00994000  4384.798474834118
0.00996000  4384.179362124706
0.00998000  4383.5602494152945
0.01000000  4382.941136705882
0.01002000  4382.32202399647
0.01004000  4381.702911287059
0.01006000  4381.083798577647
0.01008000  4380.464685868235
0.01010000  4379.845573158824
0.01012000  4379.226460449412
0.01014000  4378.60734774
0.01016000  4377.988235030588
0.01018000  4377.369122321176
0.01020000  4376.750009611765
0.01022000  4376.130896902353
0.01024000  4375.511784192941
0.01026000  4374.89267148353
0.01028000  4374.273558774117
0.01030000  4373.654446064706
0.01032000  4373.035333355294
0.01034000  4372.416220645882
0.01036000  4371.797107936471
0.01038000  4371.177995227059
0.01040000  4370.558882517647
0.01042000  4369.939769808236
0.01044000  4369.320657098823
0.01046000  4368.7015443894115
0.01048000  4368.08243168
0.01050000  4367.463318970588
0.01052000  4366.844206261177
0.01054000  4366.225093551765
0.01056000  4365.605980842353
0.01058000  4364.986868132941
0.01060000  4364.367755423529
0.01062000  4363.7486427141175
0.01064000  4363.129530004706
0.01066000  4362.510417295294
0.01068000  4361.891304585883
0.01070000  4361.272191876471
0.01072000  4360.653079167058
0.01074000  4360.033966457647
0.01076000  4359.414853748235
0.01078000  4358.7957410388235
0.01080000  4358.176628329412
0.01082000  4357.55751562
0.01084000  4356.938402910589
0.01086000  4356.319290201176
0.01088000  4355.700177491764
0.01090000  4355.081064782353
0.01092000  4354.461952072941
0.01094000  4353.8428393635295
0.01096000  4353.223726654118
0.01098000  4352.604613944706
0.01100000  4351.985501235294
0.01102000  4351.366388525882
0.01104000  4350.74727581647
0.01106000  4350.128163107059
0.01108000  4349.509050397647
0.01110000  4348.8899376882355
0.01112000  4348.270824978824
0.01114000  4347.651712269411
0.01116000  4347.03259956
0.01118000  4346.413486850588
0.01120000  4345.794374141176
0.01122000  4345.175261431765
0.01124000  4344.556148722353
0.01126000  4343.9370360129415
0.01128000  4343.31792330353
0.01130000  4342.698810594117
0.01132000  4342.079697884706
0.01134000  4341.460585175294
0.01136000  4340.841472465882
0.01138000  4340.222359756471
0.01140000  4339.603247047059
0.01142000  4338.984134337647
0.01144000  4338.365021628235
0.01146000  4337.745908918823
0.01148000  4337.126796209412
0.01150000  4336.5076835
0.01152000  4335.888570790588
0.01154000  4335.269458081177
0.01156000  4334.650345371765
0.01158000  4334.0312326623525
0.01160000  4333.412119952941
0.01162000  4332.793007243529
0.01164000  4332.173894534118
0.01166000  4331.554781824706
0.01168000  4330.935669115294
0.01170000  4330.316556405883
0.01172000  4329.69744369647
0.01174000  4329.0783309870585
0.01176000  4328.459218277647
0.01178000  4327.840105568235
0.01180000  4327.220992858824
0.01182000  4326.601880149412
0.01184000  4325.98276744
0.01186000  4325.363654730589
0.01188000  4324.744542021176
0.01190000  4324.1254293117645
0.01192000  4323.506316602353
0.01194000  4322.887203892941
0.01196000  4322.26809118353
0.01198000  4321.648978474118
0.01200000  4321.029865764706
0.01202000  4320.410753055294
0.01204000  4319.791640345882
0.01206000  4319.1725276364705
0.01208000  4318.553414927059
0.01210000  4317.934302217647
0.01212000  4317.315189508236
0.01214000  4316.696076798824
0.01216000  4316.076964089411
0.01218000  4315.45785138
0.01220000  4314.838738670588
0.01222000  4314.2196259611765
0.01224000  4313.600513251765
0.01226000  4312.981400542353
0.01228000  4312.362287832942
0.01230000  4311.743175123529
0.01232000  4311.124062414117
0.01234000  4310.504949704706
0.01236000  4309.885836995294
0.01238000  4309.266724285882
0.01240000  4308.647611576471
0.01242000  4308.028498867059
0.01244000  4307.4093861576475
0.01246000  4306.790273448235
0.01248000  4306.171160738823
0.01250000  4305.552048029412
0.01252000  4304.93293532
0.01254000  4304.313822610588
0.01256000  4303.694709901177
0.01258000  4303.075597191764
0.01260000  4302.456484482353
0.01262000  4301.837371772941
0.01264000  4301.218259063529
0.01266000  4300.599146354118
0.01268000  4299.980033644706
0.01270000  4299.360920935294
0.01272000  4298.741808225883
0.01274000  4298.12269551647
0.01276000  4297.503582807059
0.01278000  4296.884470097647
0.01280000  4296.265357388235
0.01282000  4295.646244678824
0.01284000  4295.027131969412
0.01286000  4294.40801926
0.01288000  4293.788906550588
0.01290000  4293.169793841176
0.01292000  4292.550681131765
0.01294000  4291.931568422353
0.01296000  4291.312455712941
0.01298000  4290.69334300353
0.01300000  4290.074230294118
0.01302000  4289.4551175847055
0.01304000  4288.836004875294
0.01306000  4288.216892165882
0.01308000  4287.597779456471
0.01310000  4286.978666747059
0.01312000  4286.359554037647
0.01314000  4285.740441328236
0.01316000  4285.121328618823
0.01318000  4284.5022159094115
0.01320000  4283.8831032
0.01322000  4283.263990490588
0.01324000  4282.644877781177
0.01326000  4282.025765071765
0.01328000  4281.406652362353
0.01330000  4280.787539652942
0.01332000  4280.168426943529
0.01334000  4279.549314234117
0.01336000  4278.930201524706
0.01338000  4278.311088815294
0.01340000  4277.6919761058825
0.01342000  4277.072863396471
0.01344000  4276.453750687059
0.01346000  4275.834637977647
0.01348000  4275.215525268235
0.01350000  4274.596412558823
0.01352000  4273.977299849412
0.01354000  4273.35818714
0.01356000  4272.7390744305885
0.01358000  4272.119961721177
0.01360000  4271.500849011764
0.01362000  4270.881736302353
0.01364000  4270.262623592941
0.01366000  4269.643510883529
0.01368000  4269.024398174118
0.01370000  4268.405285464706
0.01372000  4267.7861727552945
0.01374000  4267.167060045882
0.01376000  4266.54794733647
0.01378000  4265.928834627059
0.01380000  4265.309721917647
0.01382000  4264.690609208235
0.01384000  4264.071496498824
0.01386000  4263.452383789412
0.01388000  4262.8332710800005
0.01390000  4262.214158370588
0.01392000  4261.595045661176
0.01394000  4260.975932951765
0.01396000  4260.356820242353
0.01398000  4259.737707532941
0.01400000  4259.11859482353
0.01402000  4258.499482114117
0.01404000  4257.880369404706
0.01406000  4257.261256695294
0.01408000  4256.642143985882
0.01410000  4256.023031276471
0.01412000  4255.403918567059
0.01414000  4254.784805857647
0.01416000  4254.165693148236
0.01418000  4253.546580438823
0.01420000  4252.927467729412
0.01422000  4252.30835502
0.01424000  4251.689242310588
0.01426000  4251.070129601177
0.01428000  4250.451016891765
0.01430000  4249.831904182353
0.01432000  4249.212791472941
0.01434000  4248.593678763529
0.01436000  4247.9745660541175
0.01438000  4247.355453344706
0.01440000  4246.736340635294
0.01442000  4246.117227925883
0.01444000  4245.498115216471
0.01446000  4244.879002507059
0.01448000  4244.259889797647
0.01450000  4243.640777088235
0.01452000  4243.0216643788235
0.01454000  4242.402551669412
0.01456000  4241.78343896
0.01458000  4241.164326250589
0.01460000  4240.545213541176
0.01462000  4239.926100831764
0.01464000  4239.306988122353
0.01466000  4238.687875412941
0.01468000  4238.0687627035295
0.01470000  4237.449649994118
0.01472000  4236.830537284706
0.01474000  4236.211424575295
0.01476000  4235.592311865882
0.01478000  4234.97319915647
0.01480000  4234.354086447059
0.01482000  4233.734973737647
0.01484000  4233.1158610282355
0.01486000  4232.496748318824
0.01488000  4231.877635609412
0.01490000  4231.2585229
0.01492000  4230.639410190588
0.01494000  4230.020297481176
0.01496000  4229.401184771765
0.01498000  4228.782072062353
0.01500000  4228.1629593529415
0.01502000  4227.54384664353
0.01504000  4226.924733934117
0.01506000  4226.305621224706
0.01508000  4225.686508515294
0.01510000  4225.067395805882
0.01512000  4224.448283096471
0.01514000  4223.829170387059
0.01516000  4223.2100576776475
0.01518000  4222.590944968235
0.01520000  4221.971832258823
0.01522000  4221.352719549412
0.01524000  4220.73360684
0.01526000  4220.114494130588
0.01528000  4219.495381421177
0.01530000  4218.876268711765
0.01532000  4218.257156002353
0.01534000  4217.638043292941
0.01536000  4217.018930583529
0.01538000  4216.399817874118
0.01540000  4215.780705164706
0.01542000  4215.161592455294
0.01544000  4214.542479745883
0.01546000  4213.923367036471
0.01548000  4213.3042543270585
0.01550000  4212.685141617647
0.01552000  4212.066028908235
0.01554000  4211.446916198824
0.01556000  4210.827803489412
0.01558000  4210.20869078
0.01560000  4209.589578070589
0.01562000  4208.970465361176
0.01564000  4208.3513526517645
0.01566000  4207.732239942353
0.01568000  4207.113127232941
0.01570000  4206.49401452353
0.01572000  4205.874901814118
0.01574000  4205.255789104706
0.01576000  4204.636676395294
0.01578000  4204.017563685882
0.01580000  4203.3984509764705
0.01582000  4202.779338267059
0.01584000  4202.160225557647
0.01586000  4201.541112848236
0.01588000  4200.922000138824
0.01590000  4200.302887429412
0.01592000  4199.68377472
0.01594000  4199.064662010588
0.01596000  4198.4455493011765
0.01598000  4197.826436591765
0.01600000  4197.207323882353
0.01602000  4196.588211172942
0.01604000  4195.969098463529
0.01606000  4195.349985754117
0.01608000  4194.730873044706
0.01610000  4194.111760335294
0.01612000  4193.4926476258825
0.01614000  4192.873534916471
0.01616000  4192.254422207059
0.01618000  4191.6353094976475
0.01620000  4191.016196788235
0.01622000  4190.397084078823
0.01624000  4189.777971369412
0.01626000  4189.15885866
0.01628000  4188.539745950588
0.01630000  4187.920633241177
0.01632000  4187.301520531765
0.01634000  4186.682407822353
0.01636000  4186.063295112941
0.01638000  4185.444182403529
0.01640000  4184.825069694118
0.01642000  4184.205956984706
0.01644000  4183.586844275294
0.01646000  4182.967731565883
0.01648000  4182.34861885647
0.01650000  4181.729506147059
0.01652000  4181.110393437647
0.01654000  4180.491280728235
0.01656000  4179.872168018824
0.01658000  4179.253055309412
0.01660000  4178.6339426
0.01662000  4178.014829890588
0.01664000  4177.395717181176
0.01666000  4176.776604471765
0.01668000  4176.157491762353
0.01670000  4175.538379052941
0.01672000  4174.91926634353
0.01674000  4174.300153634118
0.01676000  4173.681040924706
0.01678000  4173.061928215294
0.01680000  4172.442815505882
0.01682000  4171.823702796471
0.01684000  4171.204590087059
0.01686000  4170.585477377647
0.01688000  4169.966364668236
0.01690000  4169.347251958824
0.01692000  4168.7281392494115
0.01694000  4168.10902654
0.01696000  4167.489913830588
0.01698000  4166.870801121177
0.01700000  4166.251688411765
0.01702000  4165.632575702353
0.01704000  4165.013462992942
0.01706000  4164.394350283529
0.01708000  4163.775237574117
0.01710000  4163.156124864706
0.01712000  4162.537012155294
0.01714000  4161.9178994458825
0.01716000  4161.298786736471
0.01718000  4160.679674027059
0.01720000  4160.060561317647
0.01722000  4159.441448608235
0.01724000  4158.822335898823
0.01726000  4158.203223189412
0.01728000  4157.58411048
0.01730000  4156.9649977705885
0.01732000  4156.345885061177
0.01734000  4155.726772351765
0.01736000  4155.107659642353
0.01738000  4154.488546932941
0.01740000  4153.869434223529
0.01742000  4153.250321514118
0.01744000  4152.631208804706
0.01746000  4152.0120960952945
0.01748000  4151.392983385882
0.01750000  4150.77387067647
0.01752000  4150.154757967059
0.01754000  4149.535645257647
0.01756000  4148.916532548235
0.01758000  4148.297419838824
0.01760000  4147.678307129412
0.01762000  4147.0591944200005
0.01764000  4146.440081710588
0.01766000  4145.820969001176
0.01768000  4145.201856291765
0.01770000  4144.582743582353
0.01772000  4143.963630872941
0.01774000  4143.34451816353
0.01776000  4142.725405454118
0.01778000  4142.106292744706
0.01780000  4141.487180035294
0.01782000  4140.868067325882
0.01784000  4140.248954616471
0.01786000  4139.629841907059
0.01788000  4139.010729197647
0.01790000  4138.391616488236
0.01792000  4137.772503778823
0.01794000  4137.153391069412
0.01796000  4136.53427836
0.01798000  4135.915165650588
0.01800000  4135.296052941177
0.01802000  4134.676940231765
0.01804000  4134.057827522353
0.01806000  4133.438714812941
0.01808000  4132.819602103529
0.01810000  4132.2004893941175
0.01812000  4131.581376684706
0.01814000  4130.962263975294
0.01816000  4130.343151265883
0.01818000  4129.724038556471
0.01820000  4129.104925847059
0.01822000  4128.485813137647
0.01824000  4127.866700428235
0.01826000  4127.2475877188235
0.01828000  4126.628475009412
0.01830000  4126.0093623
0.01832000  4125.390249590589
0.01834000  4124.771136881177
0.01836000  4124.152024171764
0.01838000  4123.532911462353
0.01840000  4122.913798752941
0.01842000  4122.2946860435295
0.01844000  4121.675573334118
0.01846000  4121.056460624706
0.01848000  4120.437347915295
0.01850000  4119.818235205882
0.01852000  4119.19912249647
0.01854000  4118.580009787059
0.01856000  4117.960897077647
0.01858000  4117.3417843682355
0.01860000  4116.722671658824
0.01862000  4116.103558949412
0.01864000  4115.48444624
0.01866000  4114.865333530588
0.01868000  4114.246220821176
0.01870000  4113.627108111765
0.01872000  4113.007995402353
0.01874000  4112.3888826929415
0.01876000  4111.76976998353
0.01878000  4111.150657274118
0.01880000  4110.531544564706
0.01882000  4109.912431855294
0.01884000  4109.293319145882
0.01886000  4108.674206436471
0.01888000  4108.055093727059
0.01890000  4107.4359810176475
0.01892000  4106.816868308235
0.01894000  4106.197755598823
0.01896000  4105.578642889412
0.01898000  4104.95953018
0.01900000  4104.340417470588
0.01902000  4103.721304761177
0.01904000  4103.102192051765
0.01906000  4102.483079342353
0.01908000  4101.863966632941
0.01910000  4101.244853923529
0.01912000  4100.625741214118
0.01914000  4100.006628504706
0.01916000  4099.387515795294
0.01918000  4098.768403085883
0.01920000  4098.149290376471
0.01922000  4097.5301776670585
0.01924000  4096.911064957647
0.01926000  4096.291952248235
0.01928000  4095.6728395388236
0.01930000  4095.053726829412
0.01932000  4094.4346141200003
0.01934000  4093.8155014105882
0.01936000  4093.1963887011766
0.01938000  4092.577275991765
0.01940000  4091.958163282353
0.01942000  4091.3390505729412
0.01944000  4090.7199378635296
0.01946000  4090.100825154118
0.01948000  4089.481712444706
0.01950000  4088.862599735294
0.01952000  4088.2434870258826
0.01954000  4087.6243743164705
0.01956000  4087.005261607059
0.01958000  4086.386148897647
0.01960000  4085.7670361882356
0.01962000  4085.1479234788235
0.01964000  4084.528810769412
0.01966000  4083.90969806
0.01968000  4083.290585350588
0.01970000  4082.6714726411765
0.01972000  4082.052359931765
0.01974000  4081.433247222353
0.01976000  4080.8141345129416
0.01978000  4080.1950218035295
0.01980000  4079.575909094118
0.01982000  4078.9567963847057
0.01984000  4078.337683675294
0.01986000  4077.7185709658825
0.01988000  4077.099458256471
0.01990000  4076.480345547059
0.01992000  4075.861232837647
0.01994000  4075.2421201282355
0.01996000  4074.6230074188234
0.01998000  4074.0038947094117
0.02000000  4073.384782
0.02002000  4068.870023
0.02004000  4064.71157
0.02006000  4060.873591
0.02008000  4057.314656
0.02010000  4053.795881
0.02012000  4049.592329
0.02014000  4043.954943
0.02016000  4036.363855
0.02018000  4026.226824
0.02020000  4012.884327
0.02022000  3994.746433
0.02024000  3967.032039
0.02026000  3923.910238
0.02028000  3858.039014
0.02030000  3759.160161
0.02032000  3613.346267
0.02034000  3404.015434
0.02036000  3117.244068
0.02038000  2760.386062
0.02040000  2378.676675
0.02042000  2006.802456
0.02044000  1642.244013
0.02046000  1262.831124
0.02048000  864.533161
0.02050000  515.578248
0.02052000  298.070296
0.02054000  187.352942
0.02056000  138.849016
0.02058000  125.551344
0.02060000  143.467238
0.02062000  207.94843
0.02064000  357.339033
0.02066000  643.803792
0.02068000  1078.697066
0.02070000  1613.886774
0.02072000  2178.314245
0.02074000  2709.400767
0.02076000  3170.179175
0.02078000  3545.859568
0.02080000  3835.30141
0.02082000  4048.679007
0.02084000  4202.102255
0.02086000  4311.55294
0.02088000  4389.835436
0.02090000  4446.235056
0.02092000  4487.222971
0.02094000  4517.258649
0.02096000  4539.421612
0.02098000  4555.869342
0.02100000  4568.133499
0.02102000  4577.297736
0.02104000  4584.155684
0.02106000  4589.279941
0.02108000  4593.093398
0.02110000  4595.925422
0.02112000  4598.015417
0.02114000  4599.545129
0.02116000  4600.644375
0.02118000  4601.419486
0.02120000  4601.943608
0.02122000  4602.275919
0.02124000  4602.464583
0.02126000  4602.538968
0.02128000  4602.533655
0.02130000  4602.46724
0.02132000  4602.355644
0.02134000  4602.220104
0.02136000  4602.071239
0.02138000  4601.922334
0.02140000  4601.778709
0.02142000  4601.64303
0.02144000  4601.517963
0.02146000  4601.400853
0.02148000  4601.291706
0.02150000  4601.19319
0.02152000  4601.105309
0.02154000  4601.025405
0.02156000  4600.950818
0.02158000  4600.884214
0.02160000  4600.822932
0.02162000  4600.766972
0.02164000  4600.713672
0.02166000  4600.665698
0.02168000  4600.620385
0.02170000  4600.575068
0.02172000  4600.53508
0.02174000  4600.495089
0.02176000  4600.457762
0.02178000  4600.420431
0.02180000  4600.385766
0.02182000  4600.351098
0.02184000  4600.319094
0.02186000  4600.287089
0.02188000  4600.255083
0.02190000  4600.225741
0.02192000  4600.196399
0.02194000  4600.167055
0.02196000  4600.140377
0.02198000  4600.113697
0.02200000  4600.089685
0.02202000  4600.063003
0.02204000  4600.038989
0.02206000  4600.017642
0.02208000  4599.993625
0.02210000  4599.972277
0.02212000  4599.950927
0.02214000  4599.932245
0.02216000  4599.910894
0.02218000  4599.892211
0.02220000  4599.873528
0.02222000  4599.857513
0.02224000  4599.841497
0.02226000  4599.825481
0.02228000  4599.809465
0.02230000  4599.793448
0.02232000  4599.7801
0.02234000  4599.766752
0.02236000  4599.753404
0.02238000  4599.742725
0.02240000  4599.729376
0.02242000  4599.718697
0.02244000  4599.708017
0.02246000  4599.700008
0.02248000  4599.689328
0.02250000  4599.681318
0.02252000  4599.673308
0.02254000  4599.665297
0.02256000  4599.659957
0.02258000  4599.651947
0.02260000  4599.646606
0.02262000  4599.641266
0.02264000  4599.635925
0.02266000  4599.633255
0.02268000  4599.627914
0.02270000  4599.625244
0.02272000  4599.622574
0.02274000  4599.619903
0.02276000  4599.619903
0.02278000  4599.617233
0.02280000  4599.617233
0.02282000  4599.617233
0.02284000  4599.617233
0.02286000  4599.617233
0.02288000  4599.617233
0.02290000  4599.619903
0.02292000  4599.619903
0.02294000  4599.622574
0.02296000  4599.625244
0.02298000  4599.627914
0.02300000  4599.630585
0.02302000  4599.011472290588
0.02304000  4598.392359581177
0.02306000  4597.773246871765
0.02308000  4597.154134162352
0.02310000  4596.535021452941
0.02312000  4595.915908743529
0.02314000  4595.2967960341175
0.02316000  4594.677683324706
0.02318000  4594.058570615294
0.02320000  4593.439457905883
0.02322000  4592.82034519647
0.02324000  4592.201232487058
0.02326000  4591.582119777647
0.02328000  4590.963007068235
0.02330000  4590.3438943588235
0.02332000  4589.724781649412
0.02334000  4589.10566894
0.02336000  4588.486556230589
0.02338000  4587.867443521176
0.02340000  4587.248330811764
0.02342000  4586.629218102353
0.02344000  4586.010105392941
0.02346000  4585.3909926835295
0.02348000  4584.771879974118
0.02350000  4584.152767264706
0.02352000  4583.533654555294
0.02354000  4582.914541845882
0.02356000  4582.29542913647
0.02358000  4581.676316427059
0.02360000  4581.057203717647
0.02362000  4580.4380910082355
0.02364000  4579.818978298824
0.02366000  4579.199865589411
0.02368000  4578.58075288
0.02370000  4577.961640170588
0.02372000  4577.342527461176
0.02374000  4576.723414751765
0.02376000  4576.104302042353
0.02378000  4575.485189332941
0.02380000  4574.866076623529
0.02382000  4574.246963914117
0.02384000  4573.627851204706
0.02386000  4573.008738495294
0.02388000  4572.389625785882
0.02390000  4571.770513076471
0.02392000  4571.151400367059
0.02394000  4570.5322876576465
0.02396000  4569.913174948235
0.02398000  4569.294062238823
0.02400000  4568.674949529412
0.02402000  4568.05583682
0.02404000  4567.436724110588
0.02406000  4566.817611401177
0.02408000  4566.198498691765
0.02410000  4565.5793859823525
0.02412000  4564.960273272941
0.02414000  4564.341160563529
0.02416000  4563.722047854118
0.02418000  4563.102935144706
0.02420000  4562.483822435294
0.02422000  4561.864709725883
0.02424000  4561.24559701647
0.02426000  4560.6264843070585
0.02428000  4560.007371597647
0.02430000  4559.388258888235
0.02432000  4558.769146178824
0.02434000  4558.150033469412
0.02436000  4557.53092076
0.02438000  4556.911808050588
0.02440000  4556.292695341176
0.02442000  4555.6735826317645
0.02444000  4555.054469922353
0.02446000  4554.435357212941
0.02448000  4553.81624450353
0.02450000  4553.197131794118
0.02452000  4552.578019084705
0.02454000  4551.958906375294
0.02456000  4551.339793665882
0.02458000  4550.7206809564705
0.02460000  4550.101568247059
0.02462000  4549.482455537647
0.02464000  4548.863342828236
0.02466000  4548.244230118823
0.02468000  4547.625117409411
0.02470000  4547.0060047
0.02472000  4546.386891990588
0.02474000  4545.767779281176
0.02476000  4545.148666571765
0.02478000  4544.529553862353
0.02480000  4543.9104411529415
0.02482000  4543.291328443529
0.02484000  4542.672215734117
0.02486000  4542.053103024706
0.02488000  4541.433990315294
0.02490000  4540.814877605882
0.02492000  4540.195764896471
0.02494000  4539.576652187059
0.02496000  4538.957539477647
0.02498000  4538.338426768235
0.02500000  4537.719314058823
0.02502000  4537.100201349412
0.02504000  4536.48108864
0.02506000  4535.861975930588
0.02508000  4535.242863221177
0.02510000  4534.623750511764
0.02512000  4534.004637802353
0.02514000  4533.385525092941
0.02516000  4532.766412383529
0.02518000  4532.147299674118
0.02520000  4531.528186964706
0.02522000  4530.909074255294
0.02524000  4530.289961545882
0.02526000  4529.67084883647
0.02528000  4529.051736127059
0.02530000  4528.432623417647
0.02532000  4527.813510708235
0.02534000  4527.194397998824
0.02536000  4526.575285289412
0.02538000  4525.9561725799995
0.02540000  4525.337059870588
0.02542000  4524.717947161176
0.02544000  4524.098834451765
0.02546000  4523.479721742353
0.02548000  4522.860609032941
0.02550000  4522.24149632353
0.02552000  4521.622383614118
0.02554000  4521.0032709047055
0.02556000  4520.384158195294
0.02558000  4519.765045485882
0.02560000  4519.1459327764705
0.02562000  4518.526820067059
0.02564000  4517.907707357647
0.02566000  4517.288594648236
0.02568000  4516.669481938823
0.02570000  4516.050369229411
0.02572000  4515.43125652
0.02574000  4514.812143810588
0.02576000  4514.1930311011765
0.02578000  4513.573918391765
0.02580000  4512.954805682353
0.02582000  4512.335692972941
0.02584000  4511.716580263529
0.02586000  4511.097467554117
0.02588000  4510.478354844706
0.02590000  4509.859242135294
0.02592000  4509.2401294258825
0.02594000  4508.621016716471
0.02596000  4508.001904007058
0.02598000  4507.382791297647
0.02600000  4506.763678588235
0.02602000  4506.144565878823
0.02604000  4505.525453169412
0.02606000  4504.90634046
0.02608000  4504.2872277505885
0.02610000  4503.668115041176
0.02612000  4503.049002331764
0.02614000  4502.429889622353
0.02616000  4501.810776912941
0.02618000  4501.191664203529
0.02620000  4500.572551494118
0.02622000  4499.953438784706
0.02624000  4499.3343260752945
0.02626000  4498.715213365882
0.02628000  4498.09610065647
0.02630000  4497.476987947059
0.02632000  4496.857875237647
0.02634000  4496.238762528235
0.02636000  4495.619649818824
0.02638000  4495.000537109412
0.02640000  4494.3814244
0.02642000  4493.762311690588
0.02644000  4493.143198981176
0.02646000  4492.524086271765
0.02648000  4491.904973562353
0.02650000  4491.285860852941
0.02652000  4490.66674814353
0.02654000  4490.047635434117
0.02656000  4489.4285227247055
0.02658000  4488.809410015294
0.02660000  4488.190297305882
0.02662000  4487.571184596471
0.02664000  4486.952071887059
0.02666000  4486.332959177647
0.02668000  4485.713846468235
0.02670000  4485.094733758823
0.02672000  4484.4756210494115
0.02674000  4483.85650834
0.02676000  4483.237395630588
0.02678000  4482.618282921177
0.02680000  4481.999170211765
0.02682000  4481.380057502352
0.02684000  4480.760944792941
0.02686000  4480.141832083529
0.02688000  4479.5227193741175
0.02690000  4478.903606664706
0.02692000  4478.284493955294
0.02694000  4477.665381245883
0.02696000  4477.046268536471
0.02698000  4476.427155827058
0.02700000  4475.808043117647
0.02702000  4475.188930408235
0.02704000  4474.5698176988235
0.02706000  4473.950704989412
0.02708000  4473.33159228
0.02710000  4472.712479570589
0.02712000  4472.093366861176
0.02714000  4471.474254151764
0.02716000  4470.855141442353
0.02718000  4470.236028732941
0.02720000  4469.6169160235295
0.02722000  4468.997803314118
0.02724000  4468.378690604706
0.02726000  4467.759577895294
0.02728000  4467.140465185882
0.02730000  4466.52135247647
0.02732000  4465.902239767059
0.02734000  4465.283127057647
0.02736000  4464.6640143482355
0.02738000  4464.044901638824
0.02740000  4463.425788929411
0.02742000  4462.80667622
0.02744000  4462.187563510588
0.02746000  4461.568450801176
0.02748000  4460.949338091765
0.02750000  4460.330225382353
0.02752000  4459.711112672941
0.02754000  4459.09199996353
0.02756000  4458.472887254117
0.02758000  4457.853774544706
0.02760000  4457.234661835294
0.02762000  4456.615549125882
0.02764000  4455.996436416471
0.02766000  4455.377323707059
0.02768000  4454.758210997647
0.02770000  4454.139098288235
0.02772000  4453.519985578823
0.02774000  4452.900872869412
0.02776000  4452.28176016
0.02778000  4451.662647450588
0.02780000  4451.043534741177
0.02782000  4450.424422031765
0.02784000  4449.8053093223525
0.02786000  4449.186196612941
0.02788000  4448.567083903529
0.02790000  4447.947971194118
0.02792000  4447.328858484706
0.02794000  4446.709745775294
0.02796000  4446.090633065883
0.02798000  4445.47152035647
0.02800000  4444.8524076470585
0.02802000  4444.233294937647
0.02804000  4443.614182228235
0.02806000  4442.995069518824
0.02808000  4442.375956809412
0.02810000  4441.7568441
0.02812000  4441.137731390588
0.02814000  4440.518618681176
0.02816000  4439.8995059717645
0.02818000  4439.280393262353
0.02820000  4438.661280552941
0.02822000  4438.04216784353
0.02824000  4437.423055134118
0.02826000  4436.803942424705
0.02828000  4436.184829715294
0.02830000  4435.565717005882
0.02832000  4434.9466042964705
0.02834000  4434.327491587059
0.02836000  4433.708378877647
0.02838000  4433.089266168236
0.02840000  4432.470153458824
0.02842000  4431.851040749411
0.02844000  4431.23192804
0.02846000  4430.612815330588
0.02848000  4429.993702621176
0.02850000  4429.374589911765
0.02852000  4428.755477202353
0.02854000  4428.1363644929415
0.02856000  4427.517251783529
0.02858000  4426.898139074117
0.02860000  4426.279026364706
0.02862000  4425.659913655294
0.02864000  4425.040800945882
0.02866000  4424.421688236471
0.02868000  4423.802575527059
0.02870000  4423.183462817647
0.02872000  4422.564350108235
0.02874000  4421.945237398823
0.02876000  4421.326124689412
0.02878000  4420.70701198
0.02880000  4420.087899270588
0.02882000  4419.468786561177
0.02884000  4418.849673851764
0.02886000  4418.230561142353
0.02888000  4417.611448432941
0.02890000  4416.992335723529
0.02892000  4416.373223014118
0.02894000  4415.754110304706
0.02896000  4415.134997595294
0.02898000  4414.515884885883
0.02900000  4413.89677217647
0.02902000  4413.277659467059
0.02904000  4412.658546757647
0.02906000  4412.039434048235
0.02908000  4411.420321338824
0.02910000  4410.801208629412
0.02912000  4410.18209592
0.02914000  4409.562983210588
0.02916000  4408.943870501176
0.02918000  4408.324757791765
0.02920000  4407.705645082353
0.02922000  4407.086532372941
0.02924000  4406.46741966353
0.02926000  4405.848306954118
0.02928000  4405.2291942447055
0.02930000  4404.610081535294
0.02932000  4403.990968825882
0.02934000  4403.371856116471
0.02936000  4402.752743407059
0.02938000  4402.133630697647
0.02940000  4401.514517988236
0.02942000  4400.895405278823
0.02944000  4400.276292569411
0.02946000  4399.65717986
0.02948000  4399.038067150588
0.02950000  4398.4189544411765
0.02952000  4397.799841731765
0.02954000  4397.180729022353
0.02956000  4396.561616312941
0.02958000  4395.942503603529
0.02960000  4395.323390894117
0.02962000  4394.704278184706
0.02964000  4394.085165475294
0.02966000  4393.4660527658825
0.02968000  4392.846940056471
0.02970000  4392.227827347058
0.02972000  4391.608714637647
0.02974000  4390.989601928235
0.02976000  4390.370489218823
0.02978000  4389.751376509412
0.02980000  4389.1322638
0.02982000  4388.5131510905885
0.02984000  4387.894038381177
0.02986000  4387.274925671764
0.02988000  4386.655812962353
0.02990000  4386.036700252941
0.02992000  4385.417587543529
0.02994000  4384.798474834118
0.02996000  4384.179362124706
0.02998000  4383.5602494152945
0.03000000  4382.941136705882
0.03002000  4382.32202399647
0.03004000  4381.702911287059
0.03006000  4381.083798577647
0.03008000  4380.464685868235
0.03010000  4379.845573158824
0.03012000  4379.226460449412
0.03014000  4378.60734774
0.03016000  4377.988235030588
0.03018000  4377.369122321176
0.03020000  4376.750009611765
0.03022000  4376.130896902353
0.03024000  4375.511784192941
0.03026000  4374.89267148353
0.03028000  4374.273558774117
0.03030000  4373.654446064706
0.03032000  4373.035333355294
0.03034000  4372.416220645882
0.03036000  4371.797107936471
0.03038000  4371.177995227059
0.03040000  4370.558882517647
0.03042000  4369.939769808236
0.03044000  4369.320657098823
0.03046000  4368.7015443894115
0.03048000  4368.08243168
0.03050000  4367.463318970588
0.03052000  4366.844206261177
0.03054000  4366.225093551765
0.03056000  4365.605980842353
0.03058000  4364.986868132941
0.03060000  4364.367755423529
0.03062000  4363.7486427141175
0.03064000  4363.129530004706
0.03066000  4362.510417295294
0.03068000  4361.891304585883
0.03070000  4361.272191876471
0.03072000  4360.653079167058
0.03074000  4360.033966457647
0.03076000  4359.414853748235
0.03078000  4358.7957410388235
0.03080000  4358.176628329412
0.03082000  4357.55751562
0.03084000  4356.938402910589
0.03086000  4356.319290201176
0.03088000  4355.700177491764
0.03090000  4355.081064782353
0.03092000  4354.461952072941
0.03094000  4353.8428393635295
0.03096000  4353.223726654118
0.03098000  4352.604613944706
0.03100000  4351.985501235294
0.03102000  4351.366388525882
0.03104000  4350.74727581647
0.03106000  4350.128163107059
0.03108000  4349.509050397647
0.03110000  4348.8899376882355
0.03112000  4348.270824978824
0.03114000  4347.651712269411
0.03116000  4347.03259956
0.03118000  4346.413486850588
0.03120000  4345.794374141176
0.03122000  4345.175261431765
0.03124000  4344.556148722353
0.03126000  4343.9370360129415
0.03128000  4343.31792330353
0.03130000  4342.698810594117
0.03132000  4342.079697884706
0.03134000  4341.460585175294
0.03136000  4340.841472465882
0.03138000  4340.222359756471
0.03140000  4339.603247047059
0.03142000  4338.984134337647
0.03144000  4338.365021628235
0.03146000  4337.745908918823
0.03148000  4337.126796209412
0.03150000  4336.5076835
0.03152000  4335.888570790588
0.03154000  4335.269458081177
0.03156000  4334.650345371765
0.03158000  4334.0312326623525
0.03160000  4333.412119952941
0.03162000  4332.793007243529
0.03164000  4332.173894534118
0.03166000  4331.554781824706
0.03168000  4330.935669115294
0.03170000  4330.316556405883
0.03172000  4329.69744369647
0.03174000  4329.0783309870585
0.03176000  4328.459218277647
0.03178000  4327.840105568235
0.03180000  4327.220992858824
0.03182000  4326.601880149412
0.03184000  4325.98276744
0.03186000  4325.363654730589
0.03188000  4324.744542021176
0.03190000  4324.1254293117645
0.03192000  4323.506316602353
0.03194000  4322.887203892941
0.03196000  4322.26809118353
0.03198000  4321.648978474118
0.03200000  4321.029865764706
0.03202000  4320.410753055294
0.03204000  4319.791640345882
0.03206000  4319.1725276364705
0.03208000  4318.553414927059
0.03210000  4317.934302217647
0.03212000  4317.315189508236
0.03214000  4316.696076798824
0.03216000  4316.076964089411
0.03218000  4315.45785138
0.03220000  4314.838738670588
0.03222000  4314.2196259611765
0.03224000  4313.600513251765
0.03226000  4312.981400542353
0.03228000  4312.362287832942
0.03230000  4311.743175123529
0.03232000  4311.124062414117
0.03234000  4310.504949704706
0.03236000  4309.885836995294
0.03238000  4309.266724285882
0.03240000  4308.647611576471
0.03242000  4308.028498867059
0.03244000  4307.4093861576475
0.03246000  4306.790273448235
0.03248000  4306.171160738823
0.03250000  4305.552048029412
0.03252000  4304.93293532
0.03254000  4304.313822610588
0.03256000  4303.694709901177
0.03258000  4303.075597191764
0.03260000  4302.456484482353
0.03262000  4301.837371772941
0.03264000  4301.218259063529
0.03266000  4300.599146354118
0.03268000  4299.980033644706
0.03270000  4299.360920935294
0.03272000  4298.741808225883
0.03274000  4298.12269551647
0.03276000  4297.503582807059
0.03278000  4296.884470097647
0.03280000  4296.265357388235
0.03282000  4295.646244678824
0.03284000  4295.027131969412
0.03286000  4294.40801926
0.03288000  4293.788906550588
0.03290000  4293.169793841176
0.03292000  4292.550681131765
0.03294000  4291.931568422353
0.03296000  4291.312455712941
0.03298000  4290.69334300353
0.03300000  4290.074230294118
0.03302000  4289.4551175847055
0.03304000  4288.836004875294
0.03306000  4288.216892165882
0.03308000  4287.597779456471
0.03310000  4286.978666747059
0.03312000  4286.359554037647
0.03314000  4285.740441328236
0.03316000  4285.121328618823
0.03318000  4284.5022159094115
0.03320000  4283.8831032
0.03322000  4283.263990490588
0.03324000  4282.644877781177
0.03326000  4282.025765071765
0.03328000  4281.406652362353
0.03330000  4280.787539652942
0.03332000  4280.168426943529
0.03334000  4279.549314234117
0.03336000  4278.930201524706
0.03338000  4278.311088815294
0.03340000  4277.6919761058825
0.03342000  4277.072863396471
0.03344000  4276.453750687059
0.03346000  4275.834637977647
0.03348000  4275.215525268235
0.03350000  4274.596412558823
0.03352000  4273.977299849412
0.03354000  4273.35818714
0.03356000  4272.7390744305885
0.03358000  4272.119961721177
0.03360000  4271.500849011764
0.03362000  4270.881736302353
0.03364000  4270.262623592941
0.03366000  4269.643510883529
0.03368000  4269.024398174118
0.03370000  4268.405285464706
0.03372000  4267.7861727552945
0.03374000  4267.167060045882
0.03376000  4266.54794733647
0.03378000  4265.928834627059
0.03380000  4265.309721917647
0.03382000  4264.690609208235
0.03384000  4264.071496498824
0.03386000  4263.452383789412
0.03388000  4262.8332710800005
0.03390000  4262.214158370588
0.03392000  4261.595045661176
0.03394000  4260.975932951765
0.03396000  4260.356820242353
0.03398000  4259.737707532941
0.03400000  4259.11859482353
0.03402000  4258.499482114117
0.03404000  4257.880369404706
0.03406000  4257.261256695294
0.03408000  4256.642143985882
0.03410000  4256.023031276471
0.03412000  4255.403918567059
0.03414000  4254.784805857647
0.03416000  4254.165693148236
0.03418000  4253.546580438823
0.03420000  4252.927467729412
0.03422000  4252.30835502
0.03424000  4251.689242310588
0.03426000  4251.070129601177
0.03428000  4250.451016891765
0.03430000  4249.831904182353
0.03432000  4249.212791472941
0.03434000  4248.593678763529
0.03436000  4247.9745660541175
0.03438000  4247.355453344706
0.03440000  4246.736340635294
0.03442000  4246.117227925883
0.03444000  4245.498115216471
0.03446000  4244.879002507059
0.03448000  4244.259889797647
0.03450000  4243.640777088235
0.03452000  4243.0216643788235
0.03454000  4242.402551669412
0.03456000  4241.78343896
0.03458000  4241.164326250589
0.03460000  4240.545213541176
0.03462000  4239.926100831764
0.03464000  4239.306988122353
0.03466000  4238.687875412941
0.03468000  4238.0687627035295
0.03470000  4237.449649994118
0.03472000  4236.830537284706
0.03474000  4236.211424575295
0.03476000  4235.592311865882
0.03478000  4234.97319915647
0.03480000  4234.354086447059
0.03482000  4233.734973737647
0.03484000  4233.1158610282355
0.03486000  4232.496748318824
0.03488000  4231.877635609412
0.03490000  4231.2585229
0.03492000  4230.639410190588
0.03494000  4230.020297481176
0.03496000  4229.401184771765
0.03498000  4228.782072062353
0.03500000  4228.1629593529415
0.03502000  4227.54384664353
0.03504000  4226.924733934117
0.03506000  4226.305621224706
0.03508000  4225.686508515294
0.03510000  4225.067395805882
0.03512000  4224.448283096471
0.03514000  4223.829170387059
0.03516000  4223.2100576776475
0.03518000  4222.590944968235
0.03520000  4221.971832258823
0.03522000  4221.352719549412
0.03524000  4220.73360684
0.03526000  4220.114494130588
0.03528000  4219.495381421177
0.03530000  4218.876268711765
0.03532000  4218.257156002353
0.03534000  4217.638043292941
0.03536000  4217.018930583529
0.03538000  4216.399817874118
0.03540000  4215.780705164706
0.03542000  4215.161592455294
0.03544000  4214.542479745883
0.03546000  4213.923367036471
0.03548000  4213.3042543270585
0.03550000  4212.685141617647
0.03552000  4212.066028908235
0.03554000  4211.446916198824
0.03556000  4210.827803489412
0.03558000  4210.20869078
0.03560000  4209.589578070589
0.03562000  4208.970465361176
0.03564000  4208.3513526517645
0.03566000  4207.732239942353
0.03568000  4207.113127232941
0.03570000  4206.49401452353
0.03572000  4205.874901814118
0.03574000  4205.255789104706
0.03576000  4204.636676395294
0.03578000  4204.017563685882
0.03580000  4203.3984509764705
0.03582000  4202.779338267059
0.03584000  4202.160225557647
0.03586000  4201.541112848236
0.03588000  4200.922000138824
0.03590000  4200.302887429412
0.03592000  4199.68377472
0.03594000  4199.064662010588
0.03596000  4198.4455493011765
0.03598000  4197.826436591765
0.03600000  4197.207323882353
0.03602000  4196.588211172942
0.03604000  4195.969098463529
0.03606000  4195.349985754117
0.03608000  4194.730873044706
0.03610000  4194.111760335294
0.03612000  4193.4926476258825
0.03614000  4192.873534916471
0.03616000  4192.254422207059
0.03618000  4191.6353094976475
0.03620000  4191.016196788235
0.03622000  4190.397084078823
0.03624000  4189.777971369412
0.03626000  4189.15885866
0.03628000  4188.539745950588
0.03630000  4187.920633241177
0.03632000  4187.301520531765
0.03634000  4186.682407822353
0.03636000  4186.063295112941
0.03638000  4185.444182403529
0.03640000  4184.825069694118
0.03642000  4184.205956984706
0.03644000  4183.586844275294
0.03646000  4182.967731565883
0.03648000  4182.34861885647
0.03650000  4181.729506147059
0.03652000  4181.110393437647
0.03654000  4180.491280728235
0.03656000  4179.872168018824
0.03658000  4179.253055309412
0.03660000  4178.6339426
0.03662000  4178.014829890588
0.03664000  4177.395717181176
0.03666000  4176.776604471765
0.03668000  4176.157491762353
0.03670000  4175.538379052941
0.03672000  4174.91926634353
0.03674000  4174.300153634118
0.03676000  4173.681040924706
0.03678000  4173.061928215294
0.03680000  4172.442815505882
0.03682000  4171.823702796471
0.03684000  4171.204590087059
0.03686000  4170.585477377647
0.03688000  4169.966364668236
0.03690000  4169.347251958824
0.03692000  4168.7281392494115
0.03694000  4168.10902654
0.03696000  4167.489913830588
0.03698000  4166.870801121177
0.03700000  4166.251688411765
0.03702000  4165.632575702353
0.03704000  4165.013462992942
0.03706000  4164.394350283529
0.03708000  4163.775237574117
0.03710000  4163.156124864706
0.03712000  4162.537012155294
0.03714000  4161.9178994458825
0.03716000  4161.298786736471
0.03718000  4160.679674027059
0.03720000  4160.060561317647
0.03722000  4159.441448608235
0.03724000  4158.822335898823
0.03726000  4158.203223189412
0.03728000  4157.58411048
0.03730000  4156.9649977705885
0.03732000  4156.345885061177
0.03734000  4155.726772351765
0.03736000  4155.107659642353
0.03738000  4154.488546932941
0.03740000  4153.869434223529
0.03742000  4153.250321514118
0.03744000  4152.631208804706
0.03746000  4152.0120960952945
0.03748000  4151.392983385882
0.03750000  4150.77387067647
0.03752000  4150.154757967059
0.03754000  4149.535645257647
0.03756000  4148.916532548235
0.03758000  4148.297419838824
0.03760000  4147.678307129412
0.03762000  4147.0591944200005
0.03764000  4146.440081710588
0.03766000  4145.820969001176
0.03768000  4145.201856291765
0.03770000  4144.582743582353
0.03772000  4143.963630872941
0.03774000  4143.34451816353
0.03776000  4142.725405454118
0.03778000  4142.106292744706
0.03780000  4141.487180035294
0.03782000  4140.868067325882
0.03784000  4140.248954616471
0.03786000  4139.629841907059
0.03788000  4139.010729197647
0.03790000  4138.391616488236
0.03792000  4137.772503778823
0.03794000  4137.153391069412
0.03796000  4136.53427836
0.03798000  4135.915165650588
0.03800000  4135.296052941177
0.03802000  4134.676940231765
0.03804000  4134.057827522353
0.03806000  4133.438714812941
0.03808000  4132.819602103529
0.03810000  4132.2004893941175
0.03812000  4131.581376684706
0.03814000  4130.962263975294
0.03816000  4130.343151265883
0.03818000  4129.724038556471
0.03820000  4129.104925847059
0.03822000  4128.485813137647
0.03824000  4127.866700428235
0.03826000  4127.2475877188235
0.03828000  4126.628475009412
0.03830000  4126.0093623
0.03832000  4125.390249590589
0.03834000  4124.771136881177
0.03836000  4124.152024171764
0.03838000  4123.532911462353
0.03840000  4122.913798752941
0.03842000  4122.2946860435295
0.03844000  4121.675573334118
0.03846000  4121.056460624706
0.03848000  4120.437347915295
0.03850000  4119.818235205882
0.03852000  4119.19912249647
0.03854000  4118.580009787059
0.03856000  4117.960897077647
0.03858000  4117.3417843682355
0.03860000  4116.722671658824
0.03862000  4116.103558949412
0.03864000  4115.48444624
0.03866000  4114.865333530588
0.03868000  4114.246220821176
0.03870000  4113.627108111765
0.03872000  4113.007995402353
0.03874000  4112.3888826929415
0.03876000  4111.76976998353
0.03878000  4111.150657274118
0.03880000  4110.531544564706
0.03882000  4109.912431855294
0.03884000  4109.293319145882
0.03886000  4108.674206436471
0.03888000  4108.055093727059
0.03890000  4107.4359810176475
0.03892000  4106.816868308235
0.03894000  4106.197755598823
0.03896000  4105.578642889412
0.03898000  4104.95953018
0.03900000  4104.340417470588
0.03902000  4103.721304761177
0.03904000  4103.102192051765
0.03906000  4102.483079342353
0.03908000  4101.863966632941
0.03910000  4101.244853923529
0.03912000  4100.625741214118
0.03914000  4100.006628504706
0.03916000  4099.387515795294
0.03918000  4098.768403085883
0.03920000  4098.149290376471
0.03922000  4097.5301776670585
0.03924000  4096.911064957647
0.03926000  4096.291952248235
0.03928000  4095.6728395388236
0.03930000  4095.053726829412
0.03932000  4094.4346141200003
0.03934000  4093.8155014105882
0.03936000  4093.1963887011766
0.03938000  4092.577275991765
0.03940000  4091.958163282353
0.03942000  4091.3390505729412
0.03944000  4090.7199378635296
0.03946000  4090.100825154118
0.03948000  4089.481712444706
0.03950000  4088.862599735294
0.03952000  4088.2434870258826
0.03954000  4087.6243743164705
0.03956000  4087.005261607059
0.03958000  4086.386148897647
0.03960000  4085.7670361882356
0.03962000  4085.1479234788235
0.03964000  4084.528810769412
0.03966000  4083.90969806
0.03968000  4083.290585350588
0.03970000  4082.6714726411765
0.03972000  4082.052359931765
0.03974000  4081.433247222353
0.03976000  4080.8141345129416
0.03978000  4080.1950218035295
0.03980000  4079.575909094118
0.03982000  4078.9567963847057
0.03984000  4078.337683675294
0.03986000  4077.7185709658825
0.03988000  4077.099458256471
0.03990000  4076.480345547059
0.03992000  4075.861232837647
0.03994000  4075.2421201282355
0.03996000  4074.6230074188234
0.03998000  4074.0038947094117
0.04000000  4073.384782
0.04002000  4068.870023
0.04004000  4064.71157
0.04006000  4060.873591
0.04008000  4057.314656
0.04010000  4053.795881
0.04012000  4049.592329
0.04014000  4043.954943
0.04016000  4036.363855
0.04018000  4026.226824
0.04020000  4012.884327
0.04022000  3994.746433
0.04024000  3967.032039
0.04026000  3923.910238
0.04028000  3858.039014
0.04030000  3759.160161
0.04032000  3613.346267
0.04034000  3404.015434
0.04036000  3117.244068
0.04038000  2760.386062
0.04040000  2378.676675
0.04042000  2006.802456
0.04044000  1642.244013
0.04046000  1262.831124
0.04048000  864.533161
0.04050000  515.578248
0.04052000  298.070296
0.04054000  187.352942
0.04056000  138.849016
0.04058000  125.551344
0.04060000  143.467238
0.04062000  207.94843
0.04064000  357.339033
0.04066000  643.803792
0.04068000  1078.697066
0.04070000  1613.886774
0.04072000  2178.314245
0.04074000  2709.400767
0.04076000  3170.179175
0.04078000  3545.859568
0.04080000  3835.30141
0.04082000  4048.679007
0.04084000  4202.102255
0.04086000  4311.55294
0.04088000  4389.835436
0.04090000  4446.235056
0.04092000  4487.222971
0.04094000  4517.258649
0.04096000  4539.421612
0.04098000  4555.869342
0.04100000  4568.133499
0.04102000  4577.297736
0.04104000  4584.155684
0.04106000  4589.279941
0.04108000  4593.093398
0.04110000  4595.925422
0.04112000  4598.015417
0.04114000  4599.545129
0.04116000  4600.644375
0.04118000  4601.419486
0.04120000  4601.943608
0.04122000  4602.275919
0.04124000  4602.464583
0.04126000  4602.538968
0.04128000  4602.533655
0.04130000  4602.46724
0.04132000  4602.355644
0.04134000  4602.220104
0.04136000  4602.071239
0.04138000  4601.922334
0.04140000  4601.778709
0.04142000  4601.64303
0.04144000  4601.517963
0.04146000  4601.400853
0.04148000  4601.291706
0.04150000  4601.19319
0.04152000  4601.105309
0.04154000  4601.025405
0.04156000  4600.950818
0.04158000  4600.884214
0.04160000  4600.822932
0.04162000  4600.766972
0.04164000  4600.713672
0.04166000  4600.665698
0.04168000  4600.620385
0.04170000  4600.575068
0.04172000  4600.53508
0.04174000  4600.495089
0.04176000  4600.457762
0.04178000  4600.420431
0.04180000  4600.385766
0.04182000  4600.351098
0.04184000  4600.319094
0.04186000  4600.287089
0.04188000  4600.255083
0.04190000  4600.225741
0.04192000  4600.196399
0.04194000  4600.167055
0.04196000  4600.140377
0.04198000  4600.113697
0.04200000  4600.089685
0.04202000  4600.063003
0.04204000  4600.038989
0.04206000  4600.017642
0.04208000  4599.993625
0.04210000  4599.972277
0.04212000  4599.950927
0.04214000  4599.932245
0.04216000  4599.910894
0.04218000  4599.892211
0.04220000  4599.873528
0.04222000  4599.857513
0.04224000  4599.841497
0.04226000  4599.825481
0.04228000  4599.809465
0.04230000  4599.793448
0.04232000  4599.7801
0.04234000  4599.766752
0.04236000  4599.753404
0.04238000  4599.742725
0.04240000  4599.729376
0.04242000  4599.718697
0.04244000  4599.708017
0.04246000  4599.700008
0.04248000  4599.689328
0.04250000  4599.681318
0.04252000  4599.673308
0.04254000  4599.665297
0.04256000  4599.659957
0.04258000  4599.651947
0.04260000  4599.646606
0.04262000  4599.641266
0.04264000  4599.635925
0.04266000  4599.633255
0.04268000  4599.627914
0.04270000  4599.625244
0.04272000  4599.622574
0.04274000  4599.619903
0.04276000  4599.619903
0.04278000  4599.617233
0.04280000  4599.617233
0.04282000  4599.617233
0.04284000  4599.617233
0.04286000  4599.617233
0.04288000  4599.617233
0.04290000  4599.619903
0.04292000  4599.619903
0.04294000  4599.622574
0.04296000  4599.625244
0.04298000  4599.627914
0.04300000  4599.630585
0.04302000  4599.011472290588
0.04304000  4598.392359581177
0.04306000  4597.773246871765
0.04308000  4597.154134162352
0.04310000  4596.535021452941
0.04312000  4595.915908743529
0.04314000  4595.2967960341175
0.04316000  4594.677683324706
0.04318000  4594.058570615294
0.04320000  4593.439457905883
0.04322000  4592.82034519647
0.04324000  4592.201232487058
0.04326000  4591.582119777647
0.04328000  4590.963007068235
0.04330000  4590.3438943588235
0.04332000  4589.724781649412
0.04334000  4589.10566894
0.04336000  4588.486556230589
0.04338000  4587.867443521176
0.04340000  4587.248330811764
0.04342000  4586.629218102353
0.04344000  4586.010105392941
0.04346000  4585.3909926835295
0.04348000  4584.771879974118
0.04350000  4584.152767264706
0.04352000  4583.533654555294
0.04354000  4582.914541845882
0.04356000  4582.29542913647
0.04358000  4581.676316427059
0.04360000  4581.057203717647
0.04362000  4580.4380910082355
0.04364000  4579.818978298824
0.04366000  4579.199865589411
0.04368000  4578.58075288
0.04370000  4577.961640170588
0.04372000  4577.342527461176
0.04374000  4576.723414751765
0.04376000  4576.104302042353
0.04378000  4575.485189332941
0.04380000  4574.866076623529
0.04382000  4574.246963914117
0.04384000  4573.627851204706
0.04386000  4573.008738495294
0.04388000  4572.389625785882
0.04390000  4571.770513076471
0.04392000  4571.151400367059
0.04394000  4570.5322876576465
0.04396000  4569.913174948235
0.04398000  4569.294062238823
0.04400000  4568.674949529412
0.04402000  4568.05583682
0.04404000  4567.436724110588
0.04406000  4566.817611401177
0.04408000  4566.198498691765
0.04410000  4565.5793859823525
0.04412000  4564.960273272941
0.04414000  4564.341160563529
0.04416000  4563.722047854118
0.04418000  4563.102935144706
0.04420000  4562.483822435294
0.04422000  4561.864709725883
0.04424000  4561.24559701647
0.04426000  4560.6264843070585
0.04428000  4560.007371597647
0.04430000  4559.388258888235
0.04432000  4558.769146178824
0.04434000  4558.150033469412
0.04436000  4557.53092076
0.04438000  4556.911808050588
0.04440000  4556.292695341176
0.04442000  4555.6735826317645
0.04444000  4555.054469922353
0.04446000  4554.435357212941
0.04448000  4553.81624450353
0.04450000  4553.197131794118
0.04452000  4552.578019084705
0.04454000  4551.958906375294
0.04456000  4551.339793665882
0.04458000  4550.7206809564705
0.04460000  4550.101568247059
0.04462000  4549.482455537647
0.04464000  4548.863342828236
0.04466000  4548.244230118823
0.04468000  4547.625117409411
0.04470000  4547.0060047
0.04472000  4546.386891990588
0.04474000  4545.767779281176
0.04476000  4545.148666571765
0.04478000  4544.529553862353
0.04480000  4543.9104411529415
0.04482000  4543.291328443529
0.04484000  4542.672215734117
0.04486000  4542.053103024706
0.04488000  4541.433990315294
0.04490000  4540.814877605882
0.04492000  4540.195764896471
0.04494000  4539.576652187059
0.04496000  4538.957539477647
0.04498000  4538.338426768235
0.04500000  4537.719314058823
0.04502000  4537.100201349412
0.04504000  4536.48108864
0.04506000  4535.861975930588
0.04508000  4535.242863221177
0.04510000  4534.623750511764
0.04512000  4534.004637802353
0.04514000  4533.385525092941
0.04516000  4532.766412383529
0.04518000  4532.147299674118
0.04520000  4531.528186964706
0.04522000  4530.909074255294
0.04524000  4530.289961545882
0.04526000  4529.67084883647
0.04528000  4529.051736127059
0.04530000  4528.432623417647
0.04532000  4527.813510708235
0.04534000  4527.194397998824
0.04536000  4526.575285289412
0.04538000  4525.9561725799995
0.04540000  4525.337059870588
0.04542000  4524.717947161176
0.04544000  4524.098834451765
0.04546000  4523.479721742353
0.04548000  4522.860609032941
0.04550000  4522.24149632353
0.04552000  4521.622383614118
0.04554000  4521.0032709047055
0.04556000  4520.384158195294
0.04558000  4519.765045485882
0.04560000  4519.1459327764705
0.04562000  4518.526820067059
0.04564000  4517.907707357647
0.04566000  4517.288594648236
0.04568000  4516.669481938823
0.04570000  4516.050369229411
0.04572000  4515.43125652
0.04574000  4514.812143810588
0.04576000  4514.1930311011765
0.04578000  4513.573918391765
0.04580000  4512.954805682353
0.04582000  4512.335692972941
0.04584000  4511.716580263529
0.04586000  4511.097467554117
0.04588000  4510.478354844706
0.04590000  4509.859242135294
0.04592000  4509.2401294258825
0.04594000  4508.621016716471
0.04596000  4508.001904007058
0.04598000  4507.382791297647
0.04600000  4506.763678588235
0.04602000  4506.144565878823
0.04604000  4505.525453169412
0.04606000  4504.90634046
0.04608000  4504.2872277505885
0.04610000  4503.668115041176
0.04612000  4503.049002331764
0.04614000  4502.429889622353
0.04616000  4501.810776912941
0.04618000  4501.191664203529
0.04620000  4500.572551494118
0.04622000  4499.953438784706
0.04624000  4499.3343260752945
0.04626000  4498.715213365882
0.04628000  4498.09610065647
0.04630000  4497.476987947059
0.04632000  4496.857875237647
0.04634000  4496.238762528235
0.04636000  4495.619649818824
0.04638000  4495.000537109412
0.04640000  4494.3814244
0.04642000  4493.762311690588
0.04644000  4493.143198981176
0.04646000  4492.524086271765
0.04648000  4491.904973562353
0.04650000  4491.285860852941
0.04652000  4490.66674814353
0.04654000  4490.047635434117
0.04656000  4489.4285227247055
0.04658000  4488.809410015294
0.04660000  4488.190297305882
0.04662000  4487.571184596471
0.04664000  4486.952071887059
0.04666000  4486.332959177647
0.04668000  4485.713846468235
0.04670000  4485.094733758823
0.04672000  4484.4756210494115
0.04674000  4483.85650834
0.04676000  4483.237395630588
0.04678000  4482.618282921177
0.04680000  4481.999170211765
0.04682000  4481.380057502352
0.04684000  4480.760944792941
0.04686000  4480.141832083529
0.04688000  4479.5227193741175
0.04690000  4478.903606664706
0.04692000  4478.284493955294
0.04694000  4477.665381245883
0.04696000  4477.046268536471
0.04698000  4476.427155827058
0.04700000  4475.808043117647
0.04702000  4475.188930408235
0.04704000  4474.5698176988235
0.04706000  4473.950704989412
0.04708000  4473.33159228
0.04710000  4472.712479570589
0.04712000  4472.093366861176
0.04714000  4471.474254151764
0.04716000  4470.855141442353
0.04718000  4470.236028732941
0.04720000  4469.6169160235295
0.04722000  4468.997803314118
0.04724000  4468.378690604706
0.04726000  4467.759577895294
0.04728000  4467.140465185882
0.04730000  4466.52135247647
0.04732000  4465.902239767059
0.04734000  4465.283127057647
0.04736000  4464.6640143482355
0.04738000  4464.044901638824
0.04740000  4463.425788929411
0.04742000  4462.80667622
0.04744000  4462.187563510588
0.04746000  4461.568450801176
0.04748000  4460.949338091765
0.04750000  4460.330225382353
0.04752000  4459.711112672941
0.04754000  4459.09199996353
0.04756000  4458.472887254117
0.04758000  4457.853774544706
0.04760000  4457.234661835294
0.04762000  4456.615549125882
0.04764000  4455.996436416471
0.04766000  4455.377323707059
0.04768000  4454.758210997647
0.04770000  4454.139098288235
0.04772000  4453.519985578823
0.04774000  4452.900872869412
0.04776000  4452.28176016
0.04778000  4451.662647450588
0.04780000  4451.043534741177
0.04782000  4450.424422031765
0.04784000  4449.8053093223525
0.04786000  4449.186196612941
0.04788000  4448.567083903529
0.04790000  4447.947971194118
0.04792000  4447.328858484706
0.04794000  4446.709745775294
0.04796000  4446.090633065883
0.04798000  4445.47152035647
0.04800000  4444.8524076470585
0.04802000  4444.233294937647
0.04804000  4443.614182228235
0.04806000  4442.995069518824
0.04808000  4442.375956809412
0.04810000  4441.7568441
0.04812000  4441.137731390588
0.04814000  4440.518618681176
0.04816000  4439.8995059717645
0.04818000  4439.280393262353
0.04820000  4438.661280552941
0.04822000  4438.04216784353
0.04824000  4437.423055134118
0.04826000  4436.803942424705
0.04828000  4436.184829715294
0.04830000  4435.565717005882
0.04832000  4434.9466042964705
0.04834000  4434.327491587059
0.04836000  4433.708378877647
0.04838000  4433.089266168236
0.04840000  4432.470153458824
0.04842000  4431.851040749411
0.04844000  4431.23192804
0.04846000  4430.612815330588
0.04848000  4429.993702621176
0.04850000  4429.374589911765
0.04852000  4428.755477202353
0.04854000  4428.1363644929415
0.04856000  4427.517251783529
0.04858000  4426.898139074117
0.04860000  4426.279026364706
0.04862000  4425.659913655294
0.04864000  4425.040800945882
0.04866000  4424.421688236471
0.04868000  4423.802575527059
0.04870000  4423.183462817647
0.04872000  4422.564350108235
0.04874000  4421.945237398823
0.04876000  4421.326124689412
0.04878000  4420.70701198
0.04880000  4420.087899270588
0.04882000  4419.468786561177
0.04884000  4418.849673851764
0.04886000  4418.230561142353
0.04888000  4417.611448432941
0.04890000  4416.992335723529
0.04892000  4416.373223014118
0.04894000  4415.754110304706
0.04896000  4415.134997595294
0.04898000  4414.515884885883
0.04900000  4413.89677217647
0.04902000  4413.277659467059
0.04904000  4412.658546757647
0.04906000  4412.039434048235
0.04908000  4411.420321338824
0.04910000  4410.801208629412
0.04912000  4410.18209592
0.04914000  4409.562983210588
0.04916000  4408.943870501176
0.04918000  4408.324757791765
0.04920000  4407.705645082353
0.04922000  4407.086532372941
0.04924000  4406.46741966353
0.04926000  4405.848306954118
0.04928000  4405.2291942447055
0.04930000  4404.610081535294
0.04932000  4403.990968825882
0.04934000  4403.371856116471
0.04936000  4402.752743407059
0.04938000  4402.133630697647
0.04940000  4401.514517988236
0.04942000  4400.895405278823
0.04944000  4400.276292569411
0.04946000  4399.65717986
0.04948000  4399.038067150588
0.04950000  4398.4189544411765
0.04952000  4397.799841731765
0.04954000  4397.180729022353
0.04956000  4396.561616312941
0.04958000  4395.942503603529
0.04960000  4395.323390894117
0.04962000  4394.704278184706
0.04964000  4394.085165475294
0.04966000  4393.4660527658825
0.04968000  4392.846940056471
0.04970000  4392.227827347058
0.04972000  4391.608714637647
0.04974000  4390.989601928235
0.04976000  4390.370489218823
0.04978000  4389.751376509412
0.04980000  4389.1322638
0.04982000  4388.5131510905885
0.04984000  4387.894038381177
0.04986000  4387.274925671764
0.04988000  4386.655812962353
0.04990000  4386.036700252941
0.04992000  4385.417587543529
0.04994000  4384.798474834118
0.04996000  4384.179362124706
0.04998000  4383.5602494152945
0.05000000  4382.941136705882
0.05002000  4382.32202399647
0.05004000  4381.702911287059
0.05006000  4381.083798577647
0.05008000  4380.464685868235
0.05010000  4379.845573158824
0.05012000  4379.226460449412
0.05014000  4378.60734774
0.05016000  4377.988235030588
0.05018000  4377.369122321176
0.05020000  4376.750009611765
0.05022000  4376.130896902353
0.05024000  4375.511784192941
0.05026000  4374.89267148353
0.05028000  4374.273558774117
0.05030000  4373.654446064706
0.05032000  4373.035333355294
0.05034000  4372.416220645882
0.05036000  4371.797107936471
0.05038000  4371.177995227059
0.05040000  4370.558882517647
0.05042000  4369.939769808236
0.05044000  4369.320657098823
0.05046000  4368.7015443894115
0.05048000  4368.08243168
0.05050000  4367.463318970588
0.05052000  4366.844206261177
0.05054000  4366.225093551765
0.05056000  4365.605980842353
0.05058000  4364.986868132941
0.05060000  4364.367755423529
0.05062000  4363.7486427141175
0.05064000  4363.129530004706
0.05066000  4362.510417295294
0.05068000  4361.891304585883
0.05070000  4361.272191876471
0.05072000  4360.653079167058
0.05074000  4360.033966457647
0.05076000  4359.414853748235
0.05078000  4358.7957410388235
0.05080000  4358.176628329412
0.05082000  4357.55751562
0.05084000  4356.938402910589
0.05086000  4356.319290201176
0.05088000  4355.700177491764
0.05090000  4355.081064782353
0.05092000  4354.461952072941
0.05094000  4353.8428393635295
0.05096000  4353.223726654118
0.05098000  4352.604613944706
0.05100000  4351.985501235294
0.05102000  4351.366388525882
0.05104000  4350.74727581647
0.05106000  4350.128163107059
0.05108000  4349.509050397647
0.05110000  4348.8899376882355
0.05112000  4348.270824978824
0.05114000  4347.651712269411
0.05116000  4347.03259956
0.05118000  4346.413486850588
0.05120000  4345.794374141176
0.05122000  4345.175261431765
0.05124000  4344.556148722353
0.05126000  4343.9370360129415
0.05128000  4343.31792330353
0.05130000  4342.698810594117
0.05132000  4342.079697884706
0.05134000  4341.460585175294
0.05136000  4340.841472465882
0.05138000  4340.222359756471
0.05140000  4339.603247047059
0.05142000  4338.984134337647
0.05144000  4338.365021628235
0.05146000  4337.745908918823
0.05148000  4337.126796209412
0.05150000  4336.5076835
0.05152000  4335.888570790588
0.05154000  4335.269458081177
0.05156000  4334.650345371765
0.05158000  4334.0312326623525
0.05160000  4333.412119952941
0.05162000  4332.793007243529
0.05164000  4332.173894534118
0.05166000  4331.554781824706
0.05168000  4330.935669115294
0.05170000  4330.316556405883
0.05172000  4329.69744369647
0.05174000  4329.0783309870585
0.05176000  4328.459218277647
0.05178000  4327.840105568235
0.05180000  4327.220992858824
0.05182000  4326.601880149412
0.05184000  4325.98276744
0.05186000  4325.363654730589
0.05188000  4324.744542021176
0.05190000  4324.1254293117645
0.05192000  4323.506316602353
0.05194000  4322.887203892941
0.05196000  4322.26809118353
0.05198000  4321.648978474118
0.05200000  4321.029865764706
0.05202000  4320.410753055294
0.05204000  4319.791640345882
0.05206000  4319.1725276364705
0.05208000  4318.553414927059
0.05210000  4317.934302217647
0.05212000  4317.315189508236
0.05214000  4316.696076798824
0.05216000  4316.076964089411
0.05218000  4315.45785138
0.05220000  4314.838738670588
0.05222000  4314.2196259611765
0.05224000  4313.600513251765
0.05226000  4312.981400542353
0.05228000  4312.362287832942
0.05230000  4311.743175123529
0.05232000  4311.124062414117
0.05234000  4310.504949704706
0.05236000  4309.885836995294
0.05238000  4309.266724285882
0.05240000  4308.647611576471
0.05242000  4308.028498867059
0.05244000  4307.4093861576475
0.05246000  4306.790273448235
0.05248000  4306.171160738823
0.05250000  4305.552048029412
0.05252000  4304.93293532
0.05254000  4304.313822610588
0.05256000  4303.694709901177
0.05258000  4303.075597191764
0.05260000  4302.456484482353
0.05262000  4301.837371772941
0.05264000  4301.218259063529
0.05266000  4300.599146354118
0.05268000  4299.980033644706
0.05270000  4299.360920935294
0.05272000  4298.741808225883
0.05274000  4298.12269551647
0.05276000  4297.503582807059
0.05278000  4296.884470097647
0.05280000  4296.265357388235
0.05282000  4295.646244678824
0.05284000  4295.027131969412
0.05286000  4294.40801926
0.05288000  4293.788906550588
0.05290000  4293.169793841176
0.05292000  4292.550681131765
0.05294000  4291.931568422353
0.05296000  4291.312455712941
0.05298000  4290.69334300353
0.05300000  4290.074230294118
0.05302000  4289.4551175847055
0.05304000  4288.836004875294
0.05306000  4288.216892165882
0.05308000  4287.597779456471
0.05310000  4286.978666747059
0.05312000  4286.359554037647
0.05314000  4285.740441328236
0.05316000  4285.121328618823
0.05318000  4284.5022159094115
0.05320000  4283.8831032
0.05322000  4283.263990490588
0.05324000  4282.644877781177
0.05326000  4282.025765071765
0.05328000  4281.406652362353
0.05330000  4280.787539652942
0.05332000  4280.168426943529
0.05334000  4279.549314234117
0.05336000  4278.930201524706
0.05338000  4278.311088815294
0.05340000  4277.6919761058825
0.05342000  4277.072863396471
0.05344000  4276.453750687059
0.05346000  4275.834637977647
0.05348000  4275.215525268235
0.05350000  4274.596412558823
0.05352000  4273.977299849412
0.05354000  4273.35818714
0.05356000  4272.7390744305885
0.05358000  4272.119961721177
0.05360000  4271.500849011764
0.05362000  4270.881736302353
0.05364000  4270.262623592941
0.05366000  4269.643510883529
0.05368000  4269.024398174118
0.05370000  4268.405285464706
0.05372000  4267.7861727552945
0.05374000  4267.167060045882
0.05376000  4266.54794733647
0.05378000  4265.928834627059
0.05380000  4265.309721917647
0.05382000  4264.690609208235
0.05384000  4264.071496498824
0.05386000  4263.452383789412
0.05388000  4262.8332710800005
0.05390000  4262.214158370588
0.05392000  4261.595045661176
0.05394000  4260.975932951765
0.05396000  4260.356820242353
0.05398000  4259.737707532941
0.05400000  4259.11859482353
0.05402000  4258.499482114117
0.05404000  4257.880369404706
0.05406000  4257.261256695294
0.05408000  4256.642143985882
0.05410000  4256.023031276471
0.05412000  4255.403918567059
0.05414000  4254.784805857647
0.05416000  4254.165693148236
0.05418000  4253.546580438823
0.05420000  4252.927467729412
0.05422000  4252.30835502
0.05424000  4251.689242310588
0.05426000  4251.070129601177
0.05428000  4250.451016891765
0.05430000  4249.831904182353
0.05432000  4249.212791472941
0.05434000  4248.593678763529
0.05436000  4247.9745660541175
0.05438000  4247.355453344706
0.05440000  4246.736340635294
0.05442000  4246.117227925883
0.05444000  4245.498115216471
0.05446000  4244.879002507059
0.05448000  4244.259889797647
0.05450000  4243.640777088235
0.05452000  4243.0216643788235
0.05454000  4242.402551669412
0.05456000  4241.78343896
0.05458000  4241.164326250589
0.05460000  4240.545213541176
0.05462000  4239.926100831764
0.05464000  4239.306988122353
0.05466000  4238.687875412941
0.05468000  4238.0687627035295
0.05470000  4237.449649994118
0.05472000  4236.830537284706
0.05474000  4236.211424575295
0.05476000  4235.592311865882
0.05478000  4234.97319915647
0.05480000  4234.354086447059
0.05482000  4233.734973737647
0.05484000  4233.1158610282355
0.05486000  4232.496748318824
0.05488000  4231.877635609412
0.05490000  4231.2585229
0.05492000  4230.639410190588
0.05494000  4230.020297481176
0.05496000  4229.401184771765
0.05498000  4228.782072062353
0.05500000  4228.1629593529415
0.05502000  4227.54384664353
0.05504000  4226.924733934117
0.05506000  4226.305621224706
0.05508000  4225.686508515294
0.05510000  4225.067395805882
0.05512000  4224.448283096471
0.05514000  4223.829170387059
0.05516000  4223.2100576776475
0.05518000  4222.590944968235
0.05520000  4221.971832258823
0.05522000  4221.352719549412
0.05524000  4220.73360684
0.05526000  4220.114494130588
0.05528000  4219.495381421177
0.05530000  4218.876268711765
0.05532000  4218.257156002353
0.05534000  4217.638043292941
0.05536000  4217.018930583529
0.05538000  4216.399817874118
0.05540000  4215.780705164706
0.05542000  4215.161592455294
0.05544000  4214.542479745883
0.05546000  4213.923367036471
0.05548000  4213.3042543270585
0.05550000  4212.685141617647
0.05552000  4212.066028908235
0.05554000  4211.446916198824
0.05556000  4210.827803489412
0.05558000  4210.20869078
0.05560000  4209.589578070589
0.05562000  4208.970465361176
0.05564000  4208.3513526517645
0.05566000  4207.732239942353
0.05568000  4207.113127232941
0.05570000  4206.49401452353
0.05572000  4205.874901814118
0.05574000  4205.255789104706
0.05576000  4204.636676395294
0.05578000  4204.017563685882
0.05580000  4203.3984509764705
0.05582000  4202.779338267059
0.05584000  4202.160225557647
0.05586000  4201.541112848236
0.05588000  4200.922000138824
0.05590000  4200.302887429412
0.05592000  4199.68377472
0.05594000  4199.064662010588
0.05596000  4198.4455493011765
0.05598000  4197.826436591765
0.05600000  4197.207323882353
0.05602000  4196.588211172942
0.05604000  4195.969098463529
0.05606000  4195.349985754117
0.05608000  4194.730873044706
0.05610000  4194.111760335294
0.05612000  4193.4926476258825
0.05614000  4192.873534916471
0.05616000  4192.254422207059
0.05618000  4191.6353094976475
0.05620000  4191.016196788235
0.05622000  4190.397084078823
0.05624000  4189.777971369412
0.05626000  4189.15885866
0.05628000  4188.539745950588
0.05630000  4187.920633241177
0.05632000  4187.301520531765
0.05634000  4186.682407822353
0.05636000  4186.063295112941
0.05638000  4185.444182403529
0.05640000  4184.825069694118
0.05642000  4184.205956984706
0.05644000  4183.586844275294
0.05646000  4182.967731565883
0.05648000  4182.34861885647
0.05650000  4181.729506147059
0.05652000  4181.110393437647
0.05654000  4180.491280728235
0.05656000  4179.872168018824
0.05658000  4179.253055309412
0.05660000  4178.6339426
0.05662000  4178.014829890588
0.05664000  4177.395717181176
0.05666000  4176.776604471765
0.05668000  4176.157491762353
0.05670000  4175.538379052941
0.05672000  4174.91926634353
0.05674000  4174.300153634118
0.05676000  4173.681040924706
0.05678000  4173.061928215294
0.05680000  4172.442815505882
0.05682000  4171.823702796471
0.05684000  4171.204590087059
0.05686000  4170.585477377647
0.05688000  4169.966364668236
0.05690000  4169.347251958824
0.05692000  4168.7281392494115
0.05694000  4168.10902654
0.05696000  4167.489913830588
0.05698000  4166.870801121177
0.05700000  4166.251688411765
0.05702000  4165.632575702353
0.05704000  4165.013462992942
0.05706000  4164.394350283529
0.05708000  4163.775237574117
0.05710000  4163.156124864706
0.05712000  4162.537012155294
0.05714000  4161.9178994458825
0.05716000  4161.298786736471
0.05718000  4160.679674027059
0.05720000  4160.060561317647
0.05722000  4159.441448608235
0.05724000  4158.822335898823
0.05726000  4158.203223189412
0.05728000  4157.58411048
0.05730000  4156.9649977705885
0.05732000  4156.345885061177
0.05734000  4155.726772351765
0.05736000  4155.107659642353
0.05738000  4154.488546932941
0.05740000  4153.869434223529
0.05742000  4153.250321514118
0.05744000  4152.631208804706
0.05746000  4152.0120960952945
0.05748000  4151.392983385882
0.05750000  4150.77387067647
0.05752000  4150.154757967059
0.05754000  4149.535645257647
0.05756000  4148.916532548235
0.05758000  4148.297419838824
0.05760000  4147.678307129412
0.05762000  4147.0591944200005
0.05764000  4146.440081710588
0.05766000  4145.820969001176
0.05768000  4145.201856291765
0.05770000  4144.582743582353
0.05772000  4143.963630872941
0.05774000  4143.34451816353
0.05776000  4142.725405454118
0.05778000  4142.106292744706
0.05780000  4141.487180035294
0.05782000  4140.868067325882
0.05784000  4140.248954616471
0.05786000  4139.629841907059
0.05788000  4139.010729197647
0.05790000  4138.391616488236
0.05792000  4137.772503778823
0.05794000  4137.153391069412
0.05796000  4136.53427836
0.05798000  4135.915165650588
0.05800000  4135.296052941177
0.05802000  4134.676940231765
0.05804000  4134.057827522353
0.05806000  4133.438714812941
0.05808000  4132.819602103529
0.05810000  4132.2004893941175
0.05812000  4131.581376684706
0.05814000  4130.962263975294
0.05816000  4130.343151265883
0.05818000  4129.724038556471
0.05820000  4129.104925847059
0.05822000  4128.485813137647
0.05824000  4127.866700428235
0.05826000  4127.2475877188235
0.05828000  4126.628475009412
0.05830000  4126.0093623
0.05832000  4125.390249590589
0.05834000  4124.771136881177
0.05836000  4124.152024171764
0.05838000  4123.532911462353
0.05840000  4122.913798752941
0.05842000  4122.2946860435295
0.05844000  4121.675573334118
0.05846000  4121.056460624706
0.05848000  4120.437347915295
0.05850000  4119.818235205882
0.05852000  4119.19912249647
0.05854000  4118.580009787059
0.05856000  4117.960897077647
0.05858000  4117.3417843682355
0.05860000  4116.722671658824
0.05862000  4116.103558949412
0.05864000  4115.48444624
0.05866000  4114.865333530588
0.05868000  4114.246220821176
0.05870000  4113.627108111765
0.05872000  4113.007995402353
0.05874000  4112.3888826929415
0.05876000  4111.76976998353
0.05878000  4111.150657274118
0.05880000  4110.531544564706
0.05882000  4109.912431855294
0.05884000  4109.293319145882
0.05886000  4108.674206436471
0.05888000  4108.055093727059
0.05890000  4107.4359810176475
0.05892000  4106.816868308235
0.05894000  4106.197755598823
0.05896000  4105.578642889412
0.05898000  4104.95953018
0.05900000  4104.340417470588
0.05902000  4103.721304761177
0.05904000  4103.102192051765
0.05906000  4102.483079342353
0.05908000  4101.863966632941
0.05910000  4101.244853923529
0.05912000  4100.625741214118
0.05914000  4100.006628504706
0.05916000  4099.387515795294
0.05918000  4098.768403085883
0.05920000  4098.149290376471
0.05922000  4097.5301776670585
0.05924000  4096.911064957647
0.05926000  4096.291952248235
0.05928000  4095.6728395388236
0.05930000  4095.053726829412
0.05932000  4094.4346141200003
0.05934000  4093.8155014105882
0.05936000  4093.1963887011766
0.05938000  4092.577275991765
0.05940000  4091.958163282353
0.05942000  4091.3390505729412
0.05944000  4090.7199378635296
0.05946000  4090.100825154118
0.05948000  4089.481712444706
0.05950000  4088.862599735294
0.05952000  4088.2434870258826
0.05954000  4087.6243743164705
0.05956000  4087.005261607059
0.05958000  4086.386148897647
0.05960000  4085.7670361882356
0.05962000  4085.1479234788235
0.05964000  4084.528810769412
0.05966000  4083.90969806
0.05968000  4083.290585350588
0.05970000  4082.6714726411765
0.05972000  4082.052359931765
0.05974000  4081.433247222353
0.05976000  4080.8141345129416
0.05978000  4080.1950218035295
0.05980000  4079.575909094118
0.05982000  4078.9567963847057
0.05984000  4078.337683675294
0.05986000  4077.7185709658825
0.05988000  4077.099458256471
0.05990000  4076.480345547059
0.05992000  4075.861232837647
0.05994000  4075.2421201282355
0.05996000  4074.6230074188234
0.05998000  4074.0038947094117
0.06000000  4073.384782
0.06002000  4068.870023
0.06004000  4064.71157
0.06006000  4060.873591
0.06008000  4057.314656
0.06010000  4053.795881
0.06012000  4049.592329
0.06014000  4043.954943
0.06016000  4036.363855
0.06018000  4026.226824
0.06020000  4012.884327
0.06022000  3994.746433
0.06024000  3967.032039
0.06026000  3923.910238
0.06028000  3858.039014
0.06030000  3759.160161
0.06032000  3613.346267
0.06034000  3404.015434
0.06036000  3117.244068
0.06038000  2760.386062
0.06040000  2378.676675
0.06042000  2006.802456
0.06044000  1642.244013
0.06046000  1262.831124
0.06048000  864.533161
0.06050000  515.578248
0.06052000  298.070296
0.06054000  187.352942
0.06056000  138.849016
0.06058000  125.551344
0.06060000  143.467238
0.06062000  207.94843
0.06064000  357.339033
0.06066000  643.803792
0.06068000  1078.697066
0.06070000  1613.886774
0.06072000  2178.314245
0.06074000  2709.400767
0.06076000  3170.179175
0.06078000  3545.859568
0.06080000  3835.30141
0.06082000  4048.679007
0.06084000  4202.102255
0.06086000  4311.55294
0.06088000  4389.835436
0.06090000  4446.235056
0.06092000  4487.222971
0.06094000  4517.258649
0.06096000  4539.421612
0.06098000  4555.869342
0.06100000  4568.133499
0.06102000  4577.297736
0.06104000  4584.155684
0.06106000  4589.279941
0.06108000  4593.093398
0.06110000  4595.925422
0.06112000  4598.015417
0.06114000  4599.545129
0.06116000  4600.644375
0.06118000  4601.419486
0.06120000  4601.943608
0.06122000  4602.275919
0.06124000  4602.464583
0.06126000  4602.538968
0.06128000  4602.533655
0.06130000  4602.46724
0.06132000  4602.355644
0.06134000  4602.220104
0.06136000  4602.071239
0.06138000  4601.922334
0.06140000  4601.778709
0.06142000  4601.64303
0.06144000  4601.517963
0.06146000  4601.400853
0.06148000  4601.291706
0.06150000  4601.19319
0.06152000  4601.105309
0.06154000  4601.025405
0.06156000  4600.950818
0.06158000  4600.884214
0.06160000  4600.822932
0.06162000  4600.766972
0.06164000  4600.713672
0.06166000  4600.665698
0.06168000  4600.620385
0.06170000  4600.575068
0.06172000  4600.53508
0.06174000  4600.495089
0.06176000  4600.457762
0.06178000  4600.420431
0.06180000  4600.385766
0.06182000  4600.351098
0.06184000  4600.319094
0.06186000  4600.287089
0.06188000  4600.255083
0.06190000  4600.225741
0.06192000  4600.196399
0.06194000  4600.167055
0.06196000  4600.140377
0.06198000  4600.113697
0.06200000  4600.089685
0.06202000  4600.063003
0.06204000  4600.038989
0.06206000  4600.017642
0.06208000  4599.993625
0.06210000  4599.972277
0.06212000  4599.950927
0.06214000  4599.932245
0.06216000  4599.910894
0.06218000  4599.892211
0.06220000  4599.873528
0.06222000  4599.857513
0.06224000  4599.841497
0.06226000  4599.825481
0.06228000  4599.809465
0.06230000  4599.793448
0.06232000  4599.7801
0.06234000  4599.766752
0.06236000  4599.753404
0.06238000  4599.742725
0.06240000  4599.729376
0.06242000  4599.718697
0.06244000  4599.708017
0.06246000  4599.700008
0.06248000  4599.689328
0.06250000  4599.681318
0.06252000  4599.673308
0.06254000  4599.665297
0.06256000  4599.659957
0.06258000  4599.651947
0.06260000  4599.646606
0.06262000  4599.641266
0.06264000  4599.635925
0.06266000  4599.633255
0.06268000  4599.627914
0.06270000  4599.625244
0.06272000  4599.622574
0.06274000  4599.619903
0.06276000  4599.619903
0.06278000  4599.617233
0.06280000  4599.617233
0.06282000  4599.617233
0.06284000  4599.617233
0.06286000  4599.617233
0.06288000  4599.617233
0.06290000  4599.619903
0.06292000  4599.619903
0.06294000  4599.622574
0.06296000  4599.625244
0.06298000  4599.627914
0.06300000  4599.630585
