0.00000000  4073.399337
0.00002000  4068.889494
0.00004000  4064.726217
0.00006000  4060.888278
0.00008000  4057.33429
0.00010000  4053.815563
0.00012000  4049.61207
0.00014000  4043.974763
0.00016000  4036.38378
0.00018000  4026.246888
0.00020000  4012.904572
0.00022000  3994.766924
0.00024000  3967.052898
0.00026000  3923.937009
0.00028000  3858.077928
0.00030000  3759.253728
0.00032000  3613.564395
0.00034000  3404.531154
0.00036000  3118.376978
0.00038000  2762.573869
0.00040000  2382.394648
0.00042000  2012.408381
0.00044000  1649.816539
0.00046000  1271.944012
0.00048000  873.928476
0.00050000  523.749714
0.00052000  304.898053
0.00054000  193.452119
0.00056000  145.102368
0.00058000  133.093962
0.00060000  154.649565
0.00062000  228.306281
0.00064000  398.713223
0.00066000  724.260006
0.00068000  1209.985293
0.00070000  1788.575949
0.00072000  2374.03587
0.00074000  2901.992315
0.00076000  3342.856377
0.00078000  3691.139347
0.00080000  3952.968879
0.00082000  4142.44843
0.00084000  4276.789232
0.00086000  4371.538126
0.00088000  4438.622828
0.00090000  4486.479256
0.00092000  4520.904521
0.00094000  4545.857753
0.00096000  4564.046339
0.00098000  4577.367129
0.00100000  4587.152174
0.00102000  4594.345433
0.00104000  4599.627914
0.00106000  4603.494466
0.00108000  4606.303652
0.00110000  4608.326303
0.00112000  4609.770265
0.00114000  4610.781399
0.00116000  4611.464036
0.00118000  4611.905596
0.00120000  4612.164095
0.00122000  4612.284165
0.00124000  4612.299824
0.00126000  4612.237184
0.00128000  4612.122326
0.00130000  4611.965662
0.00132000  4611.785443
0.00134000  4611.589486
0.00136000  4611.390844
0.00138000  4611.19736
0.00140000  4611.014271
0.00142000  4610.844205
0.00144000  4610.684557
0.00146000  4610.535336
0.00148000  4610.399168
0.00150000  4610.270826
0.00152000  4610.150314
0.00154000  4610.040258
0.00156000  4609.935422
0.00158000  4609.838431
0.00160000  4609.746667
0.00162000  4609.660132
0.00164000  4609.576207
0.00166000  4609.494892
0.00168000  4609.418813
0.00170000  4609.342723
0.00172000  4609.269246
0.00174000  4609.198385
0.00176000  4609.130139
0.00178000  4609.061885
0.00180000  4608.993622
0.00182000  4608.927977
0.00184000  4608.864951
0.00186000  4608.801917
0.00188000  4608.741502
0.00190000  4608.678454
0.00192000  4608.620654
0.00194000  4608.56022
0.00196000  4608.502407
0.00198000  4608.447216
0.00200000  4608.39202
0.00202000  4608.336818
0.00204000  4608.281611
0.00206000  4608.229028
0.00208000  4608.179069
0.00210000  4608.126476
0.00212000  4608.076507
0.00214000  4608.029165
0.00216000  4607.979188
0.00218000  4607.931837
0.00220000  4607.884482
0.00222000  4607.839754
0.00224000  4607.795022
0.00226000  4607.750287
0.00228000  4607.70818
0.00230000  4607.66607
0.00232000  4607.623957
0.00234000  4607.584472
0.00236000  4607.544985
0.00238000  4607.505495
0.00240000  4607.466003
0.00242000  4607.42914
0.00244000  4607.392275
0.00246000  4607.355408
0.00248000  4607.321172
0.00250000  4607.286933
0.00252000  4607.252693
0.00254000  4607.221085
0.00256000  4607.18684
0.00258000  4607.155228
0.00260000  4607.126248
0.00262000  4607.094633
0.00264000  4607.06565
0.00266000  4607.036666
0.00268000  4607.00768
0.00270000  4606.981328
0.00272000  4606.954975
0.00274000  4606.928621
0.00276000  4606.902265
0.00278000  4606.878544
0.00280000  4606.854821
0.00282000  4606.828462
0.00284000  4606.807374
0.00286000  4606.783649
0.00288000  4606.762559
0.00290000  4606.741468
0.00292000  4606.720376
0.00294000  4606.699284
0.00296000  4606.678191
0.00298000  4606.659733
0.00300000  4606.641276
0.00302000  4606.013932542353
0.00304000  4605.386589084706
0.00306000  4604.7592456270595
0.00308000  4604.131902169412
0.00310000  4603.504558711765
0.00312000  4602.877215254118
0.00314000  4602.249871796471
0.00316000  4601.622528338824
0.00318000  4600.995184881177
0.00320000  4600.36784142353
0.00322000  4599.740497965882
0.00324000  4599.113154508235
0.00326000  4598.485811050588
0.00328000  4597.858467592941
0.00330000  4597.2311241352945
0.00332000  4596.603780677648
0.00334000  4595.976437220001
0.00336000  4595.349093762353
0.00338000  4594.721750304706
0.00340000  4594.094406847059
0.00342000  4593.467063389412
0.00344000  4592.839719931765
0.00346000  4592.212376474118
0.00348000  4591.585033016471
0.00350000  4590.957689558823
0.00352000  4590.3303461011765
0.00354000  4589.7030026435295
0.00356000  4589.075659185883
0.00358000  4588.448315728236
0.00360000  4587.820972270589
0.00362000  4587.193628812942
0.00364000  4586.566285355294
0.00366000  4585.938941897647
0.00368000  4585.31159844
0.00370000  4584.684254982353
0.00372000  4584.056911524706
0.00374000  4583.429568067059
0.00376000  4582.802224609412
0.00378000  4582.174881151765
0.00380000  4581.547537694118
0.00382000  4580.920194236471
0.00384000  4580.292850778824
0.00386000  4579.665507321177
0.00388000  4579.03816386353
0.00390000  4578.410820405883
0.00392000  4577.783476948235
0.00394000  4577.156133490588
0.00396000  4576.528790032941
0.00398000  4575.901446575294
0.00400000  4575.274103117647
0.00402000  4574.6467596600005
0.00404000  4574.019416202354
0.00406000  4573.392072744706
0.00408000  4572.764729287059
0.00410000  4572.137385829412
0.00412000  4571.510042371765
0.00414000  4570.882698914118
0.00416000  4570.255355456471
0.00418000  4569.628011998824
0.00420000  4569.000668541176
0.00422000  4568.373325083529
0.00424000  4567.745981625882
0.00426000  4567.1186381682355
0.00428000  4566.491294710589
0.00430000  4565.863951252942
0.00432000  4565.236607795295
0.00434000  4564.609264337647
0.00436000  4563.98192088
0.00438000  4563.354577422353
0.00440000  4562.727233964706
0.00442000  4562.099890507059
0.00444000  4561.472547049412
0.00446000  4560.845203591765
0.00448000  4560.2178601341175
0.00450000  4559.5905166764705
0.00452000  4558.963173218824
0.00454000  4558.335829761177
0.00456000  4557.70848630353
0.00458000  4557.081142845883
0.00460000  4556.453799388236
0.00462000  4555.826455930588
0.00464000  4555.199112472941
0.00466000  4554.571769015294
0.00468000  4553.944425557647
0.00470000  4553.3170821
0.00472000  4552.689738642353
0.00474000  4552.0623951847065
0.00476000  4551.435051727059
0.00478000  4550.807708269412
0.00480000  4550.180364811765
0.00482000  4549.553021354118
0.00484000  4548.925677896471
0.00486000  4548.298334438824
0.00488000  4547.670990981177
0.00490000  4547.043647523529
0.00492000  4546.416304065882
0.00494000  4545.788960608235
0.00496000  4545.161617150588
0.00498000  4544.5342736929415
0.00500000  4543.906930235295
0.00502000  4543.279586777648
0.00504000  4542.65224332
0.00506000  4542.024899862353
0.00508000  4541.397556404706
0.00510000  4540.770212947059
0.00512000  4540.142869489412
0.00514000  4539.515526031765
0.00516000  4538.888182574118
0.00518000  4538.26083911647
0.00520000  4537.633495658823
0.00522000  4537.0061522011765
0.00524000  4536.37880874353
0.00526000  4535.751465285883
0.00528000  4535.124121828236
0.00530000  4534.496778370589
0.00532000  4533.869434912941
0.00534000  4533.242091455294
0.00536000  4532.614747997647
0.00538000  4531.98740454
0.00540000  4531.360061082353
0.00542000  4530.732717624706
0.00544000  4530.105374167059
0.00546000  4529.4780307094115
0.00548000  4528.850687251765
0.00550000  4528.223343794118
0.00552000  4527.596000336471
0.00554000  4526.968656878824
0.00556000  4526.341313421177
0.00558000  4525.71396996353
0.00560000  4525.086626505883
0.00562000  4524.459283048235
0.00564000  4523.831939590588
0.00566000  4523.204596132941
0.00568000  4522.577252675294
0.00570000  4521.9499092176475
0.00572000  4521.3225657600005
0.00574000  4520.695222302353
0.00576000  4520.067878844706
0.00578000  4519.440535387059
0.00580000  4518.813191929412
0.00582000  4518.185848471765
0.00584000  4517.558505014118
0.00586000  4516.931161556471
0.00588000  4516.303818098824
0.00590000  4515.676474641176
0.00592000  4515.049131183529
0.00594000  4514.4217877258825
0.00596000  4513.794444268236
0.00598000  4513.167100810589
0.00600000  4512.539757352942
0.00602000  4511.912413895294
0.00604000  4511.285070437647
0.00606000  4510.65772698
0.00608000  4510.030383522353
0.00610000  4509.403040064706
0.00612000  4508.775696607059
0.00614000  4508.148353149412
0.00616000  4507.521009691765
0.00618000  4506.8936662341175
0.00620000  4506.266322776471
0.00622000  4505.638979318824
0.00624000  4505.011635861177
0.00626000  4504.38429240353
0.00628000  4503.756948945883
0.00630000  4503.129605488236
0.00632000  4502.502262030588
0.00634000  4501.874918572941
0.00636000  4501.247575115294
0.00638000  4500.620231657647
0.00640000  4499.9928882
0.00642000  4499.365544742353
0.00644000  4498.7382012847065
0.00646000  4498.110857827059
0.00648000  4497.483514369412
0.00650000  4496.856170911765
0.00652000  4496.228827454118
0.00654000  4495.601483996471
0.00656000  4494.974140538824
0.00658000  4494.346797081177
0.00660000  4493.719453623529
0.00662000  4493.092110165882
0.00664000  4492.464766708235
0.00666000  4491.8374232505885
0.00668000  4491.2100797929415
0.00670000  4490.582736335295
0.00672000  4489.955392877648
0.00674000  4489.32804942
0.00676000  4488.700705962353
0.00678000  4488.073362504706
0.00680000  4487.446019047059
0.00682000  4486.818675589412
0.00684000  4486.191332131765
0.00686000  4485.563988674118
0.00688000  4484.93664521647
0.00690000  4484.3093017588235
0.00692000  4483.681958301177
0.00694000  4483.05461484353
0.00696000  4482.427271385883
0.00698000  4481.799927928236
0.00700000  4481.172584470589
0.00702000  4480.545241012941
0.00704000  4479.917897555294
0.00706000  4479.290554097647
0.00708000  4478.66321064
0.00710000  4478.035867182353
0.00712000  4477.408523724706
0.00714000  4476.781180267059
0.00716000  4476.153836809412
0.00718000  4475.526493351765
0.00720000  4474.899149894118
0.00722000  4474.271806436471
0.00724000  4473.644462978824
0.00726000  4473.017119521177
0.00728000  4472.38977606353
0.00730000  4471.762432605882
0.00732000  4471.135089148235
0.00734000  4470.507745690588
0.00736000  4469.880402232941
0.00738000  4469.253058775294
0.00740000  4468.6257153176475
0.00742000  4467.998371860001
0.00744000  4467.371028402353
0.00746000  4466.743684944706
0.00748000  4466.116341487059
0.00750000  4465.488998029412
0.00752000  4464.861654571765
0.00754000  4464.234311114118
0.00756000  4463.606967656471
0.00758000  4462.979624198823
0.00760000  4462.352280741176
0.00762000  4461.7249372835295
0.00764000  4461.0975938258825
0.00766000  4460.470250368236
0.00768000  4459.842906910589
0.00770000  4459.215563452942
0.00772000  4458.588219995294
0.00774000  4457.960876537647
0.00776000  4457.33353308
0.00778000  4456.706189622353
0.00780000  4456.078846164706
0.00782000  4455.451502707059
0.00784000  4454.824159249412
0.00786000  4454.1968157917645
0.00788000  4453.569472334118
0.00790000  4452.942128876471
0.00792000  4452.314785418824
0.00794000  4451.687441961177
0.00796000  4451.06009850353
0.00798000  4450.432755045883
0.00800000  4449.805411588235
0.00802000  4449.178068130588
0.00804000  4448.550724672941
0.00806000  4447.923381215294
0.00808000  4447.296037757647
0.00810000  4446.6686943
0.00812000  4446.0413508423535
0.00814000  4445.414007384706
0.00816000  4444.786663927059
0.00818000  4444.159320469412
0.00820000  4443.531977011765
0.00822000  4442.904633554118
0.00824000  4442.277290096471
0.00826000  4441.649946638824
0.00828000  4441.022603181176
0.00830000  4440.395259723529
0.00832000  4439.767916265882
0.00834000  4439.140572808235
0.00836000  4438.5132293505885
0.00838000  4437.885885892942
0.00840000  4437.258542435295
0.00842000  4436.631198977647
0.00844000  4436.00385552
0.00846000  4435.376512062353
0.00848000  4434.749168604706
0.00850000  4434.121825147059
0.00852000  4433.494481689412
0.00854000  4432.867138231765
0.00856000  4432.239794774117
0.00858000  4431.6124513164705
0.00860000  4430.9851078588235
0.00862000  4430.357764401177
0.00864000  4429.73042094353
0.00866000  4429.103077485883
0.00868000  4428.475734028236
0.00870000  4427.848390570588
0.00872000  4427.221047112941
0.00874000  4426.593703655294
0.00876000  4425.966360197647
0.00878000  4425.33901674
0.00880000  4424.711673282353
0.00882000  4424.084329824706
0.00884000  4423.456986367059
0.00886000  4422.829642909412
0.00888000  4422.202299451765
0.00890000  4421.574955994118
0.00892000  4420.947612536471
0.00894000  4420.320269078824
0.00896000  4419.692925621177
0.00898000  4419.065582163529
0.00900000  4418.438238705882
0.00902000  4417.810895248235
0.00904000  4417.183551790588
0.00906000  4416.556208332941
0.00908000  4415.9288648752945
0.00910000  4415.301521417648
0.00912000  4414.67417796
0.00914000  4414.046834502353
0.00916000  4413.419491044706
0.00918000  4412.792147587059
0.00920000  4412.164804129412
0.00922000  4411.537460671765
0.00924000  4410.910117214118
0.00926000  4410.28277375647
0.00928000  4409.655430298823
0.00930000  4409.028086841176
0.00932000  4408.4007433835295
0.00934000  4407.773399925883
0.00936000  4407.146056468236
0.00938000  4406.518713010589
0.00940000  4405.891369552941
0.00942000  4405.264026095294
0.00944000  4404.636682637647
0.00946000  4404.00933918
0.00948000  4403.381995722353
0.00950000  4402.754652264706
0.00952000  4402.127308807059
0.00954000  4401.4999653494115
0.00956000  4400.8726218917645
0.00958000  4400.245278434118
0.00960000  4399.617934976471
0.00962000  4398.990591518824
0.00964000  4398.363248061177
0.00966000  4397.73590460353
0.00968000  4397.108561145882
0.00970000  4396.481217688235
0.00972000  4395.853874230588
0.00974000  4395.226530772941
0.00976000  4394.599187315294
0.00978000  4393.971843857647
0.00980000  4393.3445004000005
0.00982000  4392.717156942353
0.00984000  4392.089813484706
0.00986000  4391.462470027059
0.00988000  4390.835126569412
0.00990000  4390.207783111765
0.00992000  4389.580439654118
0.00994000  4388.953096196471
0.00996000  4388.325752738823
0.00998000  4387.698409281176
0.01000000  4387.071065823529
0.01002000  4386.443722365882
0.01004000  4385.8163789082355
0.01006000  4385.189035450589
0.01008000  4384.561691992942
0.01010000  4383.934348535294
0.01012000  4383.307005077647
0.01014000  4382.67966162
0.01016000  4382.052318162353
0.01018000  4381.424974704706
0.01020000  4380.797631247059
0.01022000  4380.170287789412
0.01024000  4379.542944331764
0.01026000  4378.915600874117
0.01028000  4378.2882574164705
0.01030000  4377.660913958824
0.01032000  4377.033570501177
0.01034000  4376.40622704353
0.01036000  4375.778883585883
0.01038000  4375.151540128235
0.01040000  4374.524196670588
0.01042000  4373.896853212941
0.01044000  4373.269509755294
0.01046000  4372.642166297647
0.01048000  4372.01482284
0.01050000  4371.387479382353
0.01052000  4370.7601359247055
0.01054000  4370.132792467059
0.01056000  4369.505449009412
0.01058000  4368.878105551765
0.01060000  4368.250762094118
0.01062000  4367.623418636471
0.01064000  4366.996075178824
0.01066000  4366.368731721177
0.01068000  4365.741388263529
0.01070000  4365.114044805882
0.01072000  4364.486701348235
0.01074000  4363.859357890588
0.01076000  4363.2320144329415
0.01078000  4362.6046709752945
0.01080000  4361.977327517647
0.01082000  4361.34998406
0.01084000  4360.722640602353
0.01086000  4360.095297144706
0.01088000  4359.467953687059
0.01090000  4358.840610229412
0.01092000  4358.213266771765
0.01094000  4357.585923314118
0.01096000  4356.95857985647
0.01098000  4356.331236398823
0.01100000  4355.7038929411765
0.01102000  4355.07654948353
0.01104000  4354.449206025883
0.01106000  4353.821862568236
0.01108000  4353.194519110588
0.01110000  4352.567175652941
0.01112000  4351.939832195294
0.01114000  4351.312488737647
0.01116000  4350.68514528
0.01118000  4350.057801822353
0.01120000  4349.430458364706
0.01122000  4348.803114907059
0.01124000  4348.1757714494115
0.01126000  4347.548427991765
0.01128000  4346.921084534118
0.01130000  4346.293741076471
0.01132000  4345.666397618824
0.01134000  4345.039054161177
0.01136000  4344.411710703529
0.01138000  4343.784367245882
0.01140000  4343.157023788235
0.01142000  4342.529680330588
0.01144000  4341.902336872941
0.01146000  4341.274993415294
0.01148000  4340.647649957647
0.01150000  4340.0203065000005
0.01152000  4339.392963042353
0.01154000  4338.765619584706
0.01156000  4338.138276127059
0.01158000  4337.510932669412
0.01160000  4336.883589211765
0.01162000  4336.256245754118
0.01164000  4335.62890229647
0.01166000  4335.001558838823
0.01168000  4334.374215381176
0.01170000  4333.746871923529
0.01172000  4333.1195284658825
0.01174000  4332.4921850082355
0.01176000  4331.864841550589
0.01178000  4331.237498092942
0.01180000  4330.610154635294
0.01182000  4329.982811177647
0.01184000  4329.35546772
0.01186000  4328.728124262353
0.01188000  4328.100780804706
0.01190000  4327.473437347059
0.01192000  4326.846093889411
0.01194000  4326.218750431764
0.01196000  4325.5914069741175
0.01198000  4324.964063516471
0.01200000  4324.336720058824
0.01202000  4323.709376601177
0.01204000  4323.08203314353
0.01206000  4322.454689685883
0.01208000  4321.827346228235
0.01210000  4321.200002770588
0.01212000  4320.572659312941
0.01214000  4319.945315855294
0.01216000  4319.317972397647
0.01218000  4318.69062894
0.01220000  4318.0632854823525
0.01222000  4317.435942024706
0.01224000  4316.808598567059
0.01226000  4316.181255109412
0.01228000  4315.553911651765
0.01230000  4314.926568194118
0.01232000  4314.299224736471
0.01234000  4313.671881278824
0.01236000  4313.044537821176
0.01238000  4312.417194363529
0.01240000  4311.789850905882
0.01242000  4311.162507448235
0.01244000  4310.535163990588
0.01246000  4309.9078205329415
0.01248000  4309.280477075295
0.01250000  4308.653133617647
0.01252000  4308.02579016
0.01254000  4307.398446702353
0.01256000  4306.771103244706
0.01258000  4306.143759787059
0.01260000  4305.516416329412
0.01262000  4304.889072871765
0.01264000  4304.261729414117
0.01266000  4303.63438595647
0.01268000  4303.0070424988235
0.01270000  4302.3796990411765
0.01272000  4301.75235558353
0.01274000  4301.125012125883
0.01276000  4300.497668668236
0.01278000  4299.870325210588
0.01280000  4299.242981752941
0.01282000  4298.615638295294
0.01284000  4297.988294837647
0.01286000  4297.36095138
0.01288000  4296.733607922353
0.01290000  4296.106264464706
0.01292000  4295.4789210070585
0.01294000  4294.851577549412
0.01296000  4294.224234091765
0.01298000  4293.596890634118
0.01300000  4292.969547176471
0.01302000  4292.342203718824
0.01304000  4291.714860261177
0.01306000  4291.087516803529
0.01308000  4290.460173345882
0.01310000  4289.832829888235
0.01312000  4289.205486430588
0.01314000  4288.578142972941
0.01316000  4287.950799515294
0.01318000  4287.3234560576475
0.01320000  4286.6961126
0.01322000  4286.068769142353
0.01324000  4285.441425684706
0.01326000  4284.814082227059
0.01328000  4284.186738769412
0.01330000  4283.559395311765
0.01332000  4282.932051854118
0.01334000  4282.30470839647
0.01336000  4281.677364938823
0.01338000  4281.050021481176
0.01340000  4280.422678023529
0.01342000  4279.7953345658825
0.01344000  4279.167991108236
0.01346000  4278.540647650589
0.01348000  4277.913304192941
0.01350000  4277.285960735294
0.01352000  4276.658617277647
0.01354000  4276.03127382
0.01356000  4275.403930362353
0.01358000  4274.776586904706
0.01360000  4274.149243447059
0.01362000  4273.521899989411
0.01364000  4272.8945565317645
0.01366000  4272.2672130741175
0.01368000  4271.639869616471
0.01370000  4271.012526158824
0.01372000  4270.385182701177
0.01374000  4269.75783924353
0.01376000  4269.130495785882
0.01378000  4268.503152328235
0.01380000  4267.875808870588
0.01382000  4267.248465412941
0.01384000  4266.621121955294
0.01386000  4265.993778497647
0.01388000  4265.36643504
0.01390000  4264.739091582353
0.01392000  4264.111748124706
0.01394000  4263.484404667059
0.01396000  4262.857061209412
0.01398000  4262.229717751765
0.01400000  4261.602374294118
0.01402000  4260.975030836471
0.01404000  4260.347687378823
0.01406000  4259.720343921176
0.01408000  4259.093000463529
0.01410000  4258.465657005882
0.01412000  4257.838313548235
0.01414000  4257.2109700905885
0.01416000  4256.583626632942
0.01418000  4255.956283175294
0.01420000  4255.328939717647
0.01422000  4254.70159626
0.01424000  4254.074252802353
0.01426000  4253.446909344706
0.01428000  4252.819565887059
0.01430000  4252.192222429412
0.01432000  4251.564878971764
0.01434000  4250.937535514117
0.01436000  4250.31019205647
0.01438000  4249.6828485988235
0.01440000  4249.055505141177
0.01442000  4248.42816168353
0.01444000  4247.800818225883
0.01446000  4247.173474768235
0.01448000  4246.546131310588
0.01450000  4245.918787852941
0.01452000  4245.291444395294
0.01454000  4244.664100937647
0.01456000  4244.03675748
0.01458000  4243.409414022353
0.01460000  4242.7820705647055
0.01462000  4242.1547271070585
0.01464000  4241.527383649412
0.01466000  4240.900040191765
0.01468000  4240.272696734118
0.01470000  4239.645353276471
0.01472000  4239.018009818824
0.01474000  4238.390666361176
0.01476000  4237.763322903529
0.01478000  4237.135979445882
0.01480000  4236.508635988235
0.01482000  4235.881292530588
0.01484000  4235.253949072941
0.01486000  4234.6266056152945
0.01488000  4233.999262157647
0.01490000  4233.3719187
0.01492000  4232.744575242353
0.01494000  4232.117231784706
0.01496000  4231.489888327059
0.01498000  4230.862544869412
0.01500000  4230.235201411765
0.01502000  4229.607857954117
0.01504000  4228.98051449647
0.01506000  4228.353171038823
0.01508000  4227.725827581176
0.01510000  4227.0984841235295
0.01512000  4226.471140665883
0.01514000  4225.843797208236
0.01516000  4225.216453750588
0.01518000  4224.589110292941
0.01520000  4223.961766835294
0.01522000  4223.334423377647
0.01524000  4222.70707992
0.01526000  4222.079736462353
0.01528000  4221.452393004706
0.01530000  4220.825049547058
0.01532000  4220.197706089411
0.01534000  4219.5703626317645
0.01536000  4218.943019174118
0.01538000  4218.315675716471
0.01540000  4217.688332258824
0.01542000  4217.060988801177
0.01544000  4216.433645343529
0.01546000  4215.806301885882
0.01548000  4215.178958428235
0.01550000  4214.551614970588
0.01552000  4213.924271512941
0.01554000  4213.296928055294
0.01556000  4212.669584597647
0.01558000  4212.0422411399995
0.01560000  4211.414897682353
0.01562000  4210.787554224706
0.01564000  4210.160210767059
0.01566000  4209.532867309412
0.01568000  4208.905523851765
0.01570000  4208.278180394118
0.01572000  4207.650836936471
0.01574000  4207.023493478823
0.01576000  4206.396150021176
0.01578000  4205.768806563529
0.01580000  4205.141463105882
0.01582000  4204.5141196482355
0.01584000  4203.8867761905885
0.01586000  4203.259432732941
0.01588000  4202.632089275294
0.01590000  4202.004745817647
0.01592000  4201.37740236
0.01594000  4200.750058902353
0.01596000  4200.122715444706
0.01598000  4199.495371987059
0.01600000  4198.868028529412
0.01602000  4198.240685071764
0.01604000  4197.613341614117
0.01606000  4196.9859981564705
0.01608000  4196.358654698824
0.01610000  4195.731311241177
0.01612000  4195.10396778353
0.01614000  4194.476624325882
0.01616000  4193.849280868235
0.01618000  4193.221937410588
0.01620000  4192.594593952941
0.01622000  4191.967250495294
0.01624000  4191.339907037647
0.01626000  4190.71256358
0.01628000  4190.085220122353
0.01630000  4189.4578766647055
0.01632000  4188.830533207059
0.01634000  4188.203189749412
0.01636000  4187.575846291765
0.01638000  4186.948502834118
0.01640000  4186.321159376471
0.01642000  4185.693815918823
0.01644000  4185.066472461176
0.01646000  4184.439129003529
0.01648000  4183.811785545882
0.01650000  4183.184442088235
0.01652000  4182.557098630588
0.01654000  4181.929755172941
0.01656000  4181.3024117152945
0.01658000  4180.675068257647
0.01660000  4180.0477248
0.01662000  4179.420381342353
0.01664000  4178.793037884706
0.01666000  4178.165694427059
0.01668000  4177.538350969412
0.01670000  4176.911007511764
0.01672000  4176.283664054117
0.01674000  4175.65632059647
0.01676000  4175.028977138823
0.01678000  4174.4016336811765
0.01680000  4173.7742902235295
0.01682000  4173.146946765883
0.01684000  4172.519603308236
0.01686000  4171.892259850588
0.01688000  4171.264916392941
0.01690000  4170.637572935294
0.01692000  4170.010229477647
0.01694000  4169.38288602
0.01696000  4168.755542562353
0.01698000  4168.128199104705
0.01700000  4167.500855647058
0.01702000  4166.8735121894115
0.01704000  4166.246168731765
0.01706000  4165.618825274118
0.01708000  4164.991481816471
0.01710000  4164.364138358824
0.01712000  4163.736794901177
0.01714000  4163.109451443529
0.01716000  4162.482107985882
0.01718000  4161.854764528235
0.01720000  4161.227421070588
0.01722000  4160.600077612941
0.01724000  4159.972734155294
0.01726000  4159.3453906976465
0.01728000  4158.71804724
0.01730000  4158.090703782353
0.01732000  4157.463360324706
0.01734000  4156.836016867059
0.01736000  4156.208673409412
0.01738000  4155.581329951765
0.01740000  4154.953986494118
0.01742000  4154.32664303647
0.01744000  4153.699299578823
0.01746000  4153.071956121176
0.01748000  4152.444612663529
0.01750000  4151.817269205882
0.01752000  4151.1899257482355
0.01754000  4150.562582290588
0.01756000  4149.935238832941
0.01758000  4149.307895375294
0.01760000  4148.680551917647
0.01762000  4148.05320846
0.01764000  4147.425865002353
0.01766000  4146.798521544706
0.01768000  4146.171178087059
0.01770000  4145.543834629411
0.01772000  4144.916491171764
0.01774000  4144.2891477141175
0.01776000  4143.6618042564705
0.01778000  4143.034460798824
0.01780000  4142.407117341177
0.01782000  4141.779773883529
0.01784000  4141.152430425882
0.01786000  4140.525086968235
0.01788000  4139.897743510588
0.01790000  4139.270400052941
0.01792000  4138.643056595294
0.01794000  4138.015713137647
0.01796000  4137.38836968
0.01798000  4136.7610262223525
0.01800000  4136.133682764706
0.01802000  4135.506339307059
0.01804000  4134.878995849412
0.01806000  4134.251652391765
0.01808000  4133.624308934118
0.01810000  4132.996965476471
0.01812000  4132.369622018823
0.01814000  4131.742278561176
0.01816000  4131.114935103529
0.01818000  4130.487591645882
0.01820000  4129.860248188235
0.01822000  4129.232904730588
0.01824000  4128.6055612729415
0.01826000  4127.978217815294
0.01828000  4127.350874357647
0.01830000  4126.7235309
0.01832000  4126.096187442353
0.01834000  4125.468843984706
0.01836000  4124.841500527059
0.01838000  4124.214157069412
0.01840000  4123.586813611764
0.01842000  4122.959470154117
0.01844000  4122.33212669647
0.01846000  4121.704783238823
0.01848000  4121.0774397811765
0.01850000  4120.45009632353
0.01852000  4119.822752865883
0.01854000  4119.195409408235
0.01856000  4118.568065950588
0.01858000  4117.940722492941
0.01860000  4117.313379035294
0.01862000  4116.686035577647
0.01864000  4116.05869212
0.01866000  4115.431348662353
0.01868000  4114.804005204705
0.01870000  4114.1766617470585
0.01872000  4113.5493182894115
0.01874000  4112.921974831765
0.01876000  4112.294631374118
0.01878000  4111.667287916471
0.01880000  4111.039944458824
0.01882000  4110.412601001176
0.01884000  4109.785257543529
0.01886000  4109.157914085882
0.01888000  4108.530570628235
0.01890000  4107.903227170588
0.01892000  4107.275883712941
0.01894000  4106.648540255294
0.01896000  4106.021196797647
0.01898000  4105.39385334
0.01900000  4104.766509882353
0.01902000  4104.139166424706
0.01904000  4103.511822967059
0.01906000  4102.884479509412
0.01908000  4102.257136051765
0.01910000  4101.629792594117
0.01912000  4101.00244913647
0.01914000  4100.375105678823
0.01916000  4099.747762221176
0.01918000  4099.120418763529
0.01920000  4098.4930753058825
0.01922000  4097.865731848236
0.01924000  4097.238388390588
0.01926000  4096.611044932941
0.01928000  4095.983701475294
0.01930000  4095.356358017647
0.01932000  4094.72901456
0.01934000  4094.101671102353
0.01936000  4093.4743276447057
0.01938000  4092.8469841870588
0.01940000  4092.2196407294114
0.01942000  4091.5922972717644
0.01944000  4090.9649538141175
0.01946000  4090.3376103564706
0.01948000  4089.7102668988236
0.01950000  4089.0829234411763
0.01952000  4088.4555799835293
0.01954000  4087.828236525882
0.01956000  4087.200893068235
0.01958000  4086.573549610588
0.01960000  4085.946206152941
0.01962000  4085.3188626952942
0.01964000  4084.691519237647
0.01966000  4084.06417578
0.01968000  4083.4368323223525
0.01970000  4082.8094888647056
0.01972000  4082.1821454070587
0.01974000  4081.5548019494117
0.01976000  4080.927458491765
0.01978000  4080.3001150341174
0.01980000  4079.6727715764705
0.01982000  4079.045428118823
0.01984000  4078.418084661176
0.01986000  4077.7907412035293
0.01988000  4077.1633977458823
0.01990000  4076.5360542882354
0.01992000  4075.908710830588
0.01994000  4075.281367372941
0.01996000  4074.6540239152937
0.01998000  4074.0266804576468
0.02000000  4073.399337
0.02002000  4068.889494
0.02004000  4064.726217
0.02006000  4060.888278
0.02008000  4057.33429
0.02010000  4053.815563
0.02012000  4049.61207
0.02014000  4043.974763
0.02016000  4036.38378
0.02018000  4026.246888
0.02020000  4012.904572
0.02022000  3994.766924
0.02024000  3967.052898
0.02026000  3923.937009
0.02028000  3858.077928
0.02030000  3759.253728
0.02032000  3613.564395
0.02034000  3404.531154
0.02036000  3118.376978
0.02038000  2762.573869
0.02040000  2382.394648
0.02042000  2012.408381
0.02044000  1649.816539
0.02046000  1271.944012
0.02048000  873.928476
0.02050000  523.749714
0.02052000  304.898053
0.02054000  193.452119
0.02056000  145.102368
0.02058000  133.093962
0.02060000  154.649565
0.02062000  228.306281
0.02064000  398.713223
0.02066000  724.260006
0.02068000  1209.985293
0.02070000  1788.575949
0.02072000  2374.03587
0.02074000  2901.992315
0.02076000  3342.856377
0.02078000  3691.139347
0.02080000  3952.968879
0.02082000  4142.44843
0.02084000  4276.789232
0.02086000  4371.538126
0.02088000  4438.622828
0.02090000  4486.479256
0.02092000  4520.904521
0.02094000  4545.857753
0.02096000  4564.046339
0.02098000  4577.367129
0.02100000  4587.152174
0.02102000  4594.345433
0.02104000  4599.627914
0.02106000  4603.494466
0.02108000  4606.303652
0.02110000  4608.326303
0.02112000  4609.770265
0.02114000  4610.781399
0.02116000  4611.464036
0.02118000  4611.905596
0.02120000  4612.164095
0.02122000  4612.284165
0.02124000  4612.299824
0.02126000  4612.237184
0.02128000  4612.122326
0.02130000  4611.965662
0.02132000  4611.785443
0.02134000  4611.589486
0.02136000  4611.390844
0.02138000  4611.19736
0.02140000  4611.014271
0.02142000  4610.844205
0.02144000  4610.684557
0.02146000  4610.535336
0.02148000  4610.399168
0.02150000  4610.270826
0.02152000  4610.150314
0.02154000  4610.040258
0.02156000  4609.935422
0.02158000  4609.838431
0.02160000  4609.746667
0.02162000  4609.660132
0.02164000  4609.576207
0.02166000  4609.494892
0.02168000  4609.418813
0.02170000  4609.342723
0.02172000  4609.269246
0.02174000  4609.198385
0.02176000  4609.130139
0.02178000  4609.061885
0.02180000  4608.993622
0.02182000  4608.927977
0.02184000  4608.864951
0.02186000  4608.801917
0.02188000  4608.741502
0.02190000  4608.678454
0.02192000  4608.620654
0.02194000  4608.56022
0.02196000  4608.502407
0.02198000  4608.447216
0.02200000  4608.39202
0.02202000  4608.336818
0.02204000  4608.281611
0.02206000  4608.229028
0.02208000  4608.179069
0.02210000  4608.126476
0.02212000  4608.076507
0.02214000  4608.029165
0.02216000  4607.979188
0.02218000  4607.931837
0.02220000  4607.884482
0.02222000  4607.839754
0.02224000  4607.795022
0.02226000  4607.750287
0.02228000  4607.70818
0.02230000  4607.66607
0.02232000  4607.623957
0.02234000  4607.584472
0.02236000  4607.544985
0.02238000  4607.505495
0.02240000  4607.466003
0.02242000  4607.42914
0.02244000  4607.392275
0.02246000  4607.355408
0.02248000  4607.321172
0.02250000  4607.286933
0.02252000  4607.252693
0.02254000  4607.221085
0.02256000  4607.18684
0.02258000  4607.155228
0.02260000  4607.126248
0.02262000  4607.094633
0.02264000  4607.06565
0.02266000  4607.036666
0.02268000  4607.00768
0.02270000  4606.981328
0.02272000  4606.954975
0.02274000  4606.928621
0.02276000  4606.902265
0.02278000  4606.878544
0.02280000  4606.854821
0.02282000  4606.828462
0.02284000  4606.807374
0.02286000  4606.783649
0.02288000  4606.762559
0.02290000  4606.741468
0.02292000  4606.720376
0.02294000  4606.699284
0.02296000  4606.678191
0.02298000  4606.659733
0.02300000  4606.641276
0.02302000  4606.013932542353
0.02304000  4605.386589084706
0.02306000  4604.7592456270595
0.02308000  4604.131902169412
0.02310000  4603.504558711765
0.02312000  4602.877215254118
0.02314000  4602.249871796471
0.02316000  4601.622528338824
0.02318000  4600.995184881177
0.02320000  4600.36784142353
0.02322000  4599.740497965882
0.02324000  4599.113154508235
0.02326000  4598.485811050588
0.02328000  4597.858467592941
0.02330000  4597.2311241352945
0.02332000  4596.603780677648
0.02334000  4595.976437220001
0.02336000  4595.349093762353
0.02338000  4594.721750304706
0.02340000  4594.094406847059
0.02342000  4593.467063389412
0.02344000  4592.839719931765
0.02346000  4592.212376474118
0.02348000  4591.585033016471
0.02350000  4590.957689558823
0.02352000  4590.3303461011765
0.02354000  4589.7030026435295
0.02356000  4589.075659185883
0.02358000  4588.448315728236
0.02360000  4587.820972270589
0.02362000  4587.193628812942
0.02364000  4586.566285355294
0.02366000  4585.938941897647
0.02368000  4585.31159844
0.02370000  4584.684254982353
0.02372000  4584.056911524706
0.02374000  4583.429568067059
0.02376000  4582.802224609412
0.02378000  4582.174881151765
0.02380000  4581.547537694118
0.02382000  4580.920194236471
0.02384000  4580.292850778824
0.02386000  4579.665507321177
0.02388000  4579.03816386353
0.02390000  4578.410820405883
0.02392000  4577.783476948235
0.02394000  4577.156133490588
0.02396000  4576.528790032941
0.02398000  4575.901446575294
0.02400000  4575.274103117647
0.02402000  4574.6467596600005
0.02404000  4574.019416202354
0.02406000  4573.392072744706
0.02408000  4572.764729287059
0.02410000  4572.137385829412
0.02412000  4571.510042371765
0.02414000  4570.882698914118
0.02416000  4570.255355456471
0.02418000  4569.628011998824
0.02420000  4569.000668541176
0.02422000  4568.373325083529
0.02424000  4567.745981625882
0.02426000  4567.1186381682355
0.02428000  4566.491294710589
0.02430000  4565.863951252942
0.02432000  4565.236607795295
0.02434000  4564.609264337647
0.02436000  4563.98192088
0.02438000  4563.354577422353
0.02440000  4562.727233964706
0.02442000  4562.099890507059
0.02444000  4561.472547049412
0.02446000  4560.845203591765
0.02448000  4560.2178601341175
0.02450000  4559.5905166764705
0.02452000  4558.963173218824
0.02454000  4558.335829761177
0.02456000  4557.70848630353
0.02458000  4557.081142845883
0.02460000  4556.453799388236
0.02462000  4555.826455930588
0.02464000  4555.199112472941
0.02466000  4554.571769015294
0.02468000  4553.944425557647
0.02470000  4553.3170821
0.02472000  4552.689738642353
0.02474000  4552.0623951847065
0.02476000  4551.435051727059
0.02478000  4550.807708269412
0.02480000  4550.180364811765
0.02482000  4549.553021354118
0.02484000  4548.925677896471
0.02486000  4548.298334438824
0.02488000  4547.670990981177
0.02490000  4547.043647523529
0.02492000  4546.416304065882
0.02494000  4545.788960608235
0.02496000  4545.161617150588
0.02498000  4544.5342736929415
0.02500000  4543.906930235295
0.02502000  4543.279586777648
0.02504000  4542.65224332
0.02506000  4542.024899862353
0.02508000  4541.397556404706
0.02510000  4540.770212947059
0.02512000  4540.142869489412
0.02514000  4539.515526031765
0.02516000  4538.888182574118
0.02518000  4538.26083911647
0.02520000  4537.633495658823
0.02522000  4537.0061522011765
0.02524000  4536.37880874353
0.02526000  4535.751465285883
0.02528000  4535.124121828236
0.02530000  4534.496778370589
0.02532000  4533.869434912941
0.02534000  4533.242091455294
0.02536000  4532.614747997647
0.02538000  4531.98740454
0.02540000  4531.360061082353
0.02542000  4530.732717624706
0.02544000  4530.105374167059
0.02546000  4529.4780307094115
0.02548000  4528.850687251765
0.02550000  4528.223343794118
0.02552000  4527.596000336471
0.02554000  4526.968656878824
0.02556000  4526.341313421177
0.02558000  4525.71396996353
0.02560000  4525.086626505883
0.02562000  4524.459283048235
0.02564000  4523.831939590588
0.02566000  4523.204596132941
0.02568000  4522.577252675294
0.02570000  4521.9499092176475
0.02572000  4521.3225657600005
0.02574000  4520.695222302353
0.02576000  4520.067878844706
0.02578000  4519.440535387059
0.02580000  4518.813191929412
0.02582000  4518.185848471765
0.02584000  4517.558505014118
0.02586000  4516.931161556471
0.02588000  4516.303818098824
0.02590000  4515.676474641176
0.02592000  4515.049131183529
0.02594000  4514.4217877258825
0.02596000  4513.794444268236
0.02598000  4513.167100810589
0.02600000  4512.539757352942
0.02602000  4511.912413895294
0.02604000  4511.285070437647
0.02606000  4510.65772698
0.02608000  4510.030383522353
0.02610000  4509.403040064706
0.02612000  4508.775696607059
0.02614000  4508.148353149412
0.02616000  4507.521009691765
0.02618000  4506.8936662341175
0.02620000  4506.266322776471
0.02622000  4505.638979318824
0.02624000  4505.011635861177
0.02626000  4504.38429240353
0.02628000  4503.756948945883
0.02630000  4503.129605488236
0.02632000  4502.502262030588
0.02634000  4501.874918572941
0.02636000  4501.247575115294
0.02638000  4500.620231657647
0.02640000  4499.9928882
0.02642000  4499.365544742353
0.02644000  4498.7382012847065
0.02646000  4498.110857827059
0.02648000  4497.483514369412
0.02650000  4496.856170911765
0.02652000  4496.228827454118
0.02654000  4495.601483996471
0.02656000  4494.974140538824
0.02658000  4494.346797081177
0.02660000  4493.719453623529
0.02662000  4493.092110165882
0.02664000  4492.464766708235
0.02666000  4491.8374232505885
0.02668000  4491.2100797929415
0.02670000  4490.582736335295
0.02672000  4489.955392877648
0.02674000  4489.32804942
0.02676000  4488.700705962353
0.02678000  4488.073362504706
0.02680000  4487.446019047059
0.02682000  4486.818675589412
0.02684000  4486.191332131765
0.02686000  4485.563988674118
0.02688000  4484.93664521647
0.02690000  4484.3093017588235
0.02692000  4483.681958301177
0.02694000  4483.05461484353
0.02696000  4482.427271385883
0.02698000  4481.799927928236
0.02700000  4481.172584470589
0.02702000  4480.545241012941
0.02704000  4479.917897555294
0.02706000  4479.290554097647
0.02708000  4478.66321064
0.02710000  4478.035867182353
0.02712000  4477.408523724706
0.02714000  4476.781180267059
0.02716000  4476.153836809412
0.02718000  4475.526493351765
0.02720000  4474.899149894118
0.02722000  4474.271806436471
0.02724000  4473.644462978824
0.02726000  4473.017119521177
0.02728000  4472.38977606353
0.02730000  4471.762432605882
0.02732000  4471.135089148235
0.02734000  4470.507745690588
0.02736000  4469.880402232941
0.02738000  4469.253058775294
0.02740000  4468.6257153176475
0.02742000  4467.998371860001
0.02744000  4467.371028402353
0.02746000  4466.743684944706
0.02748000  4466.116341487059
0.02750000  4465.488998029412
0.02752000  4464.861654571765
0.02754000  4464.234311114118
0.02756000  4463.606967656471
0.02758000  4462.979624198823
0.02760000  4462.352280741176
0.02762000  4461.7249372835295
0.02764000  4461.0975938258825
0.02766000  4460.470250368236
0.02768000  4459.842906910589
0.02770000  4459.215563452942
0.02772000  4458.588219995294
0.02774000  4457.960876537647
0.02776000  4457.33353308
0.02778000  4456.706189622353
0.02780000  4456.078846164706
0.02782000  4455.451502707059
0.02784000  4454.824159249412
0.02786000  4454.1968157917645
0.02788000  4453.569472334118
0.02790000  4452.942128876471
0.02792000  4452.314785418824
0.02794000  4451.687441961177
0.02796000  4451.06009850353
0.02798000  4450.432755045883
0.02800000  4449.805411588235
0.02802000  4449.178068130588
0.02804000  4448.550724672941
0.02806000  4447.923381215294
0.02808000  4447.296037757647
0.02810000  4446.6686943
0.02812000  4446.0413508423535
0.02814000  4445.414007384706
0.02816000  4444.786663927059
0.02818000  4444.159320469412
0.02820000  4443.531977011765
0.02822000  4442.904633554118
0.02824000  4442.277290096471
0.02826000  4441.649946638824
0.02828000  4441.022603181176
0.02830000  4440.395259723529
0.02832000  4439.767916265882
0.02834000  4439.140572808235
0.02836000  4438.5132293505885
0.02838000  4437.885885892942
0.02840000  4437.258542435295
0.02842000  4436.631198977647
0.02844000  4436.00385552
0.02846000  4435.376512062353
0.02848000  4434.749168604706
0.02850000  4434.121825147059
0.02852000  4433.494481689412
0.02854000  4432.867138231765
0.02856000  4432.239794774117
0.02858000  4431.6124513164705
0.02860000  4430.9851078588235
0.02862000  4430.357764401177
0.02864000  4429.73042094353
0.02866000  4429.103077485883
0.02868000  4428.475734028236
0.02870000  4427.848390570588
0.02872000  4427.221047112941
0.02874000  4426.593703655294
0.02876000  4425.966360197647
0.02878000  4425.33901674
0.02880000  4424.711673282353
0.02882000  4424.084329824706
0.02884000  4423.456986367059
0.02886000  4422.829642909412
0.02888000  4422.202299451765
0.02890000  4421.574955994118
0.02892000  4420.947612536471
0.02894000  4420.320269078824
0.02896000  4419.692925621177
0.02898000  4419.065582163529
0.02900000  4418.438238705882
0.02902000  4417.810895248235
0.02904000  4417.183551790588
0.02906000  4416.556208332941
0.02908000  4415.9288648752945
0.02910000  4415.301521417648
0.02912000  4414.67417796
0.02914000  4414.046834502353
0.02916000  4413.419491044706
0.02918000  4412.792147587059
0.02920000  4412.164804129412
0.02922000  4411.537460671765
0.02924000  4410.910117214118
0.02926000  4410.28277375647
0.02928000  4409.655430298823
0.02930000  4409.028086841176
0.02932000  4408.4007433835295
0.02934000  4407.773399925883
0.02936000  4407.146056468236
0.02938000  4406.518713010589
0.02940000  4405.891369552941
0.02942000  4405.264026095294
0.02944000  4404.636682637647
0.02946000  4404.00933918
0.02948000  4403.381995722353
0.02950000  4402.754652264706
0.02952000  4402.127308807059
0.02954000  4401.4999653494115
0.02956000  4400.8726218917645
0.02958000  4400.245278434118
0.02960000  4399.617934976471
0.02962000  4398.990591518824
0.02964000  4398.363248061177
0.02966000  4397.73590460353
0.02968000  4397.108561145882
0.02970000  4396.481217688235
0.02972000  4395.853874230588
0.02974000  4395.226530772941
0.02976000  4394.599187315294
0.02978000  4393.971843857647
0.02980000  4393.3445004000005
0.02982000  4392.717156942353
0.02984000  4392.089813484706
0.02986000  4391.462470027059
0.02988000  4390.835126569412
0.02990000  4390.207783111765
0.02992000  4389.580439654118
0.02994000  4388.953096196471
0.02996000  4388.325752738823
0.02998000  4387.698409281176
0.03000000  4387.071065823529
0.03002000  4386.443722365882
0.03004000  4385.8163789082355
0.03006000  4385.189035450589
0.03008000  4384.561691992942
0.03010000  4383.934348535294
0.03012000  4383.307005077647
0.03014000  4382.67966162
0.03016000  4382.052318162353
0.03018000  4381.424974704706
0.03020000  4380.797631247059
0.03022000  4380.170287789412
0.03024000  4379.542944331764
0.03026000  4378.915600874117
0.03028000  4378.2882574164705
0.03030000  4377.660913958824
0.03032000  4377.033570501177
0.03034000  4376.40622704353
0.03036000  4375.778883585883
0.03038000  4375.151540128235
0.03040000  4374.524196670588
0.03042000  4373.896853212941
0.03044000  4373.269509755294
0.03046000  4372.642166297647
0.03048000  4372.01482284
0.03050000  4371.387479382353
0.03052000  4370.7601359247055
0.03054000  4370.132792467059
0.03056000  4369.505449009412
0.03058000  4368.878105551765
0.03060000  4368.250762094118
0.03062000  4367.623418636471
0.03064000  4366.996075178824
0.03066000  4366.368731721177
0.03068000  4365.741388263529
0.03070000  4365.114044805882
0.03072000  4364.486701348235
0.03074000  4363.859357890588
0.03076000  4363.2320144329415
0.03078000  4362.6046709752945
0.03080000  4361.977327517647
0.03082000  4361.34998406
0.03084000  4360.722640602353
0.03086000  4360.095297144706
0.03088000  4359.467953687059
0.03090000  4358.840610229412
0.03092000  4358.213266771765
0.03094000  4357.585923314118
0.03096000  4356.95857985647
0.03098000  4356.331236398823
0.03100000  4355.7038929411765
0.03102000  4355.07654948353
0.03104000  4354.449206025883
0.03106000  4353.821862568236
0.03108000  4353.194519110588
0.03110000  4352.567175652941
0.03112000  4351.939832195294
0.03114000  4351.312488737647
0.03116000  4350.68514528
0.03118000  4350.057801822353
0.03120000  4349.430458364706
0.03122000  4348.803114907059
0.03124000  4348.1757714494115
0.03126000  4347.548427991765
0.03128000  4346.921084534118
0.03130000  4346.293741076471
0.03132000  4345.666397618824
0.03134000  4345.039054161177
0.03136000  4344.411710703529
0.03138000  4343.784367245882
0.03140000  4343.157023788235
0.03142000  4342.529680330588
0.03144000  4341.902336872941
0.03146000  4341.274993415294
0.03148000  4340.647649957647
0.03150000  4340.0203065000005
0.03152000  4339.392963042353
0.03154000  4338.765619584706
0.03156000  4338.138276127059
0.03158000  4337.510932669412
0.03160000  4336.883589211765
0.03162000  4336.256245754118
0.03164000  4335.62890229647
0.03166000  4335.001558838823
0.03168000  4334.374215381176
0.03170000  4333.746871923529
0.03172000  4333.1195284658825
0.03174000  4332.4921850082355
0.03176000  4331.864841550589
0.03178000  4331.237498092942
0.03180000  4330.610154635294
0.03182000  4329.982811177647
0.03184000  4329.35546772
0.03186000  4328.728124262353
0.03188000  4328.100780804706
0.03190000  4327.473437347059
0.03192000  4326.846093889411
0.03194000  4326.218750431764
0.03196000  4325.5914069741175
0.03198000  4324.964063516471
0.03200000  4324.336720058824
0.03202000  4323.709376601177
0.03204000  4323.08203314353
0.03206000  4322.454689685883
0.03208000  4321.827346228235
0.03210000  4321.200002770588
0.03212000  4320.572659312941
0.03214000  4319.945315855294
0.03216000  4319.317972397647
0.03218000  4318.69062894
0.03220000  4318.0632854823525
0.03222000  4317.435942024706
0.03224000  4316.808598567059
0.03226000  4316.181255109412
0.03228000  4315.553911651765
0.03230000  4314.926568194118
0.03232000  4314.299224736471
0.03234000  4313.671881278824
0.03236000  4313.044537821176
0.03238000  4312.417194363529
0.03240000  4311.789850905882
0.03242000  4311.162507448235
0.03244000  4310.535163990588
0.03246000  4309.9078205329415
0.03248000  4309.280477075295
0.03250000  4308.653133617647
0.03252000  4308.02579016
0.03254000  4307.398446702353
0.03256000  4306.771103244706
0.03258000  4306.143759787059
0.03260000  4305.516416329412
0.03262000  4304.889072871765
0.03264000  4304.261729414117
0.03266000  4303.63438595647
0.03268000  4303.0070424988235
0.03270000  4302.3796990411765
0.03272000  4301.75235558353
0.03274000  4301.125012125883
0.03276000  4300.497668668236
0.03278000  4299.870325210588
0.03280000  4299.242981752941
0.03282000  4298.615638295294
0.03284000  4297.988294837647
0.03286000  4297.36095138
0.03288000  4296.733607922353
0.03290000  4296.106264464706
0.03292000  4295.4789210070585
0.03294000  4294.851577549412
0.03296000  4294.224234091765
0.03298000  4293.596890634118
0.03300000  4292.969547176471
0.03302000  4292.342203718824
0.03304000  4291.714860261177
0.03306000  4291.087516803529
0.03308000  4290.460173345882
0.03310000  4289.832829888235
0.03312000  4289.205486430588
0.03314000  4288.578142972941
0.03316000  4287.950799515294
0.03318000  4287.3234560576475
0.03320000  4286.6961126
0.03322000  4286.068769142353
0.03324000  4285.441425684706
0.03326000  4284.814082227059
0.03328000  4284.186738769412
0.03330000  4283.559395311765
0.03332000  4282.932051854118
0.03334000  4282.30470839647
0.03336000  4281.677364938823
0.03338000  4281.050021481176
0.03340000  4280.422678023529
0.03342000  4279.7953345658825
0.03344000  4279.167991108236
0.03346000  4278.540647650589
0.03348000  4277.913304192941
0.03350000  4277.285960735294
0.03352000  4276.658617277647
0.03354000  4276.03127382
0.03356000  4275.403930362353
0.03358000  4274.776586904706
0.03360000  4274.149243447059
0.03362000  4273.521899989411
0.03364000  4272.8945565317645
0.03366000  4272.2672130741175
0.03368000  4271.639869616471
0.03370000  4271.012526158824
0.03372000  4270.385182701177
0.03374000  4269.75783924353
0.03376000  4269.130495785882
0.03378000  4268.503152328235
0.03380000  4267.875808870588
0.03382000  4267.248465412941
0.03384000  4266.621121955294
0.03386000  4265.993778497647
0.03388000  4265.36643504
0.03390000  4264.739091582353
0.03392000  4264.111748124706
0.03394000  4263.484404667059
0.03396000  4262.857061209412
0.03398000  4262.229717751765
0.03400000  4261.602374294118
0.03402000  4260.975030836471
0.03404000  4260.347687378823
0.03406000  4259.720343921176
0.03408000  4259.093000463529
0.03410000  4258.465657005882
0.03412000  4257.838313548235
0.03414000  4257.2109700905885
0.03416000  4256.583626632942
0.03418000  4255.956283175294
0.03420000  4255.328939717647
0.03422000  4254.70159626
0.03424000  4254.074252802353
0.03426000  4253.446909344706
0.03428000  4252.819565887059
0.03430000  4252.192222429412
0.03432000  4251.564878971764
0.03434000  4250.937535514117
0.03436000  4250.31019205647
0.03438000  4249.6828485988235
0.03440000  4249.055505141177
0.03442000  4248.42816168353
0.03444000  4247.800818225883
0.03446000  4247.173474768235
0.03448000  4246.546131310588
0.03450000  4245.918787852941
0.03452000  4245.291444395294
0.03454000  4244.664100937647
0.03456000  4244.03675748
0.03458000  4243.409414022353
0.03460000  4242.7820705647055
0.03462000  4242.1547271070585
0.03464000  4241.527383649412
0.03466000  4240.900040191765
0.03468000  4240.272696734118
0.03470000  4239.645353276471
0.03472000  4239.018009818824
0.03474000  4238.390666361176
0.03476000  4237.763322903529
0.03478000  4237.135979445882
0.03480000  4236.508635988235
0.03482000  4235.881292530588
0.03484000  4235.253949072941
0.03486000  4234.6266056152945
0.03488000  4233.999262157647
0.03490000  4233.3719187
0.03492000  4232.744575242353
0.03494000  4232.117231784706
0.03496000  4231.489888327059
0.03498000  4230.862544869412
0.03500000  4230.235201411765
0.03502000  4229.607857954117
0.03504000  4228.98051449647
0.03506000  4228.353171038823
0.03508000  4227.725827581176
0.03510000  4227.0984841235295
0.03512000  4226.471140665883
0.03514000  4225.843797208236
0.03516000  4225.216453750588
0.03518000  4224.589110292941
0.03520000  4223.961766835294
0.03522000  4223.334423377647
0.03524000  4222.70707992
0.03526000  4222.079736462353
0.03528000  4221.452393004706
0.03530000  4220.825049547058
0.03532000  4220.197706089411
0.03534000  4219.5703626317645
0.03536000  4218.943019174118
0.03538000  4218.315675716471
0.03540000  4217.688332258824
0.03542000  4217.060988801177
0.03544000  4216.433645343529
0.03546000  4215.806301885882
0.03548000  4215.178958428235
0.03550000  4214.551614970588
0.03552000  4213.924271512941
0.03554000  4213.296928055294
0.03556000  4212.669584597647
0.03558000  4212.0422411399995
0.03560000  4211.414897682353
0.03562000  4210.787554224706
0.03564000  4210.160210767059
0.03566000  4209.532867309412
0.03568000  4208.905523851765
0.03570000  4208.278180394118
0.03572000  4207.650836936471
0.03574000  4207.023493478823
0.03576000  4206.396150021176
0.03578000  4205.768806563529
0.03580000  4205.141463105882
0.03582000  4204.5141196482355
0.03584000  4203.8867761905885
0.03586000  4203.259432732941
0.03588000  4202.632089275294
0.03590000  4202.004745817647
0.03592000  4201.37740236
0.03594000  4200.750058902353
0.03596000  4200.122715444706
0.03598000  4199.495371987059
0.03600000  4198.868028529412
0.03602000  4198.240685071764
0.03604000  4197.613341614117
0.03606000  4196.9859981564705
0.03608000  4196.358654698824
0.03610000  4195.731311241177
0.03612000  4195.10396778353
0.03614000  4194.476624325882
0.03616000  4193.849280868235
0.03618000  4193.221937410588
0.03620000  4192.594593952941
0.03622000  4191.967250495294
0.03624000  4191.339907037647
0.03626000  4190.71256358
0.03628000  4190.085220122353
0.03630000  4189.4578766647055
0.03632000  4188.830533207059
0.03634000  4188.203189749412
0.03636000  4187.575846291765
0.03638000  4186.948502834118
0.03640000  4186.321159376471
0.03642000  4185.693815918823
0.03644000  4185.066472461176
0.03646000  4184.439129003529
0.03648000  4183.811785545882
0.03650000  4183.184442088235
0.03652000  4182.557098630588
0.03654000  4181.929755172941
0.03656000  4181.3024117152945
0.03658000  4180.675068257647
0.03660000  4180.0477248
0.03662000  4179.420381342353
0.03664000  4178.793037884706
0.03666000  4178.165694427059
0.03668000  4177.538350969412
0.03670000  4176.911007511764
0.03672000  4176.283664054117
0.03674000  4175.65632059647
0.03676000  4175.028977138823
0.03678000  4174.4016336811765
0.03680000  4173.7742902235295
0.03682000  4173.146946765883
0.03684000  4172.519603308236
0.03686000  4171.892259850588
0.03688000  4171.264916392941
0.03690000  4170.637572935294
0.03692000  4170.010229477647
0.03694000  4169.38288602
0.03696000  4168.755542562353
0.03698000  4168.128199104705
0.03700000  4167.500855647058
0.03702000  4166.8735121894115
0.03704000  4166.246168731765
0.03706000  4165.618825274118
0.03708000  4164.991481816471
0.03710000  4164.364138358824
0.03712000  4163.736794901177
0.03714000  4163.109451443529
0.03716000  4162.482107985882
0.03718000  4161.854764528235
0.03720000  4161.227421070588
0.03722000  4160.600077612941
0.03724000  4159.972734155294
0.03726000  4159.3453906976465
0.03728000  4158.71804724
0.03730000  4158.090703782353
0.03732000  4157.463360324706
0.03734000  4156.836016867059
0.03736000  4156.208673409412
0.03738000  4155.581329951765
0.03740000  4154.953986494118
0.03742000  4154.32664303647
0.03744000  4153.699299578823
0.03746000  4153.071956121176
0.03748000  4152.444612663529
0.03750000  4151.817269205882
0.03752000  4151.1899257482355
0.03754000  4150.562582290588
0.03756000  4149.935238832941
0.03758000  4149.307895375294
0.03760000  4148.680551917647
0.03762000  4148.05320846
0.03764000  4147.425865002353
0.03766000  4146.798521544706
0.03768000  4146.171178087059
0.03770000  4145.543834629411
0.03772000  4144.916491171764
0.03774000  4144.2891477141175
0.03776000  4143.6618042564705
0.03778000  4143.034460798824
0.03780000  4142.407117341177
0.03782000  4141.779773883529
0.03784000  4141.152430425882
0.03786000  4140.525086968235
0.03788000  4139.897743510588
0.03790000  4139.270400052941
0.03792000  4138.643056595294
0.03794000  4138.015713137647
0.03796000  4137.38836968
0.03798000  4136.7610262223525
0.03800000  4136.133682764706
0.03802000  4135.506339307059
0.03804000  4134.878995849412
0.03806000  4134.251652391765
0.03808000  4133.624308934118
0.03810000  4132.996965476471
0.03812000  4132.369622018823
0.03814000  4131.742278561176
0.03816000  4131.114935103529
0.03818000  4130.487591645882
0.03820000  4129.860248188235
0.03822000  4129.232904730588
0.03824000  4128.6055612729415
0.03826000  4127.978217815294
0.03828000  4127.350874357647
0.03830000  4126.7235309
0.03832000  4126.096187442353
0.03834000  4125.468843984706
0.03836000  4124.841500527059
0.03838000  4124.214157069412
0.03840000  4123.586813611764
0.03842000  4122.959470154117
0.03844000  4122.33212669647
0.03846000  4121.704783238823
0.03848000  4121.0774397811765
0.03850000  4120.45009632353
0.03852000  4119.822752865883
0.03854000  4119.195409408235
0.03856000  4118.568065950588
0.03858000  4117.940722492941
0.03860000  4117.313379035294
0.03862000  4116.686035577647
0.03864000  4116.05869212
0.03866000  4115.431348662353
0.03868000  4114.804005204705
0.03870000  4114.1766617470585
0.03872000  4113.5493182894115
0.03874000  4112.921974831765
0.03876000  4112.294631374118
0.03878000  4111.667287916471
0.03880000  4111.039944458824
0.03882000  4110.412601001176
0.03884000  4109.785257543529
0.03886000  4109.157914085882
0.03888000  4108.530570628235
0.03890000  4107.903227170588
0.03892000  4107.275883712941
0.03894000  4106.648540255294
0.03896000  4106.021196797647
0.03898000  4105.39385334
0.03900000  4104.766509882353
0.03902000  4104.139166424706
0.03904000  4103.511822967059
0.03906000  4102.884479509412
0.03908000  4102.257136051765
0.03910000  4101.629792594117
0.03912000  4101.00244913647
0.03914000  4100.375105678823
0.03916000  4099.747762221176
0.03918000  4099.120418763529
0.03920000  4098.4930753058825
0.03922000  4097.865731848236
0.03924000  4097.238388390588
0.03926000  4096.611044932941
0.03928000  4095.983701475294
0.03930000  4095.356358017647
0.03932000  4094.72901456
0.03934000  4094.101671102353
0.03936000  4093.4743276447057
0.03938000  4092.8469841870588
0.03940000  4092.2196407294114
0.03942000  4091.5922972717644
0.03944000  4090.9649538141175
0.03946000  4090.3376103564706
0.03948000  4089.7102668988236
0.03950000  4089.0829234411763
0.03952000  4088.4555799835293
0.03954000  4087.828236525882
0.03956000  4087.200893068235
0.03958000  4086.573549610588
0.03960000  4085.946206152941
0.03962000  4085.3188626952942
0.03964000  4084.691519237647
0.03966000  4084.06417578
0.03968000  4083.4368323223525
0.03970000  4082.8094888647056
0.03972000  4082.1821454070587
0.03974000  4081.5548019494117
0.03976000  4080.927458491765
0.03978000  4080.3001150341174
0.03980000  4079.6727715764705
0.03982000  4079.045428118823
0.03984000  4078.418084661176
0.03986000  4077.7907412035293
0.03988000  4077.1633977458823
0.03990000  4076.5360542882354
0.03992000  4075.908710830588
0.03994000  4075.281367372941
0.03996000  4074.6540239152937
0.03998000  4074.0266804576468
0.04000000  4073.399337
0.04002000  4068.889494
0.04004000  4064.726217
0.04006000  4060.888278
0.04008000  4057.33429
0.04010000  4053.815563
0.04012000  4049.61207
0.04014000  4043.974763
0.04016000  4036.38378
0.04018000  4026.246888
0.04020000  4012.904572
0.04022000  3994.766924
0.04024000  3967.052898
0.04026000  3923.937009
0.04028000  3858.077928
0.04030000  3759.253728
0.04032000  3613.564395
0.04034000  3404.531154
0.04036000  3118.376978
0.04038000  2762.573869
0.04040000  2382.394648
0.04042000  2012.408381
0.04044000  1649.816539
0.04046000  1271.944012
0.04048000  873.928476
0.04050000  523.749714
0.04052000  304.898053
0.04054000  193.452119
0.04056000  145.102368
0.04058000  133.093962
0.04060000  154.649565
0.04062000  228.306281
0.04064000  398.713223
0.04066000  724.260006
0.04068000  1209.985293
0.04070000  1788.575949
0.04072000  2374.03587
0.04074000  2901.992315
0.04076000  3342.856377
0.04078000  3691.139347
0.04080000  3952.968879
0.04082000  4142.44843
0.04084000  4276.789232
0.04086000  4371.538126
0.04088000  4438.622828
0.04090000  4486.479256
0.04092000  4520.904521
0.04094000  4545.857753
0.04096000  4564.046339
0.04098000  4577.367129
0.04100000  4587.152174
0.04102000  4594.345433
0.04104000  4599.627914
0.04106000  4603.494466
0.04108000  4606.303652
0.04110000  4608.326303
0.04112000  4609.770265
0.04114000  4610.781399
0.04116000  4611.464036
0.04118000  4611.905596
0.04120000  4612.164095
0.04122000  4612.284165
0.04124000  4612.299824
0.04126000  4612.237184
0.04128000  4612.122326
0.04130000  4611.965662
0.04132000  4611.785443
0.04134000  4611.589486
0.04136000  4611.390844
0.04138000  4611.19736
0.04140000  4611.014271
0.04142000  4610.844205
0.04144000  4610.684557
0.04146000  4610.535336
0.04148000  4610.399168
0.04150000  4610.270826
0.04152000  4610.150314
0.04154000  4610.040258
0.04156000  4609.935422
0.04158000  4609.838431
0.04160000  4609.746667
0.04162000  4609.660132
0.04164000  4609.576207
0.04166000  4609.494892
0.04168000  4609.418813
0.04170000  4609.342723
0.04172000  4609.269246
0.04174000  4609.198385
0.04176000  4609.130139
0.04178000  4609.061885
0.04180000  4608.993622
0.04182000  4608.927977
0.04184000  4608.864951
0.04186000  4608.801917
0.04188000  4608.741502
0.04190000  4608.678454
0.04192000  4608.620654
0.04194000  4608.56022
0.04196000  4608.502407
0.04198000  4608.447216
0.04200000  4608.39202
0.04202000  4608.336818
0.04204000  4608.281611
0.04206000  4608.229028
0.04208000  4608.179069
0.04210000  4608.126476
0.04212000  4608.076507
0.04214000  4608.029165
0.04216000  4607.979188
0.04218000  4607.931837
0.04220000  4607.884482
0.04222000  4607.839754
0.04224000  4607.795022
0.04226000  4607.750287
0.04228000  4607.70818
0.04230000  4607.66607
0.04232000  4607.623957
0.04234000  4607.584472
0.04236000  4607.544985
0.04238000  4607.505495
0.04240000  4607.466003
0.04242000  4607.42914
0.04244000  4607.392275
0.04246000  4607.355408
0.04248000  4607.321172
0.04250000  4607.286933
0.04252000  4607.252693
0.04254000  4607.221085
0.04256000  4607.18684
0.04258000  4607.155228
0.04260000  4607.126248
0.04262000  4607.094633
0.04264000  4607.06565
0.04266000  4607.036666
0.04268000  4607.00768
0.04270000  4606.981328
0.04272000  4606.954975
0.04274000  4606.928621
0.04276000  4606.902265
0.04278000  4606.878544
0.04280000  4606.854821
0.04282000  4606.828462
0.04284000  4606.807374
0.04286000  4606.783649
0.04288000  4606.762559
0.04290000  4606.741468
0.04292000  4606.720376
0.04294000  4606.699284
0.04296000  4606.678191
0.04298000  4606.659733
0.04300000  4606.641276
0.04302000  4606.013932542353
0.04304000  4605.386589084706
0.04306000  4604.7592456270595
0.04308000  4604.131902169412
0.04310000  4603.504558711765
0.04312000  4602.877215254118
0.04314000  4602.249871796471
0.04316000  4601.622528338824
0.04318000  4600.995184881177
0.04320000  4600.36784142353
0.04322000  4599.740497965882
0.04324000  4599.113154508235
0.04326000  4598.485811050588
0.04328000  4597.858467592941
0.04330000  4597.2311241352945
0.04332000  4596.603780677648
0.04334000  4595.976437220001
0.04336000  4595.349093762353
0.04338000  4594.721750304706
0.04340000  4594.094406847059
0.04342000  4593.467063389412
0.04344000  4592.839719931765
0.04346000  4592.212376474118
0.04348000  4591.585033016471
0.04350000  4590.957689558823
0.04352000  4590.3303461011765
0.04354000  4589.7030026435295
0.04356000  4589.075659185883
0.04358000  4588.448315728236
0.04360000  4587.820972270589
0.04362000  4587.193628812942
0.04364000  4586.566285355294
0.04366000  4585.938941897647
0.04368000  4585.31159844
0.04370000  4584.684254982353
0.04372000  4584.056911524706
0.04374000  4583.429568067059
0.04376000  4582.802224609412
0.04378000  4582.174881151765
0.04380000  4581.547537694118
0.04382000  4580.920194236471
0.04384000  4580.292850778824
0.04386000  4579.665507321177
0.04388000  4579.03816386353
0.04390000  4578.410820405883
0.04392000  4577.783476948235
0.04394000  4577.156133490588
0.04396000  4576.528790032941
0.04398000  4575.901446575294
0.04400000  4575.274103117647
0.04402000  4574.6467596600005
0.04404000  4574.019416202354
0.04406000  4573.392072744706
0.04408000  4572.764729287059
0.04410000  4572.137385829412
0.04412000  4571.510042371765
0.04414000  4570.882698914118
0.04416000  4570.255355456471
0.04418000  4569.628011998824
0.04420000  4569.000668541176
0.04422000  4568.373325083529
0.04424000  4567.745981625882
0.04426000  4567.1186381682355
0.04428000  4566.491294710589
0.04430000  4565.863951252942
0.04432000  4565.236607795295
0.04434000  4564.609264337647
0.04436000  4563.98192088
0.04438000  4563.354577422353
0.04440000  4562.727233964706
0.04442000  4562.099890507059
0.04444000  4561.472547049412
0.04446000  4560.845203591765
0.04448000  4560.2178601341175
0.04450000  4559.5905166764705
0.04452000  4558.963173218824
0.04454000  4558.335829761177
0.04456000  4557.70848630353
0.04458000  4557.081142845883
0.04460000  4556.453799388236
0.04462000  4555.826455930588
0.04464000  4555.199112472941
0.04466000  4554.571769015294
0.04468000  4553.944425557647
0.04470000  4553.3170821
0.04472000  4552.689738642353
0.04474000  4552.0623951847065
0.04476000  4551.435051727059
0.04478000  4550.807708269412
0.04480000  4550.180364811765
0.04482000  4549.553021354118
0.04484000  4548.925677896471
0.04486000  4548.298334438824
0.04488000  4547.670990981177
0.04490000  4547.043647523529
0.04492000  4546.416304065882
0.04494000  4545.788960608235
0.04496000  4545.161617150588
0.04498000  4544.5342736929415
0.04500000  4543.906930235295
0.04502000  4543.279586777648
0.04504000  4542.65224332
0.04506000  4542.024899862353
0.04508000  4541.397556404706
0.04510000  4540.770212947059
0.04512000  4540.142869489412
0.04514000  4539.515526031765
0.04516000  4538.888182574118
0.04518000  4538.26083911647
0.04520000  4537.633495658823
0.04522000  4537.0061522011765
0.04524000  4536.37880874353
0.04526000  4535.751465285883
0.04528000  4535.124121828236
0.04530000  4534.496778370589
0.04532000  4533.869434912941
0.04534000  4533.242091455294
0.04536000  4532.614747997647
0.04538000  4531.98740454
0.04540000  4531.360061082353
0.04542000  4530.732717624706
0.04544000  4530.105374167059
0.04546000  4529.4780307094115
0.04548000  4528.850687251765
0.04550000  4528.223343794118
0.04552000  4527.596000336471
0.04554000  4526.968656878824
0.04556000  4526.341313421177
0.04558000  4525.71396996353
0.04560000  4525.086626505883
0.04562000  4524.459283048235
0.04564000  4523.831939590588
0.04566000  4523.204596132941
0.04568000  4522.577252675294
0.04570000  4521.9499092176475
0.04572000  4521.3225657600005
0.04574000  4520.695222302353
0.04576000  4520.067878844706
0.04578000  4519.440535387059
0.04580000  4518.813191929412
0.04582000  4518.185848471765
0.04584000  4517.558505014118
0.04586000  4516.931161556471
0.04588000  4516.303818098824
0.04590000  4515.676474641176
0.04592000  4515.049131183529
0.04594000  4514.4217877258825
0.04596000  4513.794444268236
0.04598000  4513.167100810589
0.04600000  4512.539757352942
0.04602000  4511.912413895294
0.04604000  4511.285070437647
0.04606000  4510.65772698
0.04608000  4510.030383522353
0.04610000  4509.403040064706
0.04612000  4508.775696607059
0.04614000  4508.148353149412
0.04616000  4507.521009691765
0.04618000  4506.8936662341175
0.04620000  4506.266322776471
0.04622000  4505.638979318824
0.04624000  4505.011635861177
0.04626000  4504.38429240353
0.04628000  4503.756948945883
0.04630000  4503.129605488236
0.04632000  4502.502262030588
0.04634000  4501.874918572941
0.04636000  4501.247575115294
0.04638000  4500.620231657647
0.04640000  4499.9928882
0.04642000  4499.365544742353
0.04644000  4498.7382012847065
0.04646000  4498.110857827059
0.04648000  4497.483514369412
0.04650000  4496.856170911765
0.04652000  4496.228827454118
0.04654000  4495.601483996471
0.04656000  4494.974140538824
0.04658000  4494.346797081177
0.04660000  4493.719453623529
0.04662000  4493.092110165882
0.04664000  4492.464766708235
0.04666000  4491.8374232505885
0.04668000  4491.2100797929415
0.04670000  4490.582736335295
0.04672000  4489.955392877648
0.04674000  4489.32804942
0.04676000  4488.700705962353
0.04678000  4488.073362504706
0.04680000  4487.446019047059
0.04682000  4486.818675589412
0.04684000  4486.191332131765
0.04686000  4485.563988674118
0.04688000  4484.93664521647
0.04690000  4484.3093017588235
0.04692000  4483.681958301177
0.04694000  4483.05461484353
0.04696000  4482.427271385883
0.04698000  4481.799927928236
0.04700000  4481.172584470589
0.04702000  4480.545241012941
0.04704000  4479.917897555294
0.04706000  4479.290554097647
0.04708000  4478.66321064
0.04710000  4478.035867182353
0.04712000  4477.408523724706
0.04714000  4476.781180267059
0.04716000  4476.153836809412
0.04718000  4475.526493351765
0.04720000  4474.899149894118
0.04722000  4474.271806436471
0.04724000  4473.644462978824
0.04726000  4473.017119521177
0.04728000  4472.38977606353
0.04730000  4471.762432605882
0.04732000  4471.135089148235
0.04734000  4470.507745690588
0.04736000  4469.880402232941
0.04738000  4469.253058775294
0.04740000  4468.6257153176475
0.04742000  4467.998371860001
0.04744000  4467.371028402353
0.04746000  4466.743684944706
0.04748000  4466.116341487059
0.04750000  4465.488998029412
0.04752000  4464.861654571765
0.04754000  4464.234311114118
0.04756000  4463.606967656471
0.04758000  4462.979624198823
0.04760000  4462.352280741176
0.04762000  4461.7249372835295
0.04764000  4461.0975938258825
0.04766000  4460.470250368236
0.04768000  4459.842906910589
0.04770000  4459.215563452942
0.04772000  4458.588219995294
0.04774000  4457.960876537647
0.04776000  4457.33353308
0.04778000  4456.706189622353
0.04780000  4456.078846164706
0.04782000  4455.451502707059
0.04784000  4454.824159249412
0.04786000  4454.1968157917645
0.04788000  4453.569472334118
0.04790000  4452.942128876471
0.04792000  4452.314785418824
0.04794000  4451.687441961177
0.04796000  4451.06009850353
0.04798000  4450.432755045883
0.04800000  4449.805411588235
0.04802000  4449.178068130588
0.04804000  4448.550724672941
0.04806000  4447.923381215294
0.04808000  4447.296037757647
0.04810000  4446.6686943
0.04812000  4446.0413508423535
0.04814000  4445.414007384706
0.04816000  4444.786663927059
0.04818000  4444.159320469412
0.04820000  4443.531977011765
0.04822000  4442.904633554118
0.04824000  4442.277290096471
0.04826000  4441.649946638824
0.04828000  4441.022603181176
0.04830000  4440.395259723529
0.04832000  4439.767916265882
0.04834000  4439.140572808235
0.04836000  4438.5132293505885
0.04838000  4437.885885892942
0.04840000  4437.258542435295
0.04842000  4436.631198977647
0.04844000  4436.00385552
0.04846000  4435.376512062353
0.04848000  4434.749168604706
0.04850000  4434.121825147059
0.04852000  4433.494481689412
0.04854000  4432.867138231765
0.04856000  4432.239794774117
0.04858000  4431.6124513164705
0.04860000  4430.9851078588235
0.04862000  4430.357764401177
0.04864000  4429.73042094353
0.04866000  4429.103077485883
0.04868000  4428.475734028236
0.04870000  4427.848390570588
0.04872000  4427.221047112941
0.04874000  4426.593703655294
0.04876000  4425.966360197647
0.04878000  4425.33901674
0.04880000  4424.711673282353
0.04882000  4424.084329824706
0.04884000  4423.456986367059
0.04886000  4422.829642909412
0.04888000  4422.202299451765
0.04890000  4421.574955994118
0.04892000  4420.947612536471
0.04894000  4420.320269078824
0.04896000  4419.692925621177
0.04898000  4419.065582163529
0.04900000  4418.438238705882
0.04902000  4417.810895248235
0.04904000  4417.183551790588
0.04906000  4416.556208332941
0.04908000  4415.9288648752945
0.04910000  4415.301521417648
0.04912000  4414.67417796
0.04914000  4414.046834502353
0.04916000  4413.419491044706
0.04918000  4412.792147587059
0.04920000  4412.164804129412
0.04922000  4411.537460671765
0.04924000  4410.910117214118
0.04926000  4410.28277375647
0.04928000  4409.655430298823
0.04930000  4409.028086841176
0.04932000  4408.4007433835295
0.04934000  4407.773399925883
0.04936000  4407.146056468236
0.04938000  4406.518713010589
0.04940000  4405.891369552941
0.04942000  4405.264026095294
0.04944000  4404.636682637647
0.04946000  4404.00933918
0.04948000  4403.381995722353
0.04950000  4402.754652264706
0.04952000  4402.127308807059
0.04954000  4401.4999653494115
0.04956000  4400.8726218917645
0.04958000  4400.245278434118
0.04960000  4399.617934976471
0.04962000  4398.990591518824
0.04964000  4398.363248061177
0.04966000  4397.73590460353
0.04968000  4397.108561145882
0.04970000  4396.481217688235
0.04972000  4395.853874230588
0.04974000  4395.226530772941
0.04976000  4394.599187315294
0.04978000  4393.971843857647
0.04980000  4393.3445004000005
0.04982000  4392.717156942353
0.04984000  4392.089813484706
0.04986000  4391.462470027059
0.04988000  4390.835126569412
0.04990000  4390.207783111765
0.04992000  4389.580439654118
0.04994000  4388.953096196471
0.04996000  4388.325752738823
0.04998000  4387.698409281176
0.05000000  4387.071065823529
0.05002000  4386.443722365882
0.05004000  4385.8163789082355
0.05006000  4385.189035450589
0.05008000  4384.561691992942
0.05010000  4383.934348535294
0.05012000  4383.307005077647
0.05014000  4382.67966162
0.05016000  4382.052318162353
0.05018000  4381.424974704706
0.05020000  4380.797631247059
0.05022000  4380.170287789412
0.05024000  4379.542944331764
0.05026000  4378.915600874117
0.05028000  4378.2882574164705
0.05030000  4377.660913958824
0.05032000  4377.033570501177
0.05034000  4376.40622704353
0.05036000  4375.778883585883
0.05038000  4375.151540128235
0.05040000  4374.524196670588
0.05042000  4373.896853212941
0.05044000  4373.269509755294
0.05046000  4372.642166297647
0.05048000  4372.01482284
0.05050000  4371.387479382353
0.05052000  4370.7601359247055
0.05054000  4370.132792467059
0.05056000  4369.505449009412
0.05058000  4368.878105551765
0.05060000  4368.250762094118
0.05062000  4367.623418636471
0.05064000  4366.996075178824
0.05066000  4366.368731721177
0.05068000  4365.741388263529
0.05070000  4365.114044805882
0.05072000  4364.486701348235
0.05074000  4363.859357890588
0.05076000  4363.2320144329415
0.05078000  4362.6046709752945
0.05080000  4361.977327517647
0.05082000  4361.34998406
0.05084000  4360.722640602353
0.05086000  4360.095297144706
0.05088000  4359.467953687059
0.05090000  4358.840610229412
0.05092000  4358.213266771765
0.05094000  4357.585923314118
0.05096000  4356.95857985647
0.05098000  4356.331236398823
0.05100000  4355.7038929411765
0.05102000  4355.07654948353
0.05104000  4354.449206025883
0.05106000  4353.821862568236
0.05108000  4353.194519110588
0.05110000  4352.567175652941
0.05112000  4351.939832195294
0.05114000  4351.312488737647
0.05116000  4350.68514528
0.05118000  4350.057801822353
0.05120000  4349.430458364706
0.05122000  4348.803114907059
0.05124000  4348.1757714494115
0.05126000  4347.548427991765
0.05128000  4346.921084534118
0.05130000  4346.293741076471
0.05132000  4345.666397618824
0.05134000  4345.039054161177
0.05136000  4344.411710703529
0.05138000  4343.784367245882
0.05140000  4343.157023788235
0.05142000  4342.529680330588
0.05144000  4341.902336872941
0.05146000  4341.274993415294
0.05148000  4340.647649957647
0.05150000  4340.0203065000005
0.05152000  4339.392963042353
0.05154000  4338.765619584706
0.05156000  4338.138276127059
0.05158000  4337.510932669412
0.05160000  4336.883589211765
0.05162000  4336.256245754118
0.05164000  4335.62890229647
0.05166000  4335.001558838823
0.05168000  4334.374215381176
0.05170000  4333.746871923529
0.05172000  4333.1195284658825
0.05174000  4332.4921850082355
0.05176000  4331.864841550589
0.05178000  4331.237498092942
0.05180000  4330.610154635294
0.05182000  4329.982811177647
0.05184000  4329.35546772
0.05186000  4328.728124262353
0.05188000  4328.100780804706
0.05190000  4327.473437347059
0.05192000  4326.846093889411
0.05194000  4326.218750431764
0.05196000  4325.5914069741175
0.05198000  4324.964063516471
0.05200000  4324.336720058824
0.05202000  4323.709376601177
0.05204000  4323.08203314353
0.05206000  4322.454689685883
0.05208000  4321.827346228235
0.05210000  4321.200002770588
0.05212000  4320.572659312941
0.05214000  4319.945315855294
0.05216000  4319.317972397647
0.05218000  4318.69062894
0.05220000  4318.0632854823525
0.05222000  4317.435942024706
0.05224000  4316.808598567059
0.05226000  4316.181255109412
0.05228000  4315.553911651765
0.05230000  4314.926568194118
0.05232000  4314.299224736471
0.05234000  4313.671881278824
0.05236000  4313.044537821176
0.05238000  4312.417194363529
0.05240000  4311.789850905882
0.05242000  4311.162507448235
0.05244000  4310.535163990588
0.05246000  4309.9078205329415
0.05248000  4309.280477075295
0.05250000  4308.653133617647
0.05252000  4308.02579016
0.05254000  4307.398446702353
0.05256000  4306.771103244706
0.05258000  4306.143759787059
0.05260000  4305.516416329412
0.05262000  4304.889072871765
0.05264000  4304.261729414117
0.05266000  4303.63438595647
0.05268000  4303.0070424988235
0.05270000  4302.3796990411765
0.05272000  4301.75235558353
0.05274000  4301.125012125883
0.05276000  4300.497668668236
0.05278000  4299.870325210588
0.05280000  4299.242981752941
0.05282000  4298.615638295294
0.05284000  4297.988294837647
0.05286000  4297.36095138
0.05288000  4296.733607922353
0.05290000  4296.106264464706
0.05292000  4295.4789210070585
0.05294000  4294.851577549412
0.05296000  4294.224234091765
0.05298000  4293.596890634118
0.05300000  4292.969547176471
0.05302000  4292.342203718824
0.05304000  4291.714860261177
0.05306000  4291.087516803529
0.05308000  4290.460173345882
0.05310000  4289.832829888235
0.05312000  4289.205486430588
0.05314000  4288.578142972941
0.05316000  4287.950799515294
0.05318000  4287.3234560576475
0.05320000  4286.6961126
0.05322000  4286.068769142353
0.05324000  4285.441425684706
0.05326000  4284.814082227059
0.05328000  4284.186738769412
0.05330000  4283.559395311765
0.05332000  4282.932051854118
0.05334000  4282.30470839647
0.05336000  4281.677364938823
0.05338000  4281.050021481176
0.05340000  4280.422678023529
0.05342000  4279.7953345658825
0.05344000  4279.167991108236
0.05346000  4278.540647650589
0.05348000  4277.913304192941
0.05350000  4277.285960735294
0.05352000  4276.658617277647
0.05354000  4276.03127382
0.05356000  4275.403930362353
0.05358000  4274.776586904706
0.05360000  4274.149243447059
0.05362000  4273.521899989411
0.05364000  4272.8945565317645
0.05366000  4272.2672130741175
0.05368000  4271.639869616471
0.05370000  4271.012526158824
0.05372000  4270.385182701177
0.05374000  4269.75783924353
0.05376000  4269.130495785882
0.05378000  4268.503152328235
0.05380000  4267.875808870588
0.05382000  4267.248465412941
0.05384000  4266.621121955294
0.05386000  4265.993778497647
0.05388000  4265.36643504
0.05390000  4264.739091582353
0.05392000  4264.111748124706
0.05394000  4263.484404667059
0.05396000  4262.857061209412
0.05398000  4262.229717751765
0.05400000  4261.602374294118
0.05402000  4260.975030836471
0.05404000  4260.347687378823
0.05406000  4259.720343921176
0.05408000  4259.093000463529
0.05410000  4258.465657005882
0.05412000  4257.838313548235
0.05414000  4257.2109700905885
0.05416000  4256.583626632942
0.05418000  4255.956283175294
0.05420000  4255.328939717647
0.05422000  4254.70159626
0.05424000  4254.074252802353
0.05426000  4253.446909344706
0.05428000  4252.819565887059
0.05430000  4252.192222429412
0.05432000  4251.564878971764
0.05434000  4250.937535514117
0.05436000  4250.31019205647
0.05438000  4249.6828485988235
0.05440000  4249.055505141177
0.05442000  4248.42816168353
0.05444000  4247.800818225883
0.05446000  4247.173474768235
0.05448000  4246.546131310588
0.05450000  4245.918787852941
0.05452000  4245.291444395294
0.05454000  4244.664100937647
0.05456000  4244.03675748
0.05458000  4243.409414022353
0.05460000  4242.7820705647055
0.05462000  4242.1547271070585
0.05464000  4241.527383649412
0.05466000  4240.900040191765
0.05468000  4240.272696734118
0.05470000  4239.645353276471
0.05472000  4239.018009818824
0.05474000  4238.390666361176
0.05476000  4237.763322903529
0.05478000  4237.135979445882
0.05480000  4236.508635988235
0.05482000  4235.881292530588
0.05484000  4235.253949072941
0.05486000  4234.6266056152945
0.05488000  4233.999262157647
0.05490000  4233.3719187
0.05492000  4232.744575242353
0.05494000  4232.117231784706
0.05496000  4231.489888327059
0.05498000  4230.862544869412
0.05500000  4230.235201411765
0.05502000  4229.607857954117
0.05504000  4228.98051449647
0.05506000  4228.353171038823
0.05508000  4227.725827581176
0.05510000  4227.0984841235295
0.05512000  4226.471140665883
0.05514000  4225.843797208236
0.05516000  4225.216453750588
0.05518000  4224.589110292941
0.05520000  4223.961766835294
0.05522000  4223.334423377647
0.05524000  4222.70707992
0.05526000  4222.079736462353
0.05528000  4221.452393004706
0.05530000  4220.825049547058
0.05532000  4220.197706089411
0.05534000  4219.5703626317645
0.05536000  4218.943019174118
0.05538000  4218.315675716471
0.05540000  4217.688332258824
0.05542000  4217.060988801177
0.05544000  4216.433645343529
0.05546000  4215.806301885882
0.05548000  4215.178958428235
0.05550000  4214.551614970588
0.05552000  4213.924271512941
0.05554000  4213.296928055294
0.05556000  4212.669584597647
0.05558000  4212.0422411399995
0.05560000  4211.414897682353
0.05562000  4210.787554224706
0.05564000  4210.160210767059
0.05566000  4209.532867309412
0.05568000  4208.905523851765
0.05570000  4208.278180394118
0.05572000  4207.650836936471
0.05574000  4207.023493478823
0.05576000  4206.396150021176
0.05578000  4205.768806563529
0.05580000  4205.141463105882
0.05582000  4204.5141196482355
0.05584000  4203.8867761905885
0.05586000  4203.259432732941
0.05588000  4202.632089275294
0.05590000  4202.004745817647
0.05592000  4201.37740236
0.05594000  4200.750058902353
0.05596000  4200.122715444706
0.05598000  4199.495371987059
0.05600000  4198.868028529412
0.05602000  4198.240685071764
0.05604000  4197.613341614117
0.05606000  4196.9859981564705
0.05608000  4196.358654698824
0.05610000  4195.731311241177
0.05612000  4195.10396778353
0.05614000  4194.476624325882
0.05616000  4193.849280868235
0.05618000  4193.221937410588
0.05620000  4192.594593952941
0.05622000  4191.967250495294
0.05624000  4191.339907037647
0.05626000  4190.71256358
0.05628000  4190.085220122353
0.05630000  4189.4578766647055
0.05632000  4188.830533207059
0.05634000  4188.203189749412
0.05636000  4187.575846291765
0.05638000  4186.948502834118
0.05640000  4186.321159376471
0.05642000  4185.693815918823
0.05644000  4185.066472461176
0.05646000  4184.439129003529
0.05648000  4183.811785545882
0.05650000  4183.184442088235
0.05652000  4182.557098630588
0.05654000  4181.929755172941
0.05656000  4181.3024117152945
0.05658000  4180.675068257647
0.05660000  4180.0477248
0.05662000  4179.420381342353
0.05664000  4178.793037884706
0.05666000  4178.165694427059
0.05668000  4177.538350969412
0.05670000  4176.911007511764
0.05672000  4176.283664054117
0.05674000  4175.65632059647
0.05676000  4175.028977138823
0.05678000  4174.4016336811765
0.05680000  4173.7742902235295
0.05682000  4173.146946765883
0.05684000  4172.519603308236
0.05686000  4171.892259850588
0.05688000  4171.264916392941
0.05690000  4170.637572935294
0.05692000  4170.010229477647
0.05694000  4169.38288602
0.05696000  4168.755542562353
0.05698000  4168.128199104705
0.05700000  4167.500855647058
0.05702000  4166.8735121894115
0.05704000  4166.246168731765
0.05706000  4165.618825274118
0.05708000  4164.991481816471
0.05710000  4164.364138358824
0.05712000  4163.736794901177
0.05714000  4163.109451443529
0.05716000  4162.482107985882
0.05718000  4161.854764528235
0.05720000  4161.227421070588
0.05722000  4160.600077612941
0.05724000  4159.972734155294
0.05726000  4159.3453906976465
0.05728000  4158.71804724
0.05730000  4158.090703782353
0.05732000  4157.463360324706
0.05734000  4156.836016867059
0.05736000  4156.208673409412
0.05738000  4155.581329951765
0.05740000  4154.953986494118
0.05742000  4154.32664303647
0.05744000  4153.699299578823
0.05746000  4153.071956121176
0.05748000  4152.444612663529
0.05750000  4151.817269205882
0.05752000  4151.1899257482355
0.05754000  4150.562582290588
0.05756000  4149.935238832941
0.05758000  4149.307895375294
0.05760000  4148.680551917647
0.05762000  4148.05320846
0.05764000  4147.425865002353
0.05766000  4146.798521544706
0.05768000  4146.171178087059
0.05770000  4145.543834629411
0.05772000  4144.916491171764
0.05774000  4144.2891477141175
0.05776000  4143.6618042564705
0.05778000  4143.034460798824
0.05780000  4142.407117341177
0.05782000  4141.779773883529
0.05784000  4141.152430425882
0.05786000  4140.525086968235
0.05788000  4139.897743510588
0.05790000  4139.270400052941
0.05792000  4138.643056595294
0.05794000  4138.015713137647
0.05796000  4137.38836968
0.05798000  4136.7610262223525
0.05800000  4136.133682764706
0.05802000  4135.506339307059
0.05804000  4134.878995849412
0.05806000  4134.251652391765
0.05808000  4133.624308934118
0.05810000  4132.996965476471
0.05812000  4132.369622018823
0.05814000  4131.742278561176
0.05816000  4131.114935103529
0.05818000  4130.487591645882
0.05820000  4129.860248188235
0.05822000  4129.232904730588
0.05824000  4128.6055612729415
0.05826000  4127.978217815294
0.05828000  4127.350874357647
0.05830000  4126.7235309
0.05832000  4126.096187442353
0.05834000  4125.468843984706
0.05836000  4124.841500527059
0.05838000  4124.214157069412
0.05840000  4123.586813611764
0.05842000  4122.959470154117
0.05844000  4122.33212669647
0.05846000  4121.704783238823
0.05848000  4121.0774397811765
0.05850000  4120.45009632353
0.05852000  4119.822752865883
0.05854000  4119.195409408235
0.05856000  4118.568065950588
0.05858000  4117.940722492941
0.05860000  4117.313379035294
0.05862000  4116.686035577647
0.05864000  4116.05869212
0.05866000  4115.431348662353
0.05868000  4114.804005204705
0.05870000  4114.1766617470585
0.05872000  4113.5493182894115
0.05874000  4112.921974831765
0.05876000  4112.294631374118
0.05878000  4111.667287916471
0.05880000  4111.039944458824
0.05882000  4110.412601001176
0.05884000  4109.785257543529
0.05886000  4109.157914085882
0.05888000  4108.530570628235
0.05890000  4107.903227170588
0.05892000  4107.275883712941
0.05894000  4106.648540255294
0.05896000  4106.021196797647
0.05898000  4105.39385334
0.05900000  4104.766509882353
0.05902000  4104.139166424706
0.05904000  4103.511822967059
0.05906000  4102.884479509412
0.05908000  4102.257136051765
0.05910000  4101.629792594117
0.05912000  4101.00244913647
0.05914000  4100.375105678823
0.05916000  4099.747762221176
0.05918000  4099.120418763529
0.05920000  4098.4930753058825
0.05922000  4097.865731848236
0.05924000  4097.238388390588
0.05926000  4096.611044932941
0.05928000  4095.983701475294
0.05930000  4095.356358017647
0.05932000  4094.72901456
0.05934000  4094.101671102353
0.05936000  4093.4743276447057
0.05938000  4092.8469841870588
0.05940000  4092.2196407294114
0.05942000  4091.5922972717644
0.05944000  4090.9649538141175
0.05946000  4090.3376103564706
0.05948000  4089.7102668988236
0.05950000  4089.0829234411763
0.05952000  4088.4555799835293
0.05954000  4087.828236525882
0.05956000  4087.200893068235
0.05958000  4086.573549610588
0.05960000  4085.946206152941
0.05962000  4085.3188626952942
0.05964000  4084.691519237647
0.05966000  4084.06417578
0.05968000  4083.4368323223525
0.05970000  4082.8094888647056
0.05972000  4082.1821454070587
0.05974000  4081.5548019494117
0.05976000  4080.927458491765
0.05978000  4080.3001150341174
0.05980000  4079.6727715764705
0.05982000  4079.045428118823
0.05984000  4078.418084661176
0.05986000  4077.7907412035293
0.05988000  4077.1633977458823
0.05990000  4076.5360542882354
0.05992000  4075.908710830588
0.05994000  4075.281367372941
0.05996000  4074.6540239152937
0.05998000  4074.0266804576468
0.06000000  4073.399337
0.06002000  4068.889494
0.06004000  4064.726217
0.06006000  4060.888278
0.06008000  4057.33429
0.06010000  4053.815563
0.06012000  4049.61207
0.06014000  4043.974763
0.06016000  4036.38378
0.06018000  4026.246888
0.06020000  4012.904572
0.06022000  3994.766924
0.06024000  3967.052898
0.06026000  3923.937009
0.06028000  3858.077928
0.06030000  3759.253728
0.06032000  3613.564395
0.06034000  3404.531154
0.06036000  3118.376978
0.06038000  2762.573869
0.06040000  2382.394648
0.06042000  2012.408381
0.06044000  1649.816539
0.06046000  1271.944012
0.06048000  873.928476
0.06050000  523.749714
0.06052000  304.898053
0.06054000  193.452119
0.06056000  145.102368
0.06058000  133.093962
0.06060000  154.649565
0.06062000  228.306281
0.06064000  398.713223
0.06066000  724.260006
0.06068000  1209.985293
0.06070000  1788.575949
0.06072000  2374.03587
0.06074000  2901.992315
0.06076000  3342.856377
0.06078000  3691.139347
0.06080000  3952.968879
0.06082000  4142.44843
0.06084000  4276.789232
0.06086000  4371.538126
0.06088000  4438.622828
0.06090000  4486.479256
0.06092000  4520.904521
0.06094000  4545.857753
0.06096000  4564.046339
0.06098000  4577.367129
0.06100000  4587.152174
0.06102000  4594.345433
0.06104000  4599.627914
0.06106000  4603.494466
0.06108000  4606.303652
0.06110000  4608.326303
0.06112000  4609.770265
0.06114000  4610.781399
0.06116000  4611.464036
0.06118000  4611.905596
0.06120000  4612.164095
0.06122000  4612.284165
0.06124000  4612.299824
0.06126000  4612.237184
0.06128000  4612.122326
0.06130000  4611.965662
0.06132000  4611.785443
0.06134000  4611.589486
0.06136000  4611.390844
0.06138000  4611.19736
0.06140000  4611.014271
0.06142000  4610.844205
0.06144000  4610.684557
0.06146000  4610.535336
0.06148000  4610.399168
0.06150000  4610.270826
0.06152000  4610.150314
0.06154000  4610.040258
0.06156000  4609.935422
0.06158000  4609.838431
0.06160000  4609.746667
0.06162000  4609.660132
0.06164000  4609.576207
0.06166000  4609.494892
0.06168000  4609.418813
0.06170000  4609.342723
0.06172000  4609.269246
0.06174000  4609.198385
0.06176000  4609.130139
0.06178000  4609.061885
0.06180000  4608.993622
0.06182000  4608.927977
0.06184000  4608.864951
0.06186000  4608.801917
0.06188000  4608.741502
0.06190000  4608.678454
0.06192000  4608.620654
0.06194000  4608.56022
0.06196000  4608.502407
0.06198000  4608.447216
0.06200000  4608.39202
0.06202000  4608.336818
0.06204000  4608.281611
0.06206000  4608.229028
0.06208000  4608.179069
0.06210000  4608.126476
0.06212000  4608.076507
0.06214000  4608.029165
0.06216000  4607.979188
0.06218000  4607.931837
0.06220000  4607.884482
0.06222000  4607.839754
0.06224000  4607.795022
0.06226000  4607.750287
0.06228000  4607.70818
0.06230000  4607.66607
0.06232000  4607.623957
0.06234000  4607.584472
0.06236000  4607.544985
0.06238000  4607.505495
0.06240000  4607.466003
0.06242000  4607.42914
0.06244000  4607.392275
0.06246000  4607.355408
0.06248000  4607.321172
0.06250000  4607.286933
0.06252000  4607.252693
0.06254000  4607.221085
0.06256000  4607.18684
0.06258000  4607.155228
0.06260000  4607.126248
0.06262000  4607.094633
0.06264000  4607.06565
0.06266000  4607.036666
0.06268000  4607.00768
0.06270000  4606.981328
0.06272000  4606.954975
0.06274000  4606.928621
0.06276000  4606.902265
0.06278000  4606.878544
0.06280000  4606.854821
0.06282000  4606.828462
0.06284000  4606.807374
0.06286000  4606.783649
0.06288000  4606.762559
0.06290000  4606.741468
0.06292000  4606.720376
0.06294000  4606.699284
0.06296000  4606.678191
0.06298000  4606.659733
0.06300000  4606.641276
