0.00000000  4073.423596
0.00002000  4068.913832
0.00004000  4064.750629
0.00006000  4060.912757
0.00008000  4057.358831
0.00010000  4053.840166
0.00012000  4049.636746
0.00014000  4043.999536
0.00016000  4036.408685
0.00018000  4026.271967
0.00020000  4012.929879
0.00022000  3994.792536
0.00024000  3967.084185
0.00026000  3923.969134
0.00028000  3858.139078
0.00030000  3759.382375
0.00032000  3613.875974
0.00034000  3405.254369
0.00036000  3119.946885
0.00038000  2765.600314
0.00040000  2387.533387
0.00042000  2020.336553
0.00044000  1660.931024
0.00046000  1285.311424
0.00048000  887.361708
0.00050000  535.14252
0.00052000  314.290749
0.00054000  201.938202
0.00056000  154.049967
0.00058000  144.01194
0.00060000  170.928145
0.00062000  257.99113
0.00064000  458.768477
0.00066000  838.619251
0.00068000  1388.75617
0.00070000  2013.381687
0.00072000  2611.94225
0.00074000  3125.584756
0.00076000  3536.438425
0.00078000  3849.742568
0.00080000  4078.948223
0.00082000  4241.470161
0.00084000  4354.877394
0.00086000  4433.798703
0.00088000  4488.978617
0.00090000  4527.839122
0.00092000  4555.408981
0.00094000  4575.092323
0.00096000  4589.198354
0.00098000  4599.339449
0.00100000  4606.633365
0.00102000  4611.869031
0.00104000  4615.612043
0.00106000  4618.264344
0.00108000  4620.119638
0.00110000  4621.391437
0.00112000  4622.242747
0.00114000  4622.788204
0.00116000  4623.108047
0.00118000  4623.264061
0.00120000  4623.297304
0.00122000  4623.241046
0.00124000  4623.123395
0.00126000  4622.957105
0.00128000  4622.757489
0.00130000  4622.537312
0.00132000  4622.306797
0.00134000  4622.071056
0.00136000  4621.837775
0.00138000  4621.617217
0.00140000  4621.406834
0.00142000  4621.214337
0.00144000  4621.032043
0.00146000  4620.859962
0.00148000  4620.698103
0.00150000  4620.546478
0.00152000  4620.402522
0.00154000  4620.268814
0.00156000  4620.140217
0.00158000  4620.016735
0.00160000  4619.898371
0.00162000  4619.782555
0.00164000  4619.671863
0.00166000  4619.566298
0.00168000  4619.460713
0.00170000  4619.355107
0.00172000  4619.254632
0.00174000  4619.156717
0.00176000  4619.058783
0.00178000  4618.960831
0.00180000  4618.86544
0.00182000  4618.772611
0.00184000  4618.679765
0.00186000  4618.589484
0.00188000  4618.499187
0.00190000  4618.408875
0.00192000  4618.321129
0.00194000  4618.235949
0.00196000  4618.150757
0.00198000  4618.065551
0.00200000  4617.982914
0.00202000  4617.900264
0.00204000  4617.817602
0.00206000  4617.73751
0.00208000  4617.659991
0.00210000  4617.582461
0.00212000  4617.50492
0.00214000  4617.427367
0.00216000  4617.352389
0.00218000  4617.279987
0.00220000  4617.207575
0.00222000  4617.135153
0.00224000  4617.062721
0.00226000  4616.992867
0.00228000  4616.925591
0.00230000  4616.85572
0.00232000  4616.788427
0.00234000  4616.723715
0.00236000  4616.658995
0.00238000  4616.594267
0.00240000  4616.529532
0.00242000  4616.467378
0.00244000  4616.405218
0.00246000  4616.34564
0.00248000  4616.286057
0.00250000  4616.226466
0.00252000  4616.169461
0.00254000  4616.112449
0.00256000  4616.055431
0.00258000  4615.998408
0.00260000  4615.94397
0.00262000  4615.889527
0.00264000  4615.837672
0.00266000  4615.785812
0.00268000  4615.733946
0.00270000  4615.682076
0.00272000  4615.632795
0.00274000  4615.583509
0.00276000  4615.534218
0.00278000  4615.487518
0.00280000  4615.440814
0.00282000  4615.394106
0.00284000  4615.349988
0.00286000  4615.303272
0.00288000  4615.259148
0.00290000  4615.21502
0.00292000  4615.173484
0.00294000  4615.131945
0.00296000  4615.090403
0.00298000  4615.048858
0.00300000  4615.00731
0.00302000  4614.370152689412
0.00304000  4613.732995378824
0.00306000  4613.095838068235
0.00308000  4612.458680757647
0.00310000  4611.821523447059
0.00312000  4611.184366136471
0.00314000  4610.547208825882
0.00316000  4609.910051515294
0.00318000  4609.272894204706
0.00320000  4608.635736894118
0.00322000  4607.998579583529
0.00324000  4607.361422272941
0.00326000  4606.724264962353
0.00328000  4606.087107651765
0.00330000  4605.449950341176
0.00332000  4604.812793030588
0.00334000  4604.17563572
0.00336000  4603.538478409412
0.00338000  4602.901321098823
0.00340000  4602.264163788235
0.00342000  4601.627006477647
0.00344000  4600.989849167059
0.00346000  4600.35269185647
0.00348000  4599.715534545882
0.00350000  4599.078377235294
0.00352000  4598.441219924706
0.00354000  4597.804062614117
0.00356000  4597.166905303529
0.00358000  4596.529747992941
0.00360000  4595.892590682353
0.00362000  4595.255433371764
0.00364000  4594.618276061176
0.00366000  4593.981118750588
0.00368000  4593.34396144
0.00370000  4592.7068041294115
0.00372000  4592.0696468188235
0.00374000  4591.432489508235
0.00376000  4590.795332197647
0.00378000  4590.1581748870585
0.00380000  4589.5210175764705
0.00382000  4588.8838602658825
0.00384000  4588.2467029552945
0.00386000  4587.609545644706
0.00388000  4586.972388334118
0.00390000  4586.33523102353
0.00392000  4585.698073712942
0.00394000  4585.060916402353
0.00396000  4584.423759091765
0.00398000  4583.786601781177
0.00400000  4583.149444470589
0.00402000  4582.51228716
0.00404000  4581.875129849412
0.00406000  4581.237972538824
0.00408000  4580.600815228236
0.00410000  4579.963657917647
0.00412000  4579.326500607059
0.00414000  4578.689343296471
0.00416000  4578.052185985883
0.00418000  4577.415028675294
0.00420000  4576.777871364706
0.00422000  4576.140714054118
0.00424000  4575.50355674353
0.00426000  4574.866399432941
0.00428000  4574.229242122353
0.00430000  4573.592084811765
0.00432000  4572.954927501177
0.00434000  4572.317770190588
0.00436000  4571.68061288
0.00438000  4571.043455569412
0.00440000  4570.406298258824
0.00442000  4569.769140948235
0.00444000  4569.131983637647
0.00446000  4568.494826327059
0.00448000  4567.857669016471
0.00450000  4567.220511705882
0.00452000  4566.583354395294
0.00454000  4565.946197084706
0.00456000  4565.309039774118
0.00458000  4564.671882463529
0.00460000  4564.034725152941
0.00462000  4563.397567842353
0.00464000  4562.760410531765
0.00466000  4562.123253221176
0.00468000  4561.486095910588
0.00470000  4560.8489386
0.00472000  4560.211781289412
0.00474000  4559.574623978823
0.00476000  4558.937466668235
0.00478000  4558.300309357647
0.00480000  4557.663152047059
0.00482000  4557.02599473647
0.00484000  4556.388837425882
0.00486000  4555.751680115294
0.00488000  4555.114522804706
0.00490000  4554.477365494117
0.00492000  4553.840208183529
0.00494000  4553.203050872941
0.00496000  4552.565893562353
0.00498000  4551.928736251764
0.00500000  4551.291578941176
0.00502000  4550.654421630588
0.00504000  4550.01726432
0.00506000  4549.380107009411
0.00508000  4548.742949698823
0.00510000  4548.105792388235
0.00512000  4547.468635077647
0.00514000  4546.8314777670585
0.00516000  4546.19432045647
0.00518000  4545.557163145882
0.00520000  4544.920005835294
0.00522000  4544.2828485247055
0.00524000  4543.6456912141175
0.00526000  4543.0085339035295
0.00528000  4542.3713765929415
0.00530000  4541.734219282353
0.00532000  4541.097061971765
0.00534000  4540.459904661177
0.00536000  4539.8227473505885
0.00538000  4539.18559004
0.00540000  4538.548432729412
0.00542000  4537.911275418824
0.00544000  4537.274118108236
0.00546000  4536.636960797647
0.00548000  4535.999803487059
0.00550000  4535.362646176471
0.00552000  4534.725488865883
0.00554000  4534.088331555294
0.00556000  4533.451174244706
0.00558000  4532.814016934118
0.00560000  4532.17685962353
0.00562000  4531.539702312941
0.00564000  4530.902545002353
0.00566000  4530.265387691765
0.00568000  4529.628230381177
0.00570000  4528.991073070588
0.00572000  4528.35391576
0.00574000  4527.716758449412
0.00576000  4527.079601138824
0.00578000  4526.442443828235
0.00580000  4525.805286517647
0.00582000  4525.168129207059
0.00584000  4524.530971896471
0.00586000  4523.893814585882
0.00588000  4523.256657275294
0.00590000  4522.619499964706
0.00592000  4521.982342654118
0.00594000  4521.345185343529
0.00596000  4520.708028032941
0.00598000  4520.070870722353
0.00600000  4519.433713411765
0.00602000  4518.796556101176
0.00604000  4518.159398790588
0.00606000  4517.52224148
0.00608000  4516.885084169412
0.00610000  4516.247926858823
0.00612000  4515.610769548235
0.00614000  4514.973612237647
0.00616000  4514.336454927059
0.00618000  4513.69929761647
0.00620000  4513.062140305882
0.00622000  4512.424982995294
0.00624000  4511.787825684706
0.00626000  4511.150668374117
0.00628000  4510.513511063529
0.00630000  4509.876353752941
0.00632000  4509.239196442353
0.00634000  4508.602039131764
0.00636000  4507.964881821176
0.00638000  4507.327724510588
0.00640000  4506.6905672
0.00642000  4506.053409889411
0.00644000  4505.416252578823
0.00646000  4504.779095268235
0.00648000  4504.141937957647
0.00650000  4503.504780647058
0.00652000  4502.86762333647
0.00654000  4502.230466025882
0.00656000  4501.593308715294
0.00658000  4500.956151404705
0.00660000  4500.318994094117
0.00662000  4499.681836783529
0.00664000  4499.044679472941
0.00666000  4498.4075221623525
0.00668000  4497.7703648517645
0.00670000  4497.1332075411765
0.00672000  4496.4960502305885
0.00674000  4495.85889292
0.00676000  4495.221735609412
0.00678000  4494.5845782988235
0.00680000  4493.9474209882355
0.00682000  4493.310263677647
0.00684000  4492.673106367059
0.00686000  4492.035949056471
0.00688000  4491.398791745883
0.00690000  4490.761634435294
0.00692000  4490.124477124706
0.00694000  4489.487319814118
0.00696000  4488.85016250353
0.00698000  4488.213005192942
0.00700000  4487.575847882353
0.00702000  4486.938690571765
0.00704000  4486.301533261177
0.00706000  4485.664375950588
0.00708000  4485.02721864
0.00710000  4484.390061329412
0.00712000  4483.752904018824
0.00714000  4483.115746708236
0.00716000  4482.478589397647
0.00718000  4481.841432087059
0.00720000  4481.204274776471
0.00722000  4480.567117465882
0.00724000  4479.929960155294
0.00726000  4479.292802844706
0.00728000  4478.655645534118
0.00730000  4478.01848822353
0.00732000  4477.381330912941
0.00734000  4476.744173602353
0.00736000  4476.107016291765
0.00738000  4475.469858981177
0.00740000  4474.832701670588
0.00742000  4474.19554436
0.00744000  4473.558387049412
0.00746000  4472.921229738824
0.00748000  4472.284072428235
0.00750000  4471.646915117647
0.00752000  4471.009757807059
0.00754000  4470.372600496471
0.00756000  4469.735443185882
0.00758000  4469.098285875294
0.00760000  4468.461128564706
0.00762000  4467.823971254118
0.00764000  4467.186813943529
0.00766000  4466.549656632941
0.00768000  4465.912499322353
0.00770000  4465.275342011765
0.00772000  4464.638184701176
0.00774000  4464.001027390588
0.00776000  4463.36387008
0.00778000  4462.726712769412
0.00780000  4462.089555458823
0.00782000  4461.452398148235
0.00784000  4460.815240837647
0.00786000  4460.178083527059
0.00788000  4459.54092621647
0.00790000  4458.903768905882
0.00792000  4458.266611595294
0.00794000  4457.629454284706
0.00796000  4456.992296974117
0.00798000  4456.355139663529
0.00800000  4455.717982352941
0.00802000  4455.080825042353
0.00804000  4454.443667731764
0.00806000  4453.806510421176
0.00808000  4453.169353110588
0.00810000  4452.5321958
0.00812000  4451.8950384894115
0.00814000  4451.2578811788235
0.00816000  4450.6207238682355
0.00818000  4449.9835665576475
0.00820000  4449.346409247059
0.00822000  4448.7092519364705
0.00824000  4448.0720946258825
0.00826000  4447.4349373152945
0.00828000  4446.797780004706
0.00830000  4446.160622694118
0.00832000  4445.52346538353
0.00834000  4444.886308072942
0.00836000  4444.249150762353
0.00838000  4443.611993451765
0.00840000  4442.974836141177
0.00842000  4442.337678830589
0.00844000  4441.70052152
0.00846000  4441.063364209412
0.00848000  4440.426206898824
0.00850000  4439.789049588236
0.00852000  4439.151892277647
0.00854000  4438.514734967059
0.00856000  4437.877577656471
0.00858000  4437.240420345883
0.00860000  4436.603263035294
0.00862000  4435.966105724706
0.00864000  4435.328948414118
0.00866000  4434.69179110353
0.00868000  4434.054633792941
0.00870000  4433.417476482353
0.00872000  4432.780319171765
0.00874000  4432.143161861177
0.00876000  4431.506004550588
0.00878000  4430.86884724
0.00880000  4430.231689929412
0.00882000  4429.594532618824
0.00884000  4428.957375308235
0.00886000  4428.320217997647
0.00888000  4427.683060687059
0.00890000  4427.045903376471
0.00892000  4426.408746065882
0.00894000  4425.771588755294
0.00896000  4425.134431444706
0.00898000  4424.497274134118
0.00900000  4423.860116823529
0.00902000  4423.222959512941
0.00904000  4422.585802202353
0.00906000  4421.948644891765
0.00908000  4421.311487581176
0.00910000  4420.674330270588
0.00912000  4420.03717296
0.00914000  4419.400015649412
0.00916000  4418.762858338823
0.00918000  4418.125701028235
0.00920000  4417.488543717647
0.00922000  4416.851386407059
0.00924000  4416.21422909647
0.00926000  4415.577071785882
0.00928000  4414.939914475294
0.00930000  4414.302757164706
0.00932000  4413.665599854117
0.00934000  4413.028442543529
0.00936000  4412.391285232941
0.00938000  4411.754127922353
0.00940000  4411.116970611764
0.00942000  4410.479813301176
0.00944000  4409.842655990588
0.00946000  4409.20549868
0.00948000  4408.568341369411
0.00950000  4407.931184058823
0.00952000  4407.294026748235
0.00954000  4406.656869437647
0.00956000  4406.0197121270585
0.00958000  4405.3825548164705
0.00960000  4404.7453975058825
0.00962000  4404.1082401952945
0.00964000  4403.4710828847055
0.00966000  4402.8339255741175
0.00968000  4402.1967682635295
0.00970000  4401.5596109529415
0.00972000  4400.922453642353
0.00974000  4400.285296331765
0.00976000  4399.648139021177
0.00978000  4399.010981710589
0.00980000  4398.3738244
0.00982000  4397.736667089412
0.00984000  4397.099509778824
0.00986000  4396.462352468236
0.00988000  4395.825195157647
0.00990000  4395.188037847059
0.00992000  4394.550880536471
0.00994000  4393.913723225883
0.00996000  4393.276565915294
0.00998000  4392.639408604706
0.01000000  4392.002251294118
0.01002000  4391.36509398353
0.01004000  4390.727936672941
0.01006000  4390.090779362353
0.01008000  4389.453622051765
0.01010000  4388.816464741177
0.01012000  4388.179307430588
0.01014000  4387.54215012
0.01016000  4386.904992809412
0.01018000  4386.267835498824
0.01020000  4385.630678188235
0.01022000  4384.993520877647
0.01024000  4384.356363567059
0.01026000  4383.719206256471
0.01028000  4383.082048945882
0.01030000  4382.444891635294
0.01032000  4381.807734324706
0.01034000  4381.170577014118
0.01036000  4380.533419703529
0.01038000  4379.896262392941
0.01040000  4379.259105082353
0.01042000  4378.621947771765
0.01044000  4377.984790461176
0.01046000  4377.347633150588
0.01048000  4376.71047584
0.01050000  4376.073318529412
0.01052000  4375.436161218823
0.01054000  4374.799003908235
0.01056000  4374.161846597647
0.01058000  4373.524689287059
0.01060000  4372.88753197647
0.01062000  4372.250374665882
0.01064000  4371.613217355294
0.01066000  4370.976060044706
0.01068000  4370.338902734117
0.01070000  4369.701745423529
0.01072000  4369.064588112941
0.01074000  4368.427430802353
0.01076000  4367.790273491764
0.01078000  4367.153116181176
0.01080000  4366.515958870588
0.01082000  4365.87880156
0.01084000  4365.241644249411
0.01086000  4364.604486938823
0.01088000  4363.967329628235
0.01090000  4363.330172317647
0.01092000  4362.693015007058
0.01094000  4362.05585769647
0.01096000  4361.418700385882
0.01098000  4360.781543075294
0.01100000  4360.144385764706
0.01102000  4359.5072284541175
0.01104000  4358.8700711435295
0.01106000  4358.232913832941
0.01108000  4357.5957565223525
0.01110000  4356.9585992117645
0.01112000  4356.3214419011765
0.01114000  4355.6842845905885
0.01116000  4355.0471272800005
0.01118000  4354.409969969412
0.01120000  4353.772812658824
0.01122000  4353.135655348236
0.01124000  4352.498498037647
0.01126000  4351.861340727059
0.01128000  4351.224183416471
0.01130000  4350.587026105883
0.01132000  4349.949868795295
0.01134000  4349.312711484706
0.01136000  4348.675554174118
0.01138000  4348.03839686353
0.01140000  4347.401239552941
0.01142000  4346.764082242353
0.01144000  4346.126924931765
0.01146000  4345.489767621177
0.01148000  4344.852610310589
0.01150000  4344.215453
0.01152000  4343.578295689412
0.01154000  4342.941138378824
0.01156000  4342.303981068235
0.01158000  4341.666823757647
0.01160000  4341.029666447059
0.01162000  4340.392509136471
0.01164000  4339.755351825883
0.01166000  4339.118194515294
0.01168000  4338.481037204706
0.01170000  4337.843879894118
0.01172000  4337.20672258353
0.01174000  4336.569565272941
0.01176000  4335.932407962353
0.01178000  4335.295250651765
0.01180000  4334.658093341177
0.01182000  4334.020936030588
0.01184000  4333.38377872
0.01186000  4332.746621409412
0.01188000  4332.109464098824
0.01190000  4331.472306788235
0.01192000  4330.835149477647
0.01194000  4330.197992167059
0.01196000  4329.560834856471
0.01198000  4328.923677545882
0.01200000  4328.286520235294
0.01202000  4327.649362924706
0.01204000  4327.012205614118
0.01206000  4326.375048303529
0.01208000  4325.737890992941
0.01210000  4325.100733682353
0.01212000  4324.463576371765
0.01214000  4323.826419061176
0.01216000  4323.189261750588
0.01218000  4322.55210444
0.01220000  4321.914947129412
0.01222000  4321.277789818823
0.01224000  4320.640632508235
0.01226000  4320.003475197647
0.01228000  4319.366317887059
0.01230000  4318.72916057647
0.01232000  4318.092003265882
0.01234000  4317.454845955294
0.01236000  4316.817688644706
0.01238000  4316.180531334117
0.01240000  4315.543374023529
0.01242000  4314.906216712941
0.01244000  4314.269059402353
0.01246000  4313.6319020917645
0.01248000  4312.994744781176
0.01250000  4312.357587470588
0.01252000  4311.72043016
0.01254000  4311.0832728494115
0.01256000  4310.4461155388235
0.01258000  4309.8089582282355
0.01260000  4309.1718009176475
0.01262000  4308.534643607059
0.01264000  4307.897486296471
0.01266000  4307.260328985883
0.01268000  4306.6231716752945
0.01270000  4305.986014364706
0.01272000  4305.348857054118
0.01274000  4304.71169974353
0.01276000  4304.074542432942
0.01278000  4303.437385122353
0.01280000  4302.800227811765
0.01282000  4302.163070501177
0.01284000  4301.525913190589
0.01286000  4300.88875588
0.01288000  4300.251598569412
0.01290000  4299.614441258824
0.01292000  4298.977283948236
0.01294000  4298.340126637647
0.01296000  4297.702969327059
0.01298000  4297.065812016471
0.01300000  4296.428654705883
0.01302000  4295.791497395294
0.01304000  4295.154340084706
0.01306000  4294.517182774118
0.01308000  4293.88002546353
0.01310000  4293.242868152941
0.01312000  4292.605710842353
0.01314000  4291.968553531765
0.01316000  4291.331396221177
0.01318000  4290.694238910588
0.01320000  4290.0570816
0.01322000  4289.419924289412
0.01324000  4288.782766978824
0.01326000  4288.145609668235
0.01328000  4287.508452357647
0.01330000  4286.871295047059
0.01332000  4286.234137736471
0.01334000  4285.596980425882
0.01336000  4284.959823115294
0.01338000  4284.322665804706
0.01340000  4283.685508494118
0.01342000  4283.048351183529
0.01344000  4282.411193872941
0.01346000  4281.774036562353
0.01348000  4281.136879251765
0.01350000  4280.499721941176
0.01352000  4279.862564630588
0.01354000  4279.22540732
0.01356000  4278.588250009412
0.01358000  4277.951092698823
0.01360000  4277.313935388235
0.01362000  4276.676778077647
0.01364000  4276.039620767059
0.01366000  4275.40246345647
0.01368000  4274.765306145882
0.01370000  4274.128148835294
0.01372000  4273.490991524706
0.01374000  4272.853834214117
0.01376000  4272.216676903529
0.01378000  4271.579519592941
0.01380000  4270.942362282353
0.01382000  4270.305204971764
0.01384000  4269.668047661176
0.01386000  4269.030890350588
0.01388000  4268.39373304
0.01390000  4267.756575729411
0.01392000  4267.119418418823
0.01394000  4266.482261108235
0.01396000  4265.845103797647
0.01398000  4265.2079464870585
0.01400000  4264.5707891764705
0.01402000  4263.9336318658825
0.01404000  4263.2964745552945
0.01406000  4262.659317244706
0.01408000  4262.022159934118
0.01410000  4261.3850026235295
0.01412000  4260.7478453129415
0.01414000  4260.110688002353
0.01416000  4259.473530691765
0.01418000  4258.836373381177
0.01420000  4258.199216070589
0.01422000  4257.56205876
0.01424000  4256.924901449412
0.01426000  4256.287744138824
0.01428000  4255.650586828236
0.01430000  4255.013429517647
0.01432000  4254.376272207059
0.01434000  4253.739114896471
0.01436000  4253.101957585883
0.01438000  4252.464800275294
0.01440000  4251.827642964706
0.01442000  4251.190485654118
0.01444000  4250.55332834353
0.01446000  4249.916171032941
0.01448000  4249.279013722353
0.01450000  4248.641856411765
0.01452000  4248.004699101177
0.01454000  4247.367541790588
0.01456000  4246.73038448
0.01458000  4246.093227169412
0.01460000  4245.456069858824
0.01462000  4244.818912548235
0.01464000  4244.181755237647
0.01466000  4243.544597927059
0.01468000  4242.907440616471
0.01470000  4242.270283305882
0.01472000  4241.633125995294
0.01474000  4240.995968684706
0.01476000  4240.358811374118
0.01478000  4239.721654063529
0.01480000  4239.084496752941
0.01482000  4238.447339442353
0.01484000  4237.810182131765
0.01486000  4237.173024821177
0.01488000  4236.535867510588
0.01490000  4235.8987102
0.01492000  4235.261552889412
0.01494000  4234.624395578823
0.01496000  4233.987238268235
0.01498000  4233.350080957647
0.01500000  4232.712923647059
0.01502000  4232.075766336471
0.01504000  4231.438609025882
0.01506000  4230.801451715294
0.01508000  4230.164294404706
0.01510000  4229.527137094117
0.01512000  4228.889979783529
0.01514000  4228.252822472941
0.01516000  4227.615665162353
0.01518000  4226.978507851765
0.01520000  4226.341350541176
0.01522000  4225.704193230588
0.01524000  4225.06703592
0.01526000  4224.429878609411
0.01528000  4223.792721298823
0.01530000  4223.155563988235
0.01532000  4222.518406677647
0.01534000  4221.881249367059
0.01536000  4221.24409205647
0.01538000  4220.606934745882
0.01540000  4219.969777435294
0.01542000  4219.3326201247055
0.01544000  4218.6954628141175
0.01546000  4218.0583055035295
0.01548000  4217.4211481929415
0.01550000  4216.7839908823535
0.01552000  4216.146833571765
0.01554000  4215.5096762611765
0.01556000  4214.8725189505885
0.01558000  4214.23536164
0.01560000  4213.598204329412
0.01562000  4212.961047018824
0.01564000  4212.323889708236
0.01566000  4211.686732397648
0.01568000  4211.049575087059
0.01570000  4210.412417776471
0.01572000  4209.775260465883
0.01574000  4209.138103155294
0.01576000  4208.500945844706
0.01578000  4207.863788534118
0.01580000  4207.22663122353
0.01582000  4206.589473912942
0.01584000  4205.952316602353
0.01586000  4205.315159291765
0.01588000  4204.678001981177
0.01590000  4204.040844670589
0.01592000  4203.40368736
0.01594000  4202.766530049412
0.01596000  4202.129372738824
0.01598000  4201.492215428236
0.01600000  4200.855058117647
0.01602000  4200.217900807059
0.01604000  4199.580743496471
0.01606000  4198.943586185883
0.01608000  4198.306428875294
0.01610000  4197.669271564706
0.01612000  4197.032114254118
0.01614000  4196.39495694353
0.01616000  4195.757799632941
0.01618000  4195.120642322353
0.01620000  4194.483485011765
0.01622000  4193.846327701177
0.01624000  4193.209170390588
0.01626000  4192.57201308
0.01628000  4191.934855769412
0.01630000  4191.297698458824
0.01632000  4190.660541148235
0.01634000  4190.023383837647
0.01636000  4189.386226527059
0.01638000  4188.749069216471
0.01640000  4188.111911905882
0.01642000  4187.474754595294
0.01644000  4186.837597284706
0.01646000  4186.200439974118
0.01648000  4185.563282663529
0.01650000  4184.926125352941
0.01652000  4184.288968042353
0.01654000  4183.651810731765
0.01656000  4183.014653421176
0.01658000  4182.377496110588
0.01660000  4181.7403388
0.01662000  4181.103181489412
0.01664000  4180.466024178823
0.01666000  4179.828866868235
0.01668000  4179.191709557647
0.01670000  4178.554552247059
0.01672000  4177.91739493647
0.01674000  4177.280237625882
0.01676000  4176.643080315294
0.01678000  4176.005923004706
0.01680000  4175.368765694117
0.01682000  4174.731608383529
0.01684000  4174.094451072941
0.01686000  4173.457293762353
0.01688000  4172.8201364517645
0.01690000  4172.1829791411765
0.01692000  4171.5458218305885
0.01694000  4170.9086645200005
0.01696000  4170.2715072094115
0.01698000  4169.6343498988235
0.01700000  4168.9971925882355
0.01702000  4168.3600352776475
0.01704000  4167.722877967059
0.01706000  4167.085720656471
0.01708000  4166.448563345883
0.01710000  4165.811406035295
0.01712000  4165.174248724706
0.01714000  4164.537091414118
0.01716000  4163.89993410353
0.01718000  4163.262776792942
0.01720000  4162.625619482353
0.01722000  4161.988462171765
0.01724000  4161.351304861177
0.01726000  4160.714147550589
0.01728000  4160.07699024
0.01730000  4159.439832929412
0.01732000  4158.802675618824
0.01734000  4158.165518308236
0.01736000  4157.528360997647
0.01738000  4156.891203687059
0.01740000  4156.254046376471
0.01742000  4155.616889065883
0.01744000  4154.979731755294
0.01746000  4154.342574444706
0.01748000  4153.705417134118
0.01750000  4153.06825982353
0.01752000  4152.431102512941
0.01754000  4151.793945202353
0.01756000  4151.156787891765
0.01758000  4150.519630581177
0.01760000  4149.882473270588
0.01762000  4149.24531596
0.01764000  4148.608158649412
0.01766000  4147.971001338824
0.01768000  4147.333844028235
0.01770000  4146.696686717647
0.01772000  4146.059529407059
0.01774000  4145.422372096471
0.01776000  4144.785214785882
0.01778000  4144.148057475294
0.01780000  4143.510900164706
0.01782000  4142.873742854118
0.01784000  4142.236585543529
0.01786000  4141.599428232941
0.01788000  4140.962270922353
0.01790000  4140.325113611765
0.01792000  4139.687956301176
0.01794000  4139.050798990588
0.01796000  4138.41364168
0.01798000  4137.776484369412
0.01800000  4137.139327058823
0.01802000  4136.502169748235
0.01804000  4135.865012437647
0.01806000  4135.227855127059
0.01808000  4134.59069781647
0.01810000  4133.953540505882
0.01812000  4133.316383195294
0.01814000  4132.679225884706
0.01816000  4132.042068574117
0.01818000  4131.404911263529
0.01820000  4130.767753952941
0.01822000  4130.130596642353
0.01824000  4129.493439331764
0.01826000  4128.856282021176
0.01828000  4128.219124710588
0.01830000  4127.5819674
0.01832000  4126.9448100894115
0.01834000  4126.3076527788235
0.01836000  4125.6704954682355
0.01838000  4125.033338157647
0.01840000  4124.3961808470585
0.01842000  4123.7590235364705
0.01844000  4123.1218662258825
0.01846000  4122.4847089152945
0.01848000  4121.847551604706
0.01850000  4121.210394294118
0.01852000  4120.57323698353
0.01854000  4119.936079672942
0.01856000  4119.298922362353
0.01858000  4118.661765051765
0.01860000  4118.024607741177
0.01862000  4117.387450430589
0.01864000  4116.75029312
0.01866000  4116.113135809412
0.01868000  4115.475978498824
0.01870000  4114.838821188236
0.01872000  4114.201663877647
0.01874000  4113.564506567059
0.01876000  4112.927349256471
0.01878000  4112.290191945883
0.01880000  4111.653034635294
0.01882000  4111.015877324706
0.01884000  4110.378720014118
0.01886000  4109.74156270353
0.01888000  4109.104405392942
0.01890000  4108.467248082353
0.01892000  4107.830090771765
0.01894000  4107.192933461177
0.01896000  4106.555776150588
0.01898000  4105.91861884
0.01900000  4105.281461529412
0.01902000  4104.644304218824
0.01904000  4104.007146908236
0.01906000  4103.369989597647
0.01908000  4102.732832287059
0.01910000  4102.095674976471
0.01912000  4101.458517665882
0.01914000  4100.821360355294
0.01916000  4100.184203044706
0.01918000  4099.547045734118
0.01920000  4098.90988842353
0.01922000  4098.272731112941
0.01924000  4097.635573802353
0.01926000  4096.998416491765
0.01928000  4096.361259181176
0.01930000  4095.724101870588
0.01932000  4095.08694456
0.01934000  4094.449787249412
0.01936000  4093.8126299388236
0.01938000  4093.175472628235
0.01940000  4092.538315317647
0.01942000  4091.901158007059
0.01944000  4091.2640006964707
0.01946000  4090.6268433858822
0.01948000  4089.9896860752942
0.01950000  4089.352528764706
0.01952000  4088.7153714541178
0.01954000  4088.0782141435293
0.01956000  4087.4410568329413
0.01958000  4086.8038995223533
0.01960000  4086.166742211765
0.01962000  4085.5295849011763
0.01964000  4084.8924275905883
0.01966000  4084.2552702800003
0.01968000  4083.618112969412
0.01970000  4082.9809556588234
0.01972000  4082.3437983482354
0.01974000  4081.7066410376474
0.01976000  4081.069483727059
0.01978000  4080.4323264164705
0.01980000  4079.7951691058825
0.01982000  4079.1580117952944
0.01984000  4078.520854484706
0.01986000  4077.8836971741175
0.01988000  4077.2465398635295
0.01990000  4076.6093825529415
0.01992000  4075.972225242353
0.01994000  4075.3350679317646
0.01996000  4074.6979106211766
0.01998000  4074.0607533105886
0.02000000  4073.423596
0.02002000  4068.913832
0.02004000  4064.750629
0.02006000  4060.912757
0.02008000  4057.358831
0.02010000  4053.840166
0.02012000  4049.636746
0.02014000  4043.999536
0.02016000  4036.408685
0.02018000  4026.271967
0.02020000  4012.929879
0.02022000  3994.792536
0.02024000  3967.084185
0.02026000  3923.969134
0.02028000  3858.139078
0.02030000  3759.382375
0.02032000  3613.875974
0.02034000  3405.254369
0.02036000  3119.946885
0.02038000  2765.600314
0.02040000  2387.533387
0.02042000  2020.336553
0.02044000  1660.931024
0.02046000  1285.311424
0.02048000  887.361708
0.02050000  535.14252
0.02052000  314.290749
0.02054000  201.938202
0.02056000  154.049967
0.02058000  144.01194
0.02060000  170.928145
0.02062000  257.99113
0.02064000  458.768477
0.02066000  838.619251
0.02068000  1388.75617
0.02070000  2013.381687
0.02072000  2611.94225
0.02074000  3125.584756
0.02076000  3536.438425
0.02078000  3849.742568
0.02080000  4078.948223
0.02082000  4241.470161
0.02084000  4354.877394
0.02086000  4433.798703
0.02088000  4488.978617
0.02090000  4527.839122
0.02092000  4555.408981
0.02094000  4575.092323
0.02096000  4589.198354
0.02098000  4599.339449
0.02100000  4606.633365
0.02102000  4611.869031
0.02104000  4615.612043
0.02106000  4618.264344
0.02108000  4620.119638
0.02110000  4621.391437
0.02112000  4622.242747
0.02114000  4622.788204
0.02116000  4623.108047
0.02118000  4623.264061
0.02120000  4623.297304
0.02122000  4623.241046
0.02124000  4623.123395
0.02126000  4622.957105
0.02128000  4622.757489
0.02130000  4622.537312
0.02132000  4622.306797
0.02134000  4622.071056
0.02136000  4621.837775
0.02138000  4621.617217
0.02140000  4621.406834
0.02142000  4621.214337
0.02144000  4621.032043
0.02146000  4620.859962
0.02148000  4620.698103
0.02150000  4620.546478
0.02152000  4620.402522
0.02154000  4620.268814
0.02156000  4620.140217
0.02158000  4620.016735
0.02160000  4619.898371
0.02162000  4619.782555
0.02164000  4619.671863
0.02166000  4619.566298
0.02168000  4619.460713
0.02170000  4619.355107
0.02172000  4619.254632
0.02174000  4619.156717
0.02176000  4619.058783
0.02178000  4618.960831
0.02180000  4618.86544
0.02182000  4618.772611
0.02184000  4618.679765
0.02186000  4618.589484
0.02188000  4618.499187
0.02190000  4618.408875
0.02192000  4618.321129
0.02194000  4618.235949
0.02196000  4618.150757
0.02198000  4618.065551
0.02200000  4617.982914
0.02202000  4617.900264
0.02204000  4617.817602
0.02206000  4617.73751
0.02208000  4617.659991
0.02210000  4617.582461
0.02212000  4617.50492
0.02214000  4617.427367
0.02216000  4617.352389
0.02218000  4617.279987
0.02220000  4617.207575
0.02222000  4617.135153
0.02224000  4617.062721
0.02226000  4616.992867
0.02228000  4616.925591
0.02230000  4616.85572
0.02232000  4616.788427
0.02234000  4616.723715
0.02236000  4616.658995
0.02238000  4616.594267
0.02240000  4616.529532
0.02242000  4616.467378
0.02244000  4616.405218
0.02246000  4616.34564
0.02248000  4616.286057
0.02250000  4616.226466
0.02252000  4616.169461
0.02254000  4616.112449
0.02256000  4616.055431
0.02258000  4615.998408
0.02260000  4615.94397
0.02262000  4615.889527
0.02264000  4615.837672
0.02266000  4615.785812
0.02268000  4615.733946
0.02270000  4615.682076
0.02272000  4615.632795
0.02274000  4615.583509
0.02276000  4615.534218
0.02278000  4615.487518
0.02280000  4615.440814
0.02282000  4615.394106
0.02284000  4615.349988
0.02286000  4615.303272
0.02288000  4615.259148
0.02290000  4615.21502
0.02292000  4615.173484
0.02294000  4615.131945
0.02296000  4615.090403
0.02298000  4615.048858
0.02300000  4615.00731
0.02302000  4614.370152689412
0.02304000  4613.732995378824
0.02306000  4613.095838068235
0.02308000  4612.458680757647
0.02310000  4611.821523447059
0.02312000  4611.184366136471
0.02314000  4610.547208825882
0.02316000  4609.910051515294
0.02318000  4609.272894204706
0.02320000  4608.635736894118
0.02322000  4607.998579583529
0.02324000  4607.361422272941
0.02326000  4606.724264962353
0.02328000  4606.087107651765
0.02330000  4605.449950341176
0.02332000  4604.812793030588
0.02334000  4604.17563572
0.02336000  4603.538478409412
0.02338000  4602.901321098823
0.02340000  4602.264163788235
0.02342000  4601.627006477647
0.02344000  4600.989849167059
0.02346000  4600.35269185647
0.02348000  4599.715534545882
0.02350000  4599.078377235294
0.02352000  4598.441219924706
0.02354000  4597.804062614117
0.02356000  4597.166905303529
0.02358000  4596.529747992941
0.02360000  4595.892590682353
0.02362000  4595.255433371764
0.02364000  4594.618276061176
0.02366000  4593.981118750588
0.02368000  4593.34396144
0.02370000  4592.7068041294115
0.02372000  4592.0696468188235
0.02374000  4591.432489508235
0.02376000  4590.795332197647
0.02378000  4590.1581748870585
0.02380000  4589.5210175764705
0.02382000  4588.8838602658825
0.02384000  4588.2467029552945
0.02386000  4587.609545644706
0.02388000  4586.972388334118
0.02390000  4586.33523102353
0.02392000  4585.698073712942
0.02394000  4585.060916402353
0.02396000  4584.423759091765
0.02398000  4583.786601781177
0.02400000  4583.149444470589
0.02402000  4582.51228716
0.02404000  4581.875129849412
0.02406000  4581.237972538824
0.02408000  4580.600815228236
0.02410000  4579.963657917647
0.02412000  4579.326500607059
0.02414000  4578.689343296471
0.02416000  4578.052185985883
0.02418000  4577.415028675294
0.02420000  4576.777871364706
0.02422000  4576.140714054118
0.02424000  4575.50355674353
0.02426000  4574.866399432941
0.02428000  4574.229242122353
0.02430000  4573.592084811765
0.02432000  4572.954927501177
0.02434000  4572.317770190588
0.02436000  4571.68061288
0.02438000  4571.043455569412
0.02440000  4570.406298258824
0.02442000  4569.769140948235
0.02444000  4569.131983637647
0.02446000  4568.494826327059
0.02448000  4567.857669016471
0.02450000  4567.220511705882
0.02452000  4566.583354395294
0.02454000  4565.946197084706
0.02456000  4565.309039774118
0.02458000  4564.671882463529
0.02460000  4564.034725152941
0.02462000  4563.397567842353
0.02464000  4562.760410531765
0.02466000  4562.123253221176
0.02468000  4561.486095910588
0.02470000  4560.8489386
0.02472000  4560.211781289412
0.02474000  4559.574623978823
0.02476000  4558.937466668235
0.02478000  4558.300309357647
0.02480000  4557.663152047059
0.02482000  4557.02599473647
0.02484000  4556.388837425882
0.02486000  4555.751680115294
0.02488000  4555.114522804706
0.02490000  4554.477365494117
0.02492000  4553.840208183529
0.02494000  4553.203050872941
0.02496000  4552.565893562353
0.02498000  4551.928736251764
0.02500000  4551.291578941176
0.02502000  4550.654421630588
0.02504000  4550.01726432
0.02506000  4549.380107009411
0.02508000  4548.742949698823
0.02510000  4548.105792388235
0.02512000  4547.468635077647
0.02514000  4546.8314777670585
0.02516000  4546.19432045647
0.02518000  4545.557163145882
0.02520000  4544.920005835294
0.02522000  4544.2828485247055
0.02524000  4543.6456912141175
0.02526000  4543.0085339035295
0.02528000  4542.3713765929415
0.02530000  4541.734219282353
0.02532000  4541.097061971765
0.02534000  4540.459904661177
0.02536000  4539.8227473505885
0.02538000  4539.18559004
0.02540000  4538.548432729412
0.02542000  4537.911275418824
0.02544000  4537.274118108236
0.02546000  4536.636960797647
0.02548000  4535.999803487059
0.02550000  4535.362646176471
0.02552000  4534.725488865883
0.02554000  4534.088331555294
0.02556000  4533.451174244706
0.02558000  4532.814016934118
0.02560000  4532.17685962353
0.02562000  4531.539702312941
0.02564000  4530.902545002353
0.02566000  4530.265387691765
0.02568000  4529.628230381177
0.02570000  4528.991073070588
0.02572000  4528.35391576
0.02574000  4527.716758449412
0.02576000  4527.079601138824
0.02578000  4526.442443828235
0.02580000  4525.805286517647
0.02582000  4525.168129207059
0.02584000  4524.530971896471
0.02586000  4523.893814585882
0.02588000  4523.256657275294
0.02590000  4522.619499964706
0.02592000  4521.982342654118
0.02594000  4521.345185343529
0.02596000  4520.708028032941
0.02598000  4520.070870722353
0.02600000  4519.433713411765
0.02602000  4518.796556101176
0.02604000  4518.159398790588
0.02606000  4517.52224148
0.02608000  4516.885084169412
0.02610000  4516.247926858823
0.02612000  4515.610769548235
0.02614000  4514.973612237647
0.02616000  4514.336454927059
0.02618000  4513.69929761647
0.02620000  4513.062140305882
0.02622000  4512.424982995294
0.02624000  4511.787825684706
0.02626000  4511.150668374117
0.02628000  4510.513511063529
0.02630000  4509.876353752941
0.02632000  4509.239196442353
0.02634000  4508.602039131764
0.02636000  4507.964881821176
0.02638000  4507.327724510588
0.02640000  4506.6905672
0.02642000  4506.053409889411
0.02644000  4505.416252578823
0.02646000  4504.779095268235
0.02648000  4504.141937957647
0.02650000  4503.504780647058
0.02652000  4502.86762333647
0.02654000  4502.230466025882
0.02656000  4501.593308715294
0.02658000  4500.956151404705
0.02660000  4500.318994094117
0.02662000  4499.681836783529
0.02664000  4499.044679472941
0.02666000  4498.4075221623525
0.02668000  4497.7703648517645
0.02670000  4497.1332075411765
0.02672000  4496.4960502305885
0.02674000  4495.85889292
0.02676000  4495.221735609412
0.02678000  4494.5845782988235
0.02680000  4493.9474209882355
0.02682000  4493.310263677647
0.02684000  4492.673106367059
0.02686000  4492.035949056471
0.02688000  4491.398791745883
0.02690000  4490.761634435294
0.02692000  4490.124477124706
0.02694000  4489.487319814118
0.02696000  4488.85016250353
0.02698000  4488.213005192942
0.02700000  4487.575847882353
0.02702000  4486.938690571765
0.02704000  4486.301533261177
0.02706000  4485.664375950588
0.02708000  4485.02721864
0.02710000  4484.390061329412
0.02712000  4483.752904018824
0.02714000  4483.115746708236
0.02716000  4482.478589397647
0.02718000  4481.841432087059
0.02720000  4481.204274776471
0.02722000  4480.567117465882
0.02724000  4479.929960155294
0.02726000  4479.292802844706
0.02728000  4478.655645534118
0.02730000  4478.01848822353
0.02732000  4477.381330912941
0.02734000  4476.744173602353
0.02736000  4476.107016291765
0.02738000  4475.469858981177
0.02740000  4474.832701670588
0.02742000  4474.19554436
0.02744000  4473.558387049412
0.02746000  4472.921229738824
0.02748000  4472.284072428235
0.02750000  4471.646915117647
0.02752000  4471.009757807059
0.02754000  4470.372600496471
0.02756000  4469.735443185882
0.02758000  4469.098285875294
0.02760000  4468.461128564706
0.02762000  4467.823971254118
0.02764000  4467.186813943529
0.02766000  4466.549656632941
0.02768000  4465.912499322353
0.02770000  4465.275342011765
0.02772000  4464.638184701176
0.02774000  4464.001027390588
0.02776000  4463.36387008
0.02778000  4462.726712769412
0.02780000  4462.089555458823
0.02782000  4461.452398148235
0.02784000  4460.815240837647
0.02786000  4460.178083527059
0.02788000  4459.54092621647
0.02790000  4458.903768905882
0.02792000  4458.266611595294
0.02794000  4457.629454284706
0.02796000  4456.992296974117
0.02798000  4456.355139663529
0.02800000  4455.717982352941
0.02802000  4455.080825042353
0.02804000  4454.443667731764
0.02806000  4453.806510421176
0.02808000  4453.169353110588
0.02810000  4452.5321958
0.02812000  4451.8950384894115
0.02814000  4451.2578811788235
0.02816000  4450.6207238682355
0.02818000  4449.9835665576475
0.02820000  4449.346409247059
0.02822000  4448.7092519364705
0.02824000  4448.0720946258825
0.02826000  4447.4349373152945
0.02828000  4446.797780004706
0.02830000  4446.160622694118
0.02832000  4445.52346538353
0.02834000  4444.886308072942
0.02836000  4444.249150762353
0.02838000  4443.611993451765
0.02840000  4442.974836141177
0.02842000  4442.337678830589
0.02844000  4441.70052152
0.02846000  4441.063364209412
0.02848000  4440.426206898824
0.02850000  4439.789049588236
0.02852000  4439.151892277647
0.02854000  4438.514734967059
0.02856000  4437.877577656471
0.02858000  4437.240420345883
0.02860000  4436.603263035294
0.02862000  4435.966105724706
0.02864000  4435.328948414118
0.02866000  4434.69179110353
0.02868000  4434.054633792941
0.02870000  4433.417476482353
0.02872000  4432.780319171765
0.02874000  4432.143161861177
0.02876000  4431.506004550588
0.02878000  4430.86884724
0.02880000  4430.231689929412
0.02882000  4429.594532618824
0.02884000  4428.957375308235
0.02886000  4428.320217997647
0.02888000  4427.683060687059
0.02890000  4427.045903376471
0.02892000  4426.408746065882
0.02894000  4425.771588755294
0.02896000  4425.134431444706
0.02898000  4424.497274134118
0.02900000  4423.860116823529
0.02902000  4423.222959512941
0.02904000  4422.585802202353
0.02906000  4421.948644891765
0.02908000  4421.311487581176
0.02910000  4420.674330270588
0.02912000  4420.03717296
0.02914000  4419.400015649412
0.02916000  4418.762858338823
0.02918000  4418.125701028235
0.02920000  4417.488543717647
0.02922000  4416.851386407059
0.02924000  4416.21422909647
0.02926000  4415.577071785882
0.02928000  4414.939914475294
0.02930000  4414.302757164706
0.02932000  4413.665599854117
0.02934000  4413.028442543529
0.02936000  4412.391285232941
0.02938000  4411.754127922353
0.02940000  4411.116970611764
0.02942000  4410.479813301176
0.02944000  4409.842655990588
0.02946000  4409.20549868
0.02948000  4408.568341369411
0.02950000  4407.931184058823
0.02952000  4407.294026748235
0.02954000  4406.656869437647
0.02956000  4406.0197121270585
0.02958000  4405.3825548164705
0.02960000  4404.7453975058825
0.02962000  4404.1082401952945
0.02964000  4403.4710828847055
0.02966000  4402.8339255741175
0.02968000  4402.1967682635295
0.02970000  4401.5596109529415
0.02972000  4400.922453642353
0.02974000  4400.285296331765
0.02976000  4399.648139021177
0.02978000  4399.010981710589
0.02980000  4398.3738244
0.02982000  4397.736667089412
0.02984000  4397.099509778824
0.02986000  4396.462352468236
0.02988000  4395.825195157647
0.02990000  4395.188037847059
0.02992000  4394.550880536471
0.02994000  4393.913723225883
0.02996000  4393.276565915294
0.02998000  4392.639408604706
0.03000000  4392.002251294118
0.03002000  4391.36509398353
0.03004000  4390.727936672941
0.03006000  4390.090779362353
0.03008000  4389.453622051765
0.03010000  4388.816464741177
0.03012000  4388.179307430588
0.03014000  4387.54215012
0.03016000  4386.904992809412
0.03018000  4386.267835498824
0.03020000  4385.630678188235
0.03022000  4384.993520877647
0.03024000  4384.356363567059
0.03026000  4383.719206256471
0.03028000  4383.082048945882
0.03030000  4382.444891635294
0.03032000  4381.807734324706
0.03034000  4381.170577014118
0.03036000  4380.533419703529
0.03038000  4379.896262392941
0.03040000  4379.259105082353
0.03042000  4378.621947771765
0.03044000  4377.984790461176
0.03046000  4377.347633150588
0.03048000  4376.71047584
0.03050000  4376.073318529412
0.03052000  4375.436161218823
0.03054000  4374.799003908235
0.03056000  4374.161846597647
0.03058000  4373.524689287059
0.03060000  4372.88753197647
0.03062000  4372.250374665882
0.03064000  4371.613217355294
0.03066000  4370.976060044706
0.03068000  4370.338902734117
0.03070000  4369.701745423529
0.03072000  4369.064588112941
0.03074000  4368.427430802353
0.03076000  4367.790273491764
0.03078000  4367.153116181176
0.03080000  4366.515958870588
0.03082000  4365.87880156
0.03084000  4365.241644249411
0.03086000  4364.604486938823
0.03088000  4363.967329628235
0.03090000  4363.330172317647
0.03092000  4362.693015007058
0.03094000  4362.05585769647
0.03096000  4361.418700385882
0.03098000  4360.781543075294
0.03100000  4360.144385764706
0.03102000  4359.5072284541175
0.03104000  4358.8700711435295
0.03106000  4358.232913832941
0.03108000  4357.5957565223525
0.03110000  4356.9585992117645
0.03112000  4356.3214419011765
0.03114000  4355.6842845905885
0.03116000  4355.0471272800005
0.03118000  4354.409969969412
0.03120000  4353.772812658824
0.03122000  4353.135655348236
0.03124000  4352.498498037647
0.03126000  4351.861340727059
0.03128000  4351.224183416471
0.03130000  4350.587026105883
0.03132000  4349.949868795295
0.03134000  4349.312711484706
0.03136000  4348.675554174118
0.03138000  4348.03839686353
0.03140000  4347.401239552941
0.03142000  4346.764082242353
0.03144000  4346.126924931765
0.03146000  4345.489767621177
0.03148000  4344.852610310589
0.03150000  4344.215453
0.03152000  4343.578295689412
0.03154000  4342.941138378824
0.03156000  4342.303981068235
0.03158000  4341.666823757647
0.03160000  4341.029666447059
0.03162000  4340.392509136471
0.03164000  4339.755351825883
0.03166000  4339.118194515294
0.03168000  4338.481037204706
0.03170000  4337.843879894118
0.03172000  4337.20672258353
0.03174000  4336.569565272941
0.03176000  4335.932407962353
0.03178000  4335.295250651765
0.03180000  4334.658093341177
0.03182000  4334.020936030588
0.03184000  4333.38377872
0.03186000  4332.746621409412
0.03188000  4332.109464098824
0.03190000  4331.472306788235
0.03192000  4330.835149477647
0.03194000  4330.197992167059
0.03196000  4329.560834856471
0.03198000  4328.923677545882
0.03200000  4328.286520235294
0.03202000  4327.649362924706
0.03204000  4327.012205614118
0.03206000  4326.375048303529
0.03208000  4325.737890992941
0.03210000  4325.100733682353
0.03212000  4324.463576371765
0.03214000  4323.826419061176
0.03216000  4323.189261750588
0.03218000  4322.55210444
0.03220000  4321.914947129412
0.03222000  4321.277789818823
0.03224000  4320.640632508235
0.03226000  4320.003475197647
0.03228000  4319.366317887059
0.03230000  4318.72916057647
0.03232000  4318.092003265882
0.03234000  4317.454845955294
0.03236000  4316.817688644706
0.03238000  4316.180531334117
0.03240000  4315.543374023529
0.03242000  4314.906216712941
0.03244000  4314.269059402353
0.03246000  4313.6319020917645
0.03248000  4312.994744781176
0.03250000  4312.357587470588
0.03252000  4311.72043016
0.03254000  4311.0832728494115
0.03256000  4310.4461155388235
0.03258000  4309.8089582282355
0.03260000  4309.1718009176475
0.03262000  4308.534643607059
0.03264000  4307.897486296471
0.03266000  4307.260328985883
0.03268000  4306.6231716752945
0.03270000  4305.986014364706
0.03272000  4305.348857054118
0.03274000  4304.71169974353
0.03276000  4304.074542432942
0.03278000  4303.437385122353
0.03280000  4302.800227811765
0.03282000  4302.163070501177
0.03284000  4301.525913190589
0.03286000  4300.88875588
0.03288000  4300.251598569412
0.03290000  4299.614441258824
0.03292000  4298.977283948236
0.03294000  4298.340126637647
0.03296000  4297.702969327059
0.03298000  4297.065812016471
0.03300000  4296.428654705883
0.03302000  4295.791497395294
0.03304000  4295.154340084706
0.03306000  4294.517182774118
0.03308000  4293.88002546353
0.03310000  4293.242868152941
0.03312000  4292.605710842353
0.03314000  4291.968553531765
0.03316000  4291.331396221177
0.03318000  4290.694238910588
0.03320000  4290.0570816
0.03322000  4289.419924289412
0.03324000  4288.782766978824
0.03326000  4288.145609668235
0.03328000  4287.508452357647
0.03330000  4286.871295047059
0.03332000  4286.234137736471
0.03334000  4285.596980425882
0.03336000  4284.959823115294
0.03338000  4284.322665804706
0.03340000  4283.685508494118
0.03342000  4283.048351183529
0.03344000  4282.411193872941
0.03346000  4281.774036562353
0.03348000  4281.136879251765
0.03350000  4280.499721941176
0.03352000  4279.862564630588
0.03354000  4279.22540732
0.03356000  4278.588250009412
0.03358000  4277.951092698823
0.03360000  4277.313935388235
0.03362000  4276.676778077647
0.03364000  4276.039620767059
0.03366000  4275.40246345647
0.03368000  4274.765306145882
0.03370000  4274.128148835294
0.03372000  4273.490991524706
0.03374000  4272.853834214117
0.03376000  4272.216676903529
0.03378000  4271.579519592941
0.03380000  4270.942362282353
0.03382000  4270.305204971764
0.03384000  4269.668047661176
0.03386000  4269.030890350588
0.03388000  4268.39373304
0.03390000  4267.756575729411
0.03392000  4267.119418418823
0.03394000  4266.482261108235
0.03396000  4265.845103797647
0.03398000  4265.2079464870585
0.03400000  4264.5707891764705
0.03402000  4263.9336318658825
0.03404000  4263.2964745552945
0.03406000  4262.659317244706
0.03408000  4262.022159934118
0.03410000  4261.3850026235295
0.03412000  4260.7478453129415
0.03414000  4260.110688002353
0.03416000  4259.473530691765
0.03418000  4258.836373381177
0.03420000  4258.199216070589
0.03422000  4257.56205876
0.03424000  4256.924901449412
0.03426000  4256.287744138824
0.03428000  4255.650586828236
0.03430000  4255.013429517647
0.03432000  4254.376272207059
0.03434000  4253.739114896471
0.03436000  4253.101957585883
0.03438000  4252.464800275294
0.03440000  4251.827642964706
0.03442000  4251.190485654118
0.03444000  4250.55332834353
0.03446000  4249.916171032941
0.03448000  4249.279013722353
0.03450000  4248.641856411765
0.03452000  4248.004699101177
0.03454000  4247.367541790588
0.03456000  4246.73038448
0.03458000  4246.093227169412
0.03460000  4245.456069858824
0.03462000  4244.818912548235
0.03464000  4244.181755237647
0.03466000  4243.544597927059
0.03468000  4242.907440616471
0.03470000  4242.270283305882
0.03472000  4241.633125995294
0.03474000  4240.995968684706
0.03476000  4240.358811374118
0.03478000  4239.721654063529
0.03480000  4239.084496752941
0.03482000  4238.447339442353
0.03484000  4237.810182131765
0.03486000  4237.173024821177
0.03488000  4236.535867510588
0.03490000  4235.8987102
0.03492000  4235.261552889412
0.03494000  4234.624395578823
0.03496000  4233.987238268235
0.03498000  4233.350080957647
0.03500000  4232.712923647059
0.03502000  4232.075766336471
0.03504000  4231.438609025882
0.03506000  4230.801451715294
0.03508000  4230.164294404706
0.03510000  4229.527137094117
0.03512000  4228.889979783529
0.03514000  4228.252822472941
0.03516000  4227.615665162353
0.03518000  4226.978507851765
0.03520000  4226.341350541176
0.03522000  4225.704193230588
0.03524000  4225.06703592
0.03526000  4224.429878609411
0.03528000  4223.792721298823
0.03530000  4223.155563988235
0.03532000  4222.518406677647
0.03534000  4221.881249367059
0.03536000  4221.24409205647
0.03538000  4220.606934745882
0.03540000  4219.969777435294
0.03542000  4219.3326201247055
0.03544000  4218.6954628141175
0.03546000  4218.0583055035295
0.03548000  4217.4211481929415
0.03550000  4216.7839908823535
0.03552000  4216.146833571765
0.03554000  4215.5096762611765
0.03556000  4214.8725189505885
0.03558000  4214.23536164
0.03560000  4213.598204329412
0.03562000  4212.961047018824
0.03564000  4212.323889708236
0.03566000  4211.686732397648
0.03568000  4211.049575087059
0.03570000  4210.412417776471
0.03572000  4209.775260465883
0.03574000  4209.138103155294
0.03576000  4208.500945844706
0.03578000  4207.863788534118
0.03580000  4207.22663122353
0.03582000  4206.589473912942
0.03584000  4205.952316602353
0.03586000  4205.315159291765
0.03588000  4204.678001981177
0.03590000  4204.040844670589
0.03592000  4203.40368736
0.03594000  4202.766530049412
0.03596000  4202.129372738824
0.03598000  4201.492215428236
0.03600000  4200.855058117647
0.03602000  4200.217900807059
0.03604000  4199.580743496471
0.03606000  4198.943586185883
0.03608000  4198.306428875294
0.03610000  4197.669271564706
0.03612000  4197.032114254118
0.03614000  4196.39495694353
0.03616000  4195.757799632941
0.03618000  4195.120642322353
0.03620000  4194.483485011765
0.03622000  4193.846327701177
0.03624000  4193.209170390588
0.03626000  4192.57201308
0.03628000  4191.934855769412
0.03630000  4191.297698458824
0.03632000  4190.660541148235
0.03634000  4190.023383837647
0.03636000  4189.386226527059
0.03638000  4188.749069216471
0.03640000  4188.111911905882
0.03642000  4187.474754595294
0.03644000  4186.837597284706
0.03646000  4186.200439974118
0.03648000  4185.563282663529
0.03650000  4184.926125352941
0.03652000  4184.288968042353
0.03654000  4183.651810731765
0.03656000  4183.014653421176
0.03658000  4182.377496110588
0.03660000  4181.7403388
0.03662000  4181.103181489412
0.03664000  4180.466024178823
0.03666000  4179.828866868235
0.03668000  4179.191709557647
0.03670000  4178.554552247059
0.03672000  4177.91739493647
0.03674000  4177.280237625882
0.03676000  4176.643080315294
0.03678000  4176.005923004706
0.03680000  4175.368765694117
0.03682000  4174.731608383529
0.03684000  4174.094451072941
0.03686000  4173.457293762353
0.03688000  4172.8201364517645
0.03690000  4172.1829791411765
0.03692000  4171.5458218305885
0.03694000  4170.9086645200005
0.03696000  4170.2715072094115
0.03698000  4169.6343498988235
0.03700000  4168.9971925882355
0.03702000  4168.3600352776475
0.03704000  4167.722877967059
0.03706000  4167.085720656471
0.03708000  4166.448563345883
0.03710000  4165.811406035295
0.03712000  4165.174248724706
0.03714000  4164.537091414118
0.03716000  4163.89993410353
0.03718000  4163.262776792942
0.03720000  4162.625619482353
0.03722000  4161.988462171765
0.03724000  4161.351304861177
0.03726000  4160.714147550589
0.03728000  4160.07699024
0.03730000  4159.439832929412
0.03732000  4158.802675618824
0.03734000  4158.165518308236
0.03736000  4157.528360997647
0.03738000  4156.891203687059
0.03740000  4156.254046376471
0.03742000  4155.616889065883
0.03744000  4154.979731755294
0.03746000  4154.342574444706
0.03748000  4153.705417134118
0.03750000  4153.06825982353
0.03752000  4152.431102512941
0.03754000  4151.793945202353
0.03756000  4151.156787891765
0.03758000  4150.519630581177
0.03760000  4149.882473270588
0.03762000  4149.24531596
0.03764000  4148.608158649412
0.03766000  4147.971001338824
0.03768000  4147.333844028235
0.03770000  4146.696686717647
0.03772000  4146.059529407059
0.03774000  4145.422372096471
0.03776000  4144.785214785882
0.03778000  4144.148057475294
0.03780000  4143.510900164706
0.03782000  4142.873742854118
0.03784000  4142.236585543529
0.03786000  4141.599428232941
0.03788000  4140.962270922353
0.03790000  4140.325113611765
0.03792000  4139.687956301176
0.03794000  4139.050798990588
0.03796000  4138.41364168
0.03798000  4137.776484369412
0.03800000  4137.139327058823
0.03802000  4136.502169748235
0.03804000  4135.865012437647
0.03806000  4135.227855127059
0.03808000  4134.59069781647
0.03810000  4133.953540505882
0.03812000  4133.316383195294
0.03814000  4132.679225884706
0.03816000  4132.042068574117
0.03818000  4131.404911263529
0.03820000  4130.767753952941
0.03822000  4130.130596642353
0.03824000  4129.493439331764
0.03826000  4128.856282021176
0.03828000  4128.219124710588
0.03830000  4127.5819674
0.03832000  4126.9448100894115
0.03834000  4126.3076527788235
0.03836000  4125.6704954682355
0.03838000  4125.033338157647
0.03840000  4124.3961808470585
0.03842000  4123.7590235364705
0.03844000  4123.1218662258825
0.03846000  4122.4847089152945
0.03848000  4121.847551604706
0.03850000  4121.210394294118
0.03852000  4120.57323698353
0.03854000  4119.936079672942
0.03856000  4119.298922362353
0.03858000  4118.661765051765
0.03860000  4118.024607741177
0.03862000  4117.387450430589
0.03864000  4116.75029312
0.03866000  4116.113135809412
0.03868000  4115.475978498824
0.03870000  4114.838821188236
0.03872000  4114.201663877647
0.03874000  4113.564506567059
0.03876000  4112.927349256471
0.03878000  4112.290191945883
0.03880000  4111.653034635294
0.03882000  4111.015877324706
0.03884000  4110.378720014118
0.03886000  4109.74156270353
0.03888000  4109.104405392942
0.03890000  4108.467248082353
0.03892000  4107.830090771765
0.03894000  4107.192933461177
0.03896000  4106.555776150588
0.03898000  4105.91861884
0.03900000  4105.281461529412
0.03902000  4104.644304218824
0.03904000  4104.007146908236
0.03906000  4103.369989597647
0.03908000  4102.732832287059
0.03910000  4102.095674976471
0.03912000  4101.458517665882
0.03914000  4100.821360355294
0.03916000  4100.184203044706
0.03918000  4099.547045734118
0.03920000  4098.90988842353
0.03922000  4098.272731112941
0.03924000  4097.635573802353
0.03926000  4096.998416491765
0.03928000  4096.361259181176
0.03930000  4095.724101870588
0.03932000  4095.08694456
0.03934000  4094.449787249412
0.03936000  4093.8126299388236
0.03938000  4093.175472628235
0.03940000  4092.538315317647
0.03942000  4091.901158007059
0.03944000  4091.2640006964707
0.03946000  4090.6268433858822
0.03948000  4089.9896860752942
0.03950000  4089.352528764706
0.03952000  4088.7153714541178
0.03954000  4088.0782141435293
0.03956000  4087.4410568329413
0.03958000  4086.8038995223533
0.03960000  4086.166742211765
0.03962000  4085.5295849011763
0.03964000  4084.8924275905883
0.03966000  4084.2552702800003
0.03968000  4083.618112969412
0.03970000  4082.9809556588234
0.03972000  4082.3437983482354
0.03974000  4081.7066410376474
0.03976000  4081.069483727059
0.03978000  4080.4323264164705
0.03980000  4079.7951691058825
0.03982000  4079.1580117952944
0.03984000  4078.520854484706
0.03986000  4077.8836971741175
0.03988000  4077.2465398635295
0.03990000  4076.6093825529415
0.03992000  4075.972225242353
0.03994000  4075.3350679317646
0.03996000  4074.6979106211766
0.03998000  4074.0607533105886
0.04000000  4073.423596
0.04002000  4068.913832
0.04004000  4064.750629
0.04006000  4060.912757
0.04008000  4057.358831
0.04010000  4053.840166
0.04012000  4049.636746
0.04014000  4043.999536
0.04016000  4036.408685
0.04018000  4026.271967
0.04020000  4012.929879
0.04022000  3994.792536
0.04024000  3967.084185
0.04026000  3923.969134
0.04028000  3858.139078
0.04030000  3759.382375
0.04032000  3613.875974
0.04034000  3405.254369
0.04036000  3119.946885
0.04038000  2765.600314
0.04040000  2387.533387
0.04042000  2020.336553
0.04044000  1660.931024
0.04046000  1285.311424
0.04048000  887.361708
0.04050000  535.14252
0.04052000  314.290749
0.04054000  201.938202
0.04056000  154.049967
0.04058000  144.01194
0.04060000  170.928145
0.04062000  257.99113
0.04064000  458.768477
0.04066000  838.619251
0.04068000  1388.75617
0.04070000  2013.381687
0.04072000  2611.94225
0.04074000  3125.584756
0.04076000  3536.438425
0.04078000  3849.742568
0.04080000  4078.948223
0.04082000  4241.470161
0.04084000  4354.877394
0.04086000  4433.798703
0.04088000  4488.978617
0.04090000  4527.839122
0.04092000  4555.408981
0.04094000  4575.092323
0.04096000  4589.198354
0.04098000  4599.339449
0.04100000  4606.633365
0.04102000  4611.869031
0.04104000  4615.612043
0.04106000  4618.264344
0.04108000  4620.119638
0.04110000  4621.391437
0.04112000  4622.242747
0.04114000  4622.788204
0.04116000  4623.108047
0.04118000  4623.264061
0.04120000  4623.297304
0.04122000  4623.241046
0.04124000  4623.123395
0.04126000  4622.957105
0.04128000  4622.757489
0.04130000  4622.537312
0.04132000  4622.306797
0.04134000  4622.071056
0.04136000  4621.837775
0.04138000  4621.617217
0.04140000  4621.406834
0.04142000  4621.214337
0.04144000  4621.032043
0.04146000  4620.859962
0.04148000  4620.698103
0.04150000  4620.546478
0.04152000  4620.402522
0.04154000  4620.268814
0.04156000  4620.140217
0.04158000  4620.016735
0.04160000  4619.898371
0.04162000  4619.782555
0.04164000  4619.671863
0.04166000  4619.566298
0.04168000  4619.460713
0.04170000  4619.355107
0.04172000  4619.254632
0.04174000  4619.156717
0.04176000  4619.058783
0.04178000  4618.960831
0.04180000  4618.86544
0.04182000  4618.772611
0.04184000  4618.679765
0.04186000  4618.589484
0.04188000  4618.499187
0.04190000  4618.408875
0.04192000  4618.321129
0.04194000  4618.235949
0.04196000  4618.150757
0.04198000  4618.065551
0.04200000  4617.982914
0.04202000  4617.900264
0.04204000  4617.817602
0.04206000  4617.73751
0.04208000  4617.659991
0.04210000  4617.582461
0.04212000  4617.50492
0.04214000  4617.427367
0.04216000  4617.352389
0.04218000  4617.279987
0.04220000  4617.207575
0.04222000  4617.135153
0.04224000  4617.062721
0.04226000  4616.992867
0.04228000  4616.925591
0.04230000  4616.85572
0.04232000  4616.788427
0.04234000  4616.723715
0.04236000  4616.658995
0.04238000  4616.594267
0.04240000  4616.529532
0.04242000  4616.467378
0.04244000  4616.405218
0.04246000  4616.34564
0.04248000  4616.286057
0.04250000  4616.226466
0.04252000  4616.169461
0.04254000  4616.112449
0.04256000  4616.055431
0.04258000  4615.998408
0.04260000  4615.94397
0.04262000  4615.889527
0.04264000  4615.837672
0.04266000  4615.785812
0.04268000  4615.733946
0.04270000  4615.682076
0.04272000  4615.632795
0.04274000  4615.583509
0.04276000  4615.534218
0.04278000  4615.487518
0.04280000  4615.440814
0.04282000  4615.394106
0.04284000  4615.349988
0.04286000  4615.303272
0.04288000  4615.259148
0.04290000  4615.21502
0.04292000  4615.173484
0.04294000  4615.131945
0.04296000  4615.090403
0.04298000  4615.048858
0.04300000  4615.00731
0.04302000  4614.370152689412
0.04304000  4613.732995378824
0.04306000  4613.095838068235
0.04308000  4612.458680757647
0.04310000  4611.821523447059
0.04312000  4611.184366136471
0.04314000  4610.547208825882
0.04316000  4609.910051515294
0.04318000  4609.272894204706
0.04320000  4608.635736894118
0.04322000  4607.998579583529
0.04324000  4607.361422272941
0.04326000  4606.724264962353
0.04328000  4606.087107651765
0.04330000  4605.449950341176
0.04332000  4604.812793030588
0.04334000  4604.17563572
0.04336000  4603.538478409412
0.04338000  4602.901321098823
0.04340000  4602.264163788235
0.04342000  4601.627006477647
0.04344000  4600.989849167059
0.04346000  4600.35269185647
0.04348000  4599.715534545882
0.04350000  4599.078377235294
0.04352000  4598.441219924706
0.04354000  4597.804062614117
0.04356000  4597.166905303529
0.04358000  4596.529747992941
0.04360000  4595.892590682353
0.04362000  4595.255433371764
0.04364000  4594.618276061176
0.04366000  4593.981118750588
0.04368000  4593.34396144
0.04370000  4592.7068041294115
0.04372000  4592.0696468188235
0.04374000  4591.432489508235
0.04376000  4590.795332197647
0.04378000  4590.1581748870585
0.04380000  4589.5210175764705
0.04382000  4588.8838602658825
0.04384000  4588.2467029552945
0.04386000  4587.609545644706
0.04388000  4586.972388334118
0.04390000  4586.33523102353
0.04392000  4585.698073712942
0.04394000  4585.060916402353
0.04396000  4584.423759091765
0.04398000  4583.786601781177
0.04400000  4583.149444470589
0.04402000  4582.51228716
0.04404000  4581.875129849412
0.04406000  4581.237972538824
0.04408000  4580.600815228236
0.04410000  4579.963657917647
0.04412000  4579.326500607059
0.04414000  4578.689343296471
0.04416000  4578.052185985883
0.04418000  4577.415028675294
0.04420000  4576.777871364706
0.04422000  4576.140714054118
0.04424000  4575.50355674353
0.04426000  4574.866399432941
0.04428000  4574.229242122353
0.04430000  4573.592084811765
0.04432000  4572.954927501177
0.04434000  4572.317770190588
0.04436000  4571.68061288
0.04438000  4571.043455569412
0.04440000  4570.406298258824
0.04442000  4569.769140948235
0.04444000  4569.131983637647
0.04446000  4568.494826327059
0.04448000  4567.857669016471
0.04450000  4567.220511705882
0.04452000  4566.583354395294
0.04454000  4565.946197084706
0.04456000  4565.309039774118
0.04458000  4564.671882463529
0.04460000  4564.034725152941
0.04462000  4563.397567842353
0.04464000  4562.760410531765
0.04466000  4562.123253221176
0.04468000  4561.486095910588
0.04470000  4560.8489386
0.04472000  4560.211781289412
0.04474000  4559.574623978823
0.04476000  4558.937466668235
0.04478000  4558.300309357647
0.04480000  4557.663152047059
0.04482000  4557.02599473647
0.04484000  4556.388837425882
0.04486000  4555.751680115294
0.04488000  4555.114522804706
0.04490000  4554.477365494117
0.04492000  4553.840208183529
0.04494000  4553.203050872941
0.04496000  4552.565893562353
0.04498000  4551.928736251764
0.04500000  4551.291578941176
0.04502000  4550.654421630588
0.04504000  4550.01726432
0.04506000  4549.380107009411
0.04508000  4548.742949698823
0.04510000  4548.105792388235
0.04512000  4547.468635077647
0.04514000  4546.8314777670585
0.04516000  4546.19432045647
0.04518000  4545.557163145882
0.04520000  4544.920005835294
0.04522000  4544.2828485247055
0.04524000  4543.6456912141175
0.04526000  4543.0085339035295
0.04528000  4542.3713765929415
0.04530000  4541.734219282353
0.04532000  4541.097061971765
0.04534000  4540.459904661177
0.04536000  4539.8227473505885
0.04538000  4539.18559004
0.04540000  4538.548432729412
0.04542000  4537.911275418824
0.04544000  4537.274118108236
0.04546000  4536.636960797647
0.04548000  4535.999803487059
0.04550000  4535.362646176471
0.04552000  4534.725488865883
0.04554000  4534.088331555294
0.04556000  4533.451174244706
0.04558000  4532.814016934118
0.04560000  4532.17685962353
0.04562000  4531.539702312941
0.04564000  4530.902545002353
0.04566000  4530.265387691765
0.04568000  4529.628230381177
0.04570000  4528.991073070588
0.04572000  4528.35391576
0.04574000  4527.716758449412
0.04576000  4527.079601138824
0.04578000  4526.442443828235
0.04580000  4525.805286517647
0.04582000  4525.168129207059
0.04584000  4524.530971896471
0.04586000  4523.893814585882
0.04588000  4523.256657275294
0.04590000  4522.619499964706
0.04592000  4521.982342654118
0.04594000  4521.345185343529
0.04596000  4520.708028032941
0.04598000  4520.070870722353
0.04600000  4519.433713411765
0.04602000  4518.796556101176
0.04604000  4518.159398790588
0.04606000  4517.52224148
0.04608000  4516.885084169412
0.04610000  4516.247926858823
0.04612000  4515.610769548235
0.04614000  4514.973612237647
0.04616000  4514.336454927059
0.04618000  4513.69929761647
0.04620000  4513.062140305882
0.04622000  4512.424982995294
0.04624000  4511.787825684706
0.04626000  4511.150668374117
0.04628000  4510.513511063529
0.04630000  4509.876353752941
0.04632000  4509.239196442353
0.04634000  4508.602039131764
0.04636000  4507.964881821176
0.04638000  4507.327724510588
0.04640000  4506.6905672
0.04642000  4506.053409889411
0.04644000  4505.416252578823
0.04646000  4504.779095268235
0.04648000  4504.141937957647
0.04650000  4503.504780647058
0.04652000  4502.86762333647
0.04654000  4502.230466025882
0.04656000  4501.593308715294
0.04658000  4500.956151404705
0.04660000  4500.318994094117
0.04662000  4499.681836783529
0.04664000  4499.044679472941
0.04666000  4498.4075221623525
0.04668000  4497.7703648517645
0.04670000  4497.1332075411765
0.04672000  4496.4960502305885
0.04674000  4495.85889292
0.04676000  4495.221735609412
0.04678000  4494.5845782988235
0.04680000  4493.9474209882355
0.04682000  4493.310263677647
0.04684000  4492.673106367059
0.04686000  4492.035949056471
0.04688000  4491.398791745883
0.04690000  4490.761634435294
0.04692000  4490.124477124706
0.04694000  4489.487319814118
0.04696000  4488.85016250353
0.04698000  4488.213005192942
0.04700000  4487.575847882353
0.04702000  4486.938690571765
0.04704000  4486.301533261177
0.04706000  4485.664375950588
0.04708000  4485.02721864
0.04710000  4484.390061329412
0.04712000  4483.752904018824
0.04714000  4483.115746708236
0.04716000  4482.478589397647
0.04718000  4481.841432087059
0.04720000  4481.204274776471
0.04722000  4480.567117465882
0.04724000  4479.929960155294
0.04726000  4479.292802844706
0.04728000  4478.655645534118
0.04730000  4478.01848822353
0.04732000  4477.381330912941
0.04734000  4476.744173602353
0.04736000  4476.107016291765
0.04738000  4475.469858981177
0.04740000  4474.832701670588
0.04742000  4474.19554436
0.04744000  4473.558387049412
0.04746000  4472.921229738824
0.04748000  4472.284072428235
0.04750000  4471.646915117647
0.04752000  4471.009757807059
0.04754000  4470.372600496471
0.04756000  4469.735443185882
0.04758000  4469.098285875294
0.04760000  4468.461128564706
0.04762000  4467.823971254118
0.04764000  4467.186813943529
0.04766000  4466.549656632941
0.04768000  4465.912499322353
0.04770000  4465.275342011765
0.04772000  4464.638184701176
0.04774000  4464.001027390588
0.04776000  4463.36387008
0.04778000  4462.726712769412
0.04780000  4462.089555458823
0.04782000  4461.452398148235
0.04784000  4460.815240837647
0.04786000  4460.178083527059
0.04788000  4459.54092621647
0.04790000  4458.903768905882
0.04792000  4458.266611595294
0.04794000  4457.629454284706
0.04796000  4456.992296974117
0.04798000  4456.355139663529
0.04800000  4455.717982352941
0.04802000  4455.080825042353
0.04804000  4454.443667731764
0.04806000  4453.806510421176
0.04808000  4453.169353110588
0.04810000  4452.5321958
0.04812000  4451.8950384894115
0.04814000  4451.2578811788235
0.04816000  4450.6207238682355
0.04818000  4449.9835665576475
0.04820000  4449.346409247059
0.04822000  4448.7092519364705
0.04824000  4448.0720946258825
0.04826000  4447.4349373152945
0.04828000  4446.797780004706
0.04830000  4446.160622694118
0.04832000  4445.52346538353
0.04834000  4444.886308072942
0.04836000  4444.249150762353
0.04838000  4443.611993451765
0.04840000  4442.974836141177
0.04842000  4442.337678830589
0.04844000  4441.70052152
0.04846000  4441.063364209412
0.04848000  4440.426206898824
0.04850000  4439.789049588236
0.04852000  4439.151892277647
0.04854000  4438.514734967059
0.04856000  4437.877577656471
0.04858000  4437.240420345883
0.04860000  4436.603263035294
0.04862000  4435.966105724706
0.04864000  4435.328948414118
0.04866000  4434.69179110353
0.04868000  4434.054633792941
0.04870000  4433.417476482353
0.04872000  4432.780319171765
0.04874000  4432.143161861177
0.04876000  4431.506004550588
0.04878000  4430.86884724
0.04880000  4430.231689929412
0.04882000  4429.594532618824
0.04884000  4428.957375308235
0.04886000  4428.320217997647
0.04888000  4427.683060687059
0.04890000  4427.045903376471
0.04892000  4426.408746065882
0.04894000  4425.771588755294
0.04896000  4425.134431444706
0.04898000  4424.497274134118
0.04900000  4423.860116823529
0.04902000  4423.222959512941
0.04904000  4422.585802202353
0.04906000  4421.948644891765
0.04908000  4421.311487581176
0.04910000  4420.674330270588
0.04912000  4420.03717296
0.04914000  4419.400015649412
0.04916000  4418.762858338823
0.04918000  4418.125701028235
0.04920000  4417.488543717647
0.04922000  4416.851386407059
0.04924000  4416.21422909647
0.04926000  4415.577071785882
0.04928000  4414.939914475294
0.04930000  4414.302757164706
0.04932000  4413.665599854117
0.04934000  4413.028442543529
0.04936000  4412.391285232941
0.04938000  4411.754127922353
0.04940000  4411.116970611764
0.04942000  4410.479813301176
0.04944000  4409.842655990588
0.04946000  4409.20549868
0.04948000  4408.568341369411
0.04950000  4407.931184058823
0.04952000  4407.294026748235
0.04954000  4406.656869437647
0.04956000  4406.0197121270585
0.04958000  4405.3825548164705
0.04960000  4404.7453975058825
0.04962000  4404.1082401952945
0.04964000  4403.4710828847055
0.04966000  4402.8339255741175
0.04968000  4402.1967682635295
0.04970000  4401.5596109529415
0.04972000  4400.922453642353
0.04974000  4400.285296331765
0.04976000  4399.648139021177
0.04978000  4399.010981710589
0.04980000  4398.3738244
0.04982000  4397.736667089412
0.04984000  4397.099509778824
0.04986000  4396.462352468236
0.04988000  4395.825195157647
0.04990000  4395.188037847059
0.04992000  4394.550880536471
0.04994000  4393.913723225883
0.04996000  4393.276565915294
0.04998000  4392.639408604706
0.05000000  4392.002251294118
0.05002000  4391.36509398353
0.05004000  4390.727936672941
0.05006000  4390.090779362353
0.05008000  4389.453622051765
0.05010000  4388.816464741177
0.05012000  4388.179307430588
0.05014000  4387.54215012
0.05016000  4386.904992809412
0.05018000  4386.267835498824
0.05020000  4385.630678188235
0.05022000  4384.993520877647
0.05024000  4384.356363567059
0.05026000  4383.719206256471
0.05028000  4383.082048945882
0.05030000  4382.444891635294
0.05032000  4381.807734324706
0.05034000  4381.170577014118
0.05036000  4380.533419703529
0.05038000  4379.896262392941
0.05040000  4379.259105082353
0.05042000  4378.621947771765
0.05044000  4377.984790461176
0.05046000  4377.347633150588
0.05048000  4376.71047584
0.05050000  4376.073318529412
0.05052000  4375.436161218823
0.05054000  4374.799003908235
0.05056000  4374.161846597647
0.05058000  4373.524689287059
0.05060000  4372.88753197647
0.05062000  4372.250374665882
0.05064000  4371.613217355294
0.05066000  4370.976060044706
0.05068000  4370.338902734117
0.05070000  4369.701745423529
0.05072000  4369.064588112941
0.05074000  4368.427430802353
0.05076000  4367.790273491764
0.05078000  4367.153116181176
0.05080000  4366.515958870588
0.05082000  4365.87880156
0.05084000  4365.241644249411
0.05086000  4364.604486938823
0.05088000  4363.967329628235
0.05090000  4363.330172317647
0.05092000  4362.693015007058
0.05094000  4362.05585769647
0.05096000  4361.418700385882
0.05098000  4360.781543075294
0.05100000  4360.144385764706
0.05102000  4359.5072284541175
0.05104000  4358.8700711435295
0.05106000  4358.232913832941
0.05108000  4357.5957565223525
0.05110000  4356.9585992117645
0.05112000  4356.3214419011765
0.05114000  4355.6842845905885
0.05116000  4355.0471272800005
0.05118000  4354.409969969412
0.05120000  4353.772812658824
0.05122000  4353.135655348236
0.05124000  4352.498498037647
0.05126000  4351.861340727059
0.05128000  4351.224183416471
0.05130000  4350.587026105883
0.05132000  4349.949868795295
0.05134000  4349.312711484706
0.05136000  4348.675554174118
0.05138000  4348.03839686353
0.05140000  4347.401239552941
0.05142000  4346.764082242353
0.05144000  4346.126924931765
0.05146000  4345.489767621177
0.05148000  4344.852610310589
0.05150000  4344.215453
0.05152000  4343.578295689412
0.05154000  4342.941138378824
0.05156000  4342.303981068235
0.05158000  4341.666823757647
0.05160000  4341.029666447059
0.05162000  4340.392509136471
0.05164000  4339.755351825883
0.05166000  4339.118194515294
0.05168000  4338.481037204706
0.05170000  4337.843879894118
0.05172000  4337.20672258353
0.05174000  4336.569565272941
0.05176000  4335.932407962353
0.05178000  4335.295250651765
0.05180000  4334.658093341177
0.05182000  4334.020936030588
0.05184000  4333.38377872
0.05186000  4332.746621409412
0.05188000  4332.109464098824
0.05190000  4331.472306788235
0.05192000  4330.835149477647
0.05194000  4330.197992167059
0.05196000  4329.560834856471
0.05198000  4328.923677545882
0.05200000  4328.286520235294
0.05202000  4327.649362924706
0.05204000  4327.012205614118
0.05206000  4326.375048303529
0.05208000  4325.737890992941
0.05210000  4325.100733682353
0.05212000  4324.463576371765
0.05214000  4323.826419061176
0.05216000  4323.189261750588
0.05218000  4322.55210444
0.05220000  4321.914947129412
0.05222000  4321.277789818823
0.05224000  4320.640632508235
0.05226000  4320.003475197647
0.05228000  4319.366317887059
0.05230000  4318.72916057647
0.05232000  4318.092003265882
0.05234000  4317.454845955294
0.05236000  4316.817688644706
0.05238000  4316.180531334117
0.05240000  4315.543374023529
0.05242000  4314.906216712941
0.05244000  4314.269059402353
0.05246000  4313.6319020917645
0.05248000  4312.994744781176
0.05250000  4312.357587470588
0.05252000  4311.72043016
0.05254000  4311.0832728494115
0.05256000  4310.4461155388235
0.05258000  4309.8089582282355
0.05260000  4309.1718009176475
0.05262000  4308.534643607059
0.05264000  4307.897486296471
0.05266000  4307.260328985883
0.05268000  4306.6231716752945
0.05270000  4305.986014364706
0.05272000  4305.348857054118
0.05274000  4304.71169974353
0.05276000  4304.074542432942
0.05278000  4303.437385122353
0.05280000  4302.800227811765
0.05282000  4302.163070501177
0.05284000  4301.525913190589
0.05286000  4300.88875588
0.05288000  4300.251598569412
0.05290000  4299.614441258824
0.05292000  4298.977283948236
0.05294000  4298.340126637647
0.05296000  4297.702969327059
0.05298000  4297.065812016471
0.05300000  4296.428654705883
0.05302000  4295.791497395294
0.05304000  4295.154340084706
0.05306000  4294.517182774118
0.05308000  4293.88002546353
0.05310000  4293.242868152941
0.05312000  4292.605710842353
0.05314000  4291.968553531765
0.05316000  4291.331396221177
0.05318000  4290.694238910588
0.05320000  4290.0570816
0.05322000  4289.419924289412
0.05324000  4288.782766978824
0.05326000  4288.145609668235
0.05328000  4287.508452357647
0.05330000  4286.871295047059
0.05332000  4286.234137736471
0.05334000  4285.596980425882
0.05336000  4284.959823115294
0.05338000  4284.322665804706
0.05340000  4283.685508494118
0.05342000  4283.048351183529
0.05344000  4282.411193872941
0.05346000  4281.774036562353
0.05348000  4281.136879251765
0.05350000  4280.499721941176
0.05352000  4279.862564630588
0.05354000  4279.22540732
0.05356000  4278.588250009412
0.05358000  4277.951092698823
0.05360000  4277.313935388235
0.05362000  4276.676778077647
0.05364000  4276.039620767059
0.05366000  4275.40246345647
0.05368000  4274.765306145882
0.05370000  4274.128148835294
0.05372000  4273.490991524706
0.05374000  4272.853834214117
0.05376000  4272.216676903529
0.05378000  4271.579519592941
0.05380000  4270.942362282353
0.05382000  4270.305204971764
0.05384000  4269.668047661176
0.05386000  4269.030890350588
0.05388000  4268.39373304
0.05390000  4267.756575729411
0.05392000  4267.119418418823
0.05394000  4266.482261108235
0.05396000  4265.845103797647
0.05398000  4265.2079464870585
0.05400000  4264.5707891764705
0.05402000  4263.9336318658825
0.05404000  4263.2964745552945
0.05406000  4262.659317244706
0.05408000  4262.022159934118
0.05410000  4261.3850026235295
0.05412000  4260.7478453129415
0.05414000  4260.110688002353
0.05416000  4259.473530691765
0.05418000  4258.836373381177
0.05420000  4258.199216070589
0.05422000  4257.56205876
0.05424000  4256.924901449412
0.05426000  4256.287744138824
0.05428000  4255.650586828236
0.05430000  4255.013429517647
0.05432000  4254.376272207059
0.05434000  4253.739114896471
0.05436000  4253.101957585883
0.05438000  4252.464800275294
0.05440000  4251.827642964706
0.05442000  4251.190485654118
0.05444000  4250.55332834353
0.05446000  4249.916171032941
0.05448000  4249.279013722353
0.05450000  4248.641856411765
0.05452000  4248.004699101177
0.05454000  4247.367541790588
0.05456000  4246.73038448
0.05458000  4246.093227169412
0.05460000  4245.456069858824
0.05462000  4244.818912548235
0.05464000  4244.181755237647
0.05466000  4243.544597927059
0.05468000  4242.907440616471
0.05470000  4242.270283305882
0.05472000  4241.633125995294
0.05474000  4240.995968684706
0.05476000  4240.358811374118
0.05478000  4239.721654063529
0.05480000  4239.084496752941
0.05482000  4238.447339442353
0.05484000  4237.810182131765
0.05486000  4237.173024821177
0.05488000  4236.535867510588
0.05490000  4235.8987102
0.05492000  4235.261552889412
0.05494000  4234.624395578823
0.05496000  4233.987238268235
0.05498000  4233.350080957647
0.05500000  4232.712923647059
0.05502000  4232.075766336471
0.05504000  4231.438609025882
0.05506000  4230.801451715294
0.05508000  4230.164294404706
0.05510000  4229.527137094117
0.05512000  4228.889979783529
0.05514000  4228.252822472941
0.05516000  4227.615665162353
0.05518000  4226.978507851765
0.05520000  4226.341350541176
0.05522000  4225.704193230588
0.05524000  4225.06703592
0.05526000  4224.429878609411
0.05528000  4223.792721298823
0.05530000  4223.155563988235
0.05532000  4222.518406677647
0.05534000  4221.881249367059
0.05536000  4221.24409205647
0.05538000  4220.606934745882
0.05540000  4219.969777435294
0.05542000  4219.3326201247055
0.05544000  4218.6954628141175
0.05546000  4218.0583055035295
0.05548000  4217.4211481929415
0.05550000  4216.7839908823535
0.05552000  4216.146833571765
0.05554000  4215.5096762611765
0.05556000  4214.8725189505885
0.05558000  4214.23536164
0.05560000  4213.598204329412
0.05562000  4212.961047018824
0.05564000  4212.323889708236
0.05566000  4211.686732397648
0.05568000  4211.049575087059
0.05570000  4210.412417776471
0.05572000  4209.775260465883
0.05574000  4209.138103155294
0.05576000  4208.500945844706
0.05578000  4207.863788534118
0.05580000  4207.22663122353
0.05582000  4206.589473912942
0.05584000  4205.952316602353
0.05586000  4205.315159291765
0.05588000  4204.678001981177
0.05590000  4204.040844670589
0.05592000  4203.40368736
0.05594000  4202.766530049412
0.05596000  4202.129372738824
0.05598000  4201.492215428236
0.05600000  4200.855058117647
0.05602000  4200.217900807059
0.05604000  4199.580743496471
0.05606000  4198.943586185883
0.05608000  4198.306428875294
0.05610000  4197.669271564706
0.05612000  4197.032114254118
0.05614000  4196.39495694353
0.05616000  4195.757799632941
0.05618000  4195.120642322353
0.05620000  4194.483485011765
0.05622000  4193.846327701177
0.05624000  4193.209170390588
0.05626000  4192.57201308
0.05628000  4191.934855769412
0.05630000  4191.297698458824
0.05632000  4190.660541148235
0.05634000  4190.023383837647
0.05636000  4189.386226527059
0.05638000  4188.749069216471
0.05640000  4188.111911905882
0.05642000  4187.474754595294
0.05644000  4186.837597284706
0.05646000  4186.200439974118
0.05648000  4185.563282663529
0.05650000  4184.926125352941
0.05652000  4184.288968042353
0.05654000  4183.651810731765
0.05656000  4183.014653421176
0.05658000  4182.377496110588
0.05660000  4181.7403388
0.05662000  4181.103181489412
0.05664000  4180.466024178823
0.05666000  4179.828866868235
0.05668000  4179.191709557647
0.05670000  4178.554552247059
0.05672000  4177.91739493647
0.05674000  4177.280237625882
0.05676000  4176.643080315294
0.05678000  4176.005923004706
0.05680000  4175.368765694117
0.05682000  4174.731608383529
0.05684000  4174.094451072941
0.05686000  4173.457293762353
0.05688000  4172.8201364517645
0.05690000  4172.1829791411765
0.05692000  4171.5458218305885
0.05694000  4170.9086645200005
0.05696000  4170.2715072094115
0.05698000  4169.6343498988235
0.05700000  4168.9971925882355
0.05702000  4168.3600352776475
0.05704000  4167.722877967059
0.05706000  4167.085720656471
0.05708000  4166.448563345883
0.05710000  4165.811406035295
0.05712000  4165.174248724706
0.05714000  4164.537091414118
0.05716000  4163.89993410353
0.05718000  4163.262776792942
0.05720000  4162.625619482353
0.05722000  4161.988462171765
0.05724000  4161.351304861177
0.05726000  4160.714147550589
0.05728000  4160.07699024
0.05730000  4159.439832929412
0.05732000  4158.802675618824
0.05734000  4158.165518308236
0.05736000  4157.528360997647
0.05738000  4156.891203687059
0.05740000  4156.254046376471
0.05742000  4155.616889065883
0.05744000  4154.979731755294
0.05746000  4154.342574444706
0.05748000  4153.705417134118
0.05750000  4153.06825982353
0.05752000  4152.431102512941
0.05754000  4151.793945202353
0.05756000  4151.156787891765
0.05758000  4150.519630581177
0.05760000  4149.882473270588
0.05762000  4149.24531596
0.05764000  4148.608158649412
0.05766000  4147.971001338824
0.05768000  4147.333844028235
0.05770000  4146.696686717647
0.05772000  4146.059529407059
0.05774000  4145.422372096471
0.05776000  4144.785214785882
0.05778000  4144.148057475294
0.05780000  4143.510900164706
0.05782000  4142.873742854118
0.05784000  4142.236585543529
0.05786000  4141.599428232941
0.05788000  4140.962270922353
0.05790000  4140.325113611765
0.05792000  4139.687956301176
0.05794000  4139.050798990588
0.05796000  4138.41364168
0.05798000  4137.776484369412
0.05800000  4137.139327058823
0.05802000  4136.502169748235
0.05804000  4135.865012437647
0.05806000  4135.227855127059
0.05808000  4134.59069781647
0.05810000  4133.953540505882
0.05812000  4133.316383195294
0.05814000  4132.679225884706
0.05816000  4132.042068574117
0.05818000  4131.404911263529
0.05820000  4130.767753952941
0.05822000  4130.130596642353
0.05824000  4129.493439331764
0.05826000  4128.856282021176
0.05828000  4128.219124710588
0.05830000  4127.5819674
0.05832000  4126.9448100894115
0.05834000  4126.3076527788235
0.05836000  4125.6704954682355
0.05838000  4125.033338157647
0.05840000  4124.3961808470585
0.05842000  4123.7590235364705
0.05844000  4123.1218662258825
0.05846000  4122.4847089152945
0.05848000  4121.847551604706
0.05850000  4121.210394294118
0.05852000  4120.57323698353
0.05854000  4119.936079672942
0.05856000  4119.298922362353
0.05858000  4118.661765051765
0.05860000  4118.024607741177
0.05862000  4117.387450430589
0.05864000  4116.75029312
0.05866000  4116.113135809412
0.05868000  4115.475978498824
0.05870000  4114.838821188236
0.05872000  4114.201663877647
0.05874000  4113.564506567059
0.05876000  4112.927349256471
0.05878000  4112.290191945883
0.05880000  4111.653034635294
0.05882000  4111.015877324706
0.05884000  4110.378720014118
0.05886000  4109.74156270353
0.05888000  4109.104405392942
0.05890000  4108.467248082353
0.05892000  4107.830090771765
0.05894000  4107.192933461177
0.05896000  4106.555776150588
0.05898000  4105.91861884
0.05900000  4105.281461529412
0.05902000  4104.644304218824
0.05904000  4104.007146908236
0.05906000  4103.369989597647
0.05908000  4102.732832287059
0.05910000  4102.095674976471
0.05912000  4101.458517665882
0.05914000  4100.821360355294
0.05916000  4100.184203044706
0.05918000  4099.547045734118
0.05920000  4098.90988842353
0.05922000  4098.272731112941
0.05924000  4097.635573802353
0.05926000  4096.998416491765
0.05928000  4096.361259181176
0.05930000  4095.724101870588
0.05932000  4095.08694456
0.05934000  4094.449787249412
0.05936000  4093.8126299388236
0.05938000  4093.175472628235
0.05940000  4092.538315317647
0.05942000  4091.901158007059
0.05944000  4091.2640006964707
0.05946000  4090.6268433858822
0.05948000  4089.9896860752942
0.05950000  4089.352528764706
0.05952000  4088.7153714541178
0.05954000  4088.0782141435293
0.05956000  4087.4410568329413
0.05958000  4086.8038995223533
0.05960000  4086.166742211765
0.05962000  4085.5295849011763
0.05964000  4084.8924275905883
0.05966000  4084.2552702800003
0.05968000  4083.618112969412
0.05970000  4082.9809556588234
0.05972000  4082.3437983482354
0.05974000  4081.7066410376474
0.05976000  4081.069483727059
0.05978000  4080.4323264164705
0.05980000  4079.7951691058825
0.05982000  4079.1580117952944
0.05984000  4078.520854484706
0.05986000  4077.8836971741175
0.05988000  4077.2465398635295
0.05990000  4076.6093825529415
0.05992000  4075.972225242353
0.05994000  4075.3350679317646
0.05996000  4074.6979106211766
0.05998000  4074.0607533105886
0.06000000  4073.423596
0.06002000  4068.913832
0.06004000  4064.750629
0.06006000  4060.912757
0.06008000  4057.358831
0.06010000  4053.840166
0.06012000  4049.636746
0.06014000  4043.999536
0.06016000  4036.408685
0.06018000  4026.271967
0.06020000  4012.929879
0.06022000  3994.792536
0.06024000  3967.084185
0.06026000  3923.969134
0.06028000  3858.139078
0.06030000  3759.382375
0.06032000  3613.875974
0.06034000  3405.254369
0.06036000  3119.946885
0.06038000  2765.600314
0.06040000  2387.533387
0.06042000  2020.336553
0.06044000  1660.931024
0.06046000  1285.311424
0.06048000  887.361708
0.06050000  535.14252
0.06052000  314.290749
0.06054000  201.938202
0.06056000  154.049967
0.06058000  144.01194
0.06060000  170.928145
0.06062000  257.99113
0.06064000  458.768477
0.06066000  838.619251
0.06068000  1388.75617
0.06070000  2013.381687
0.06072000  2611.94225
0.06074000  3125.584756
0.06076000  3536.438425
0.06078000  3849.742568
0.06080000  4078.948223
0.06082000  4241.470161
0.06084000  4354.877394
0.06086000  4433.798703
0.06088000  4488.978617
0.06090000  4527.839122
0.06092000  4555.408981
0.06094000  4575.092323
0.06096000  4589.198354
0.06098000  4599.339449
0.06100000  4606.633365
0.06102000  4611.869031
0.06104000  4615.612043
0.06106000  4618.264344
0.06108000  4620.119638
0.06110000  4621.391437
0.06112000  4622.242747
0.06114000  4622.788204
0.06116000  4623.108047
0.06118000  4623.264061
0.06120000  4623.297304
0.06122000  4623.241046
0.06124000  4623.123395
0.06126000  4622.957105
0.06128000  4622.757489
0.06130000  4622.537312
0.06132000  4622.306797
0.06134000  4622.071056
0.06136000  4621.837775
0.06138000  4621.617217
0.06140000  4621.406834
0.06142000  4621.214337
0.06144000  4621.032043
0.06146000  4620.859962
0.06148000  4620.698103
0.06150000  4620.546478
0.06152000  4620.402522
0.06154000  4620.268814
0.06156000  4620.140217
0.06158000  4620.016735
0.06160000  4619.898371
0.06162000  4619.782555
0.06164000  4619.671863
0.06166000  4619.566298
0.06168000  4619.460713
0.06170000  4619.355107
0.06172000  4619.254632
0.06174000  4619.156717
0.06176000  4619.058783
0.06178000  4618.960831
0.06180000  4618.86544
0.06182000  4618.772611
0.06184000  4618.679765
0.06186000  4618.589484
0.06188000  4618.499187
0.06190000  4618.408875
0.06192000  4618.321129
0.06194000  4618.235949
0.06196000  4618.150757
0.06198000  4618.065551
0.06200000  4617.982914
0.06202000  4617.900264
0.06204000  4617.817602
0.06206000  4617.73751
0.06208000  4617.659991
0.06210000  4617.582461
0.06212000  4617.50492
0.06214000  4617.427367
0.06216000  4617.352389
0.06218000  4617.279987
0.06220000  4617.207575
0.06222000  4617.135153
0.06224000  4617.062721
0.06226000  4616.992867
0.06228000  4616.925591
0.06230000  4616.85572
0.06232000  4616.788427
0.06234000  4616.723715
0.06236000  4616.658995
0.06238000  4616.594267
0.06240000  4616.529532
0.06242000  4616.467378
0.06244000  4616.405218
0.06246000  4616.34564
0.06248000  4616.286057
0.06250000  4616.226466
0.06252000  4616.169461
0.06254000  4616.112449
0.06256000  4616.055431
0.06258000  4615.998408
0.06260000  4615.94397
0.06262000  4615.889527
0.06264000  4615.837672
0.06266000  4615.785812
0.06268000  4615.733946
0.06270000  4615.682076
0.06272000  4615.632795
0.06274000  4615.583509
0.06276000  4615.534218
0.06278000  4615.487518
0.06280000  4615.440814
0.06282000  4615.394106
0.06284000  4615.349988
0.06286000  4615.303272
0.06288000  4615.259148
0.06290000  4615.21502
0.06292000  4615.173484
0.06294000  4615.131945
0.06296000  4615.090403
0.06298000  4615.048858
0.06300000  4615.00731
