0.00000000  4073.394485
0.00002000  4068.879758
0.00004000  4064.721335
0.00006000  4060.883382
0.00008000  4057.324473
0.00010000  4053.810642
0.00012000  4049.607135
0.00014000  4043.964853
0.00016000  4036.373817
0.00018000  4026.236856
0.00020000  4012.89445
0.00022000  3994.756679
0.00024000  3967.047683
0.00026000  3923.9263
0.00028000  3858.06125
0.00030000  3759.218641
0.00032000  3613.477146
0.00034000  3404.323536
0.00036000  3117.925276
0.00038000  2761.704777
0.00040000  2380.914883
0.00042000  2010.174002
0.00044000  1646.806454
0.00046000  1268.326298
0.00048000  870.193976
0.00050000  520.502298
0.00052000  302.180162
0.00054000  191.018827
0.00056000  142.601023
0.00058000  130.067688
0.00060000  150.149777
0.00062000  220.094847
0.00064000  382.018028
0.00066000  691.907199
0.00068000  1157.634373
0.00070000  1719.765209
0.00072000  2297.990522
0.00074000  2828.144153
0.00076000  3277.379923
0.00078000  3636.547828
0.00080000  3909.045793
0.00082000  4107.618528
0.00084000  4249.144596
0.00086000  4349.390416
0.00088000  4420.646375
0.00090000  4471.672153
0.00092000  4508.528407
0.00094000  4535.358028
0.00096000  4555.008763
0.00098000  4569.479441
0.00100000  4580.172112
0.00102000  4588.084891
0.00104000  4593.938284
0.00106000  4598.259059
0.00108000  4601.430133
0.00110000  4603.743688
0.00112000  4605.419051
0.00114000  4606.612269
0.00116000  4607.444939
0.00118000  4608.002862
0.00120000  4608.352591
0.00122000  4608.544453
0.00124000  4608.620654
0.00126000  4608.604889
0.00128000  4608.526058
0.00130000  4608.399906
0.00132000  4608.242174
0.00134000  4608.065987
0.00136000  4607.884482
0.00138000  4607.705548
0.00140000  4607.534455
0.00142000  4607.376475
0.00144000  4607.228987
0.00146000  4607.091998
0.00148000  4606.962881
0.00150000  4606.844278
0.00152000  4606.736195
0.00154000  4606.636002
0.00156000  4606.541065
0.00158000  4606.454025
0.00160000  4606.374886
0.00162000  4606.298375
0.00164000  4606.224491
0.00166000  4606.155877
0.00168000  4606.089893
0.00170000  4606.026541
0.00172000  4605.963182
0.00174000  4605.902456
0.00176000  4605.844364
0.00178000  4605.788907
0.00180000  4605.733444
0.00182000  4605.677976
0.00184000  4605.625144
0.00186000  4605.574949
0.00188000  4605.522107
0.00190000  4605.471902
0.00192000  4605.424336
0.00194000  4605.376766
0.00196000  4605.329191
0.00198000  4605.284256
0.00200000  4605.239317
0.00202000  4605.194375
0.00204000  4605.152073
0.00206000  4605.109767
0.00208000  4605.067459
0.00210000  4605.027791
0.00212000  4604.988121
0.00214000  4604.948448
0.00216000  4604.911418
0.00218000  4604.874385
0.00220000  4604.837349
0.00222000  4604.802957
0.00224000  4604.768562
0.00226000  4604.734166
0.00228000  4604.699767
0.00230000  4604.668012
0.00232000  4604.636256
0.00234000  4604.604498
0.00236000  4604.575384
0.00238000  4604.546269
0.00240000  4604.517153
0.00242000  4604.488035
0.00244000  4604.461563
0.00246000  4604.43509
0.00248000  4604.408615
0.00250000  4604.384787
0.00252000  4604.360957
0.00254000  4604.337127
0.00256000  4604.313296
0.00258000  4604.292112
0.00260000  4604.268278
0.00262000  4604.247092
0.00264000  4604.228554
0.00266000  4604.207366
0.00268000  4604.188827
0.00270000  4604.170286
0.00272000  4604.151745
0.00274000  4604.133204
0.00276000  4604.11731
0.00278000  4604.101417
0.00280000  4604.085523
0.00282000  4604.069628
0.00284000  4604.053733
0.00286000  4604.040487
0.00288000  4604.02724
0.00290000  4604.013993
0.00292000  4604.000746
0.00294000  4603.987498
0.00296000  4603.9769
0.00298000  4603.966302
0.00300000  4603.953053
0.00302000  4603.328866449412
0.00304000  4602.704679898824
0.00306000  4602.080493348236
0.00308000  4601.456306797647
0.00310000  4600.832120247059
0.00312000  4600.207933696471
0.00314000  4599.583747145883
0.00316000  4598.9595605952945
0.00318000  4598.335374044706
0.00320000  4597.711187494117
0.00322000  4597.087000943529
0.00324000  4596.462814392941
0.00326000  4595.838627842353
0.00328000  4595.214441291765
0.00330000  4594.590254741177
0.00332000  4593.966068190588
0.00334000  4593.34188164
0.00336000  4592.717695089412
0.00338000  4592.093508538824
0.00340000  4591.469321988236
0.00342000  4590.8451354376475
0.00344000  4590.220948887059
0.00346000  4589.59676233647
0.00348000  4588.972575785882
0.00350000  4588.348389235294
0.00352000  4587.724202684706
0.00354000  4587.100016134118
0.00356000  4586.47582958353
0.00358000  4585.851643032941
0.00360000  4585.227456482353
0.00362000  4584.603269931765
0.00364000  4583.979083381177
0.00366000  4583.354896830589
0.00368000  4582.7307102800005
0.00370000  4582.1065237294115
0.00372000  4581.482337178823
0.00374000  4580.858150628235
0.00376000  4580.233964077647
0.00378000  4579.609777527059
0.00380000  4578.985590976471
0.00382000  4578.361404425883
0.00384000  4577.737217875294
0.00386000  4577.113031324706
0.00388000  4576.488844774118
0.00390000  4575.86465822353
0.00392000  4575.240471672942
0.00394000  4574.6162851223535
0.00396000  4573.9920985717645
0.00398000  4573.367912021176
0.00400000  4572.743725470588
0.00402000  4572.11953892
0.00404000  4571.495352369412
0.00406000  4570.871165818824
0.00408000  4570.246979268235
0.00410000  4569.622792717647
0.00412000  4568.998606167059
0.00414000  4568.374419616471
0.00416000  4567.750233065883
0.00418000  4567.126046515295
0.00420000  4566.5018599647065
0.00422000  4565.877673414117
0.00424000  4565.253486863529
0.00426000  4564.629300312941
0.00428000  4564.005113762353
0.00430000  4563.380927211765
0.00432000  4562.756740661177
0.00434000  4562.132554110588
0.00436000  4561.50836756
0.00438000  4560.884181009412
0.00440000  4560.259994458824
0.00442000  4559.635807908236
0.00444000  4559.0116213576475
0.00446000  4558.3874348070585
0.00448000  4557.76324825647
0.00450000  4557.139061705882
0.00452000  4556.514875155294
0.00454000  4555.890688604706
0.00456000  4555.266502054118
0.00458000  4554.64231550353
0.00460000  4554.018128952941
0.00462000  4553.393942402353
0.00464000  4552.769755851765
0.00466000  4552.145569301177
0.00468000  4551.521382750589
0.00470000  4550.8971962000005
0.00472000  4550.2730096494115
0.00474000  4549.648823098823
0.00476000  4549.024636548235
0.00478000  4548.400449997647
0.00480000  4547.776263447059
0.00482000  4547.152076896471
0.00484000  4546.527890345882
0.00486000  4545.903703795294
0.00488000  4545.279517244706
0.00490000  4544.655330694118
0.00492000  4544.03114414353
0.00494000  4543.406957592942
0.00496000  4542.7827710423535
0.00498000  4542.1585844917645
0.00500000  4541.534397941176
0.00502000  4540.910211390588
0.00504000  4540.28602484
0.00506000  4539.661838289412
0.00508000  4539.037651738824
0.00510000  4538.413465188235
0.00512000  4537.789278637647
0.00514000  4537.165092087059
0.00516000  4536.540905536471
0.00518000  4535.916718985883
0.00520000  4535.292532435295
0.00522000  4534.668345884706
0.00524000  4534.0441593341175
0.00526000  4533.419972783529
0.00528000  4532.795786232941
0.00530000  4532.171599682353
0.00532000  4531.547413131765
0.00534000  4530.923226581177
0.00536000  4530.299040030588
0.00538000  4529.67485348
0.00540000  4529.050666929412
0.00542000  4528.426480378824
0.00544000  4527.802293828236
0.00546000  4527.1781072776475
0.00548000  4526.5539207270585
0.00550000  4525.92973417647
0.00552000  4525.305547625882
0.00554000  4524.681361075294
0.00556000  4524.057174524706
0.00558000  4523.432987974118
0.00560000  4522.80880142353
0.00562000  4522.184614872941
0.00564000  4521.560428322353
0.00566000  4520.936241771765
0.00568000  4520.312055221177
0.00570000  4519.687868670589
0.00572000  4519.0636821200005
0.00574000  4518.4394955694115
0.00576000  4517.815309018823
0.00578000  4517.191122468235
0.00580000  4516.566935917647
0.00582000  4515.942749367059
0.00584000  4515.318562816471
0.00586000  4514.694376265882
0.00588000  4514.070189715294
0.00590000  4513.446003164706
0.00592000  4512.821816614118
0.00594000  4512.19763006353
0.00596000  4511.573443512942
0.00598000  4510.9492569623535
0.00600000  4510.3250704117645
0.00602000  4509.700883861176
0.00604000  4509.076697310588
0.00606000  4508.45251076
0.00608000  4507.828324209412
0.00610000  4507.204137658824
0.00612000  4506.579951108235
0.00614000  4505.955764557647
0.00616000  4505.331578007059
0.00618000  4504.707391456471
0.00620000  4504.083204905883
0.00622000  4503.459018355295
0.00624000  4502.834831804706
0.00626000  4502.2106452541175
0.00628000  4501.586458703529
0.00630000  4500.962272152941
0.00632000  4500.338085602353
0.00634000  4499.713899051765
0.00636000  4499.089712501177
0.00638000  4498.465525950588
0.00640000  4497.8413394
0.00642000  4497.217152849412
0.00644000  4496.592966298824
0.00646000  4495.968779748236
0.00648000  4495.344593197648
0.00650000  4494.720406647059
0.00652000  4494.0962200964705
0.00654000  4493.472033545882
0.00656000  4492.847846995294
0.00658000  4492.223660444706
0.00660000  4491.599473894118
0.00662000  4490.975287343529
0.00664000  4490.351100792941
0.00666000  4489.726914242353
0.00668000  4489.102727691765
0.00670000  4488.478541141177
0.00672000  4487.854354590589
0.00674000  4487.2301680400005
0.00676000  4486.6059814894115
0.00678000  4485.981794938823
0.00680000  4485.357608388235
0.00682000  4484.733421837647
0.00684000  4484.109235287059
0.00686000  4483.485048736471
0.00688000  4482.860862185882
0.00690000  4482.236675635294
0.00692000  4481.612489084706
0.00694000  4480.988302534118
0.00696000  4480.36411598353
0.00698000  4479.739929432942
0.00700000  4479.115742882353
0.00702000  4478.4915563317645
0.00704000  4477.867369781176
0.00706000  4477.243183230588
0.00708000  4476.61899668
0.00710000  4475.994810129412
0.00712000  4475.370623578824
0.00714000  4474.746437028235
0.00716000  4474.122250477647
0.00718000  4473.498063927059
0.00720000  4472.873877376471
0.00722000  4472.249690825883
0.00724000  4471.625504275295
0.00726000  4471.001317724706
0.00728000  4470.3771311741175
0.00730000  4469.752944623529
0.00732000  4469.128758072941
0.00734000  4468.504571522353
0.00736000  4467.880384971765
0.00738000  4467.256198421177
0.00740000  4466.632011870588
0.00742000  4466.00782532
0.00744000  4465.383638769412
0.00746000  4464.759452218824
0.00748000  4464.135265668236
0.00750000  4463.511079117648
0.00752000  4462.886892567059
0.00754000  4462.2627060164705
0.00756000  4461.638519465882
0.00758000  4461.014332915294
0.00760000  4460.390146364706
0.00762000  4459.765959814118
0.00764000  4459.141773263529
0.00766000  4458.517586712941
0.00768000  4457.893400162353
0.00770000  4457.269213611765
0.00772000  4456.645027061177
0.00774000  4456.020840510589
0.00776000  4455.396653960001
0.00778000  4454.772467409412
0.00780000  4454.1482808588235
0.00782000  4453.524094308235
0.00784000  4452.899907757647
0.00786000  4452.275721207059
0.00788000  4451.651534656471
0.00790000  4451.027348105882
0.00792000  4450.403161555294
0.00794000  4449.778975004706
0.00796000  4449.154788454118
0.00798000  4448.53060190353
0.00800000  4447.906415352942
0.00802000  4447.282228802353
0.00804000  4446.6580422517645
0.00806000  4446.033855701176
0.00808000  4445.409669150588
0.00810000  4444.7854826
0.00812000  4444.161296049412
0.00814000  4443.537109498824
0.00816000  4442.912922948235
0.00818000  4442.288736397647
0.00820000  4441.664549847059
0.00822000  4441.040363296471
0.00824000  4440.416176745883
0.00826000  4439.791990195295
0.00828000  4439.167803644706
0.00830000  4438.5436170941175
0.00832000  4437.919430543529
0.00834000  4437.295243992941
0.00836000  4436.671057442353
0.00838000  4436.046870891765
0.00840000  4435.422684341176
0.00842000  4434.798497790588
0.00844000  4434.17431124
0.00846000  4433.550124689412
0.00848000  4432.925938138824
0.00850000  4432.301751588236
0.00852000  4431.677565037648
0.00854000  4431.053378487059
0.00856000  4430.4291919364705
0.00858000  4429.805005385882
0.00860000  4429.180818835294
0.00862000  4428.556632284706
0.00864000  4427.932445734118
0.00866000  4427.308259183529
0.00868000  4426.684072632941
0.00870000  4426.059886082353
0.00872000  4425.435699531765
0.00874000  4424.811512981177
0.00876000  4424.187326430589
0.00878000  4423.56313988
0.00880000  4422.938953329412
0.00882000  4422.3147667788235
0.00884000  4421.690580228235
0.00886000  4421.066393677647
0.00888000  4420.442207127059
0.00890000  4419.818020576471
0.00892000  4419.193834025882
0.00894000  4418.569647475294
0.00896000  4417.945460924706
0.00898000  4417.321274374118
0.00900000  4416.69708782353
0.00902000  4416.072901272942
0.00904000  4415.448714722353
0.00906000  4414.8245281717645
0.00908000  4414.200341621176
0.00910000  4413.576155070588
0.00912000  4412.95196852
0.00914000  4412.327781969412
0.00916000  4411.703595418823
0.00918000  4411.079408868235
0.00920000  4410.455222317647
0.00922000  4409.831035767059
0.00924000  4409.206849216471
0.00926000  4408.582662665883
0.00928000  4407.958476115295
0.00930000  4407.334289564706
0.00932000  4406.7101030141175
0.00934000  4406.085916463529
0.00936000  4405.461729912941
0.00938000  4404.837543362353
0.00940000  4404.213356811765
0.00942000  4403.589170261176
0.00944000  4402.964983710588
0.00946000  4402.34079716
0.00948000  4401.716610609412
0.00950000  4401.092424058824
0.00952000  4400.468237508236
0.00954000  4399.844050957647
0.00956000  4399.219864407059
0.00958000  4398.5956778564705
0.00960000  4397.971491305882
0.00962000  4397.347304755294
0.00964000  4396.723118204706
0.00966000  4396.098931654118
0.00968000  4395.474745103529
0.00970000  4394.850558552941
0.00972000  4394.226372002353
0.00974000  4393.602185451765
0.00976000  4392.977998901177
0.00978000  4392.353812350589
0.00980000  4391.7296258
0.00982000  4391.105439249412
0.00984000  4390.4812526988235
0.00986000  4389.857066148235
0.00988000  4389.232879597647
0.00990000  4388.608693047059
0.00992000  4387.98450649647
0.00994000  4387.360319945882
0.00996000  4386.736133395294
0.00998000  4386.111946844706
0.01000000  4385.487760294118
0.01002000  4384.86357374353
0.01004000  4384.239387192942
0.01006000  4383.615200642353
0.01008000  4382.991014091765
0.01010000  4382.3668275411765
0.01012000  4381.742640990588
0.01014000  4381.11845444
0.01016000  4380.494267889412
0.01018000  4379.870081338823
0.01020000  4379.245894788235
0.01022000  4378.621708237647
0.01024000  4377.997521687059
0.01026000  4377.373335136471
0.01028000  4376.749148585883
0.01030000  4376.124962035294
0.01032000  4375.500775484706
0.01034000  4374.8765889341175
0.01036000  4374.252402383529
0.01038000  4373.628215832941
0.01040000  4373.004029282353
0.01042000  4372.379842731765
0.01044000  4371.755656181176
0.01046000  4371.131469630588
0.01048000  4370.50728308
0.01050000  4369.883096529412
0.01052000  4369.258909978824
0.01054000  4368.634723428236
0.01056000  4368.010536877647
0.01058000  4367.386350327059
0.01060000  4366.7621637764705
0.01062000  4366.137977225882
0.01064000  4365.513790675294
0.01066000  4364.889604124706
0.01068000  4364.265417574117
0.01070000  4363.641231023529
0.01072000  4363.017044472941
0.01074000  4362.392857922353
0.01076000  4361.768671371765
0.01078000  4361.144484821177
0.01080000  4360.520298270589
0.01082000  4359.89611172
0.01084000  4359.271925169412
0.01086000  4358.6477386188235
0.01088000  4358.023552068235
0.01090000  4357.399365517647
0.01092000  4356.775178967059
0.01094000  4356.15099241647
0.01096000  4355.526805865882
0.01098000  4354.902619315294
0.01100000  4354.278432764706
0.01102000  4353.654246214118
0.01104000  4353.03005966353
0.01106000  4352.405873112941
0.01108000  4351.781686562353
0.01110000  4351.157500011765
0.01112000  4350.5333134611765
0.01114000  4349.909126910588
0.01116000  4349.28494036
0.01118000  4348.660753809412
0.01120000  4348.036567258823
0.01122000  4347.412380708235
0.01124000  4346.788194157647
0.01126000  4346.164007607059
0.01128000  4345.539821056471
0.01130000  4344.915634505883
0.01132000  4344.291447955294
0.01134000  4343.667261404706
0.01136000  4343.043074854118
0.01138000  4342.4188883035295
0.01140000  4341.794701752941
0.01142000  4341.170515202353
0.01144000  4340.546328651764
0.01146000  4339.922142101176
0.01148000  4339.297955550588
0.01150000  4338.673769
0.01152000  4338.049582449412
0.01154000  4337.425395898824
0.01156000  4336.801209348236
0.01158000  4336.177022797647
0.01160000  4335.552836247059
0.01162000  4334.9286496964705
0.01164000  4334.304463145882
0.01166000  4333.680276595294
0.01168000  4333.056090044706
0.01170000  4332.431903494117
0.01172000  4331.807716943529
0.01174000  4331.183530392941
0.01176000  4330.559343842353
0.01178000  4329.935157291765
0.01180000  4329.310970741177
0.01182000  4328.686784190588
0.01184000  4328.06259764
0.01186000  4327.438411089412
0.01188000  4326.8142245388235
0.01190000  4326.190037988235
0.01192000  4325.565851437647
0.01194000  4324.941664887059
0.01196000  4324.31747833647
0.01198000  4323.693291785882
0.01200000  4323.069105235294
0.01202000  4322.444918684706
0.01204000  4321.820732134118
0.01206000  4321.19654558353
0.01208000  4320.572359032941
0.01210000  4319.948172482353
0.01212000  4319.323985931765
0.01214000  4318.6997993811765
0.01216000  4318.075612830588
0.01218000  4317.45142628
0.01220000  4316.827239729411
0.01222000  4316.203053178823
0.01224000  4315.578866628235
0.01226000  4314.954680077647
0.01228000  4314.330493527059
0.01230000  4313.706306976471
0.01232000  4313.082120425883
0.01234000  4312.457933875294
0.01236000  4311.833747324706
0.01238000  4311.209560774118
0.01240000  4310.5853742235295
0.01242000  4309.961187672941
0.01244000  4309.337001122353
0.01246000  4308.712814571764
0.01248000  4308.088628021176
0.01250000  4307.464441470588
0.01252000  4306.84025492
0.01254000  4306.216068369412
0.01256000  4305.591881818824
0.01258000  4304.967695268235
0.01260000  4304.343508717647
0.01262000  4303.719322167059
0.01264000  4303.0951356164705
0.01266000  4302.470949065882
0.01268000  4301.846762515294
0.01270000  4301.222575964706
0.01272000  4300.598389414117
0.01274000  4299.974202863529
0.01276000  4299.350016312941
0.01278000  4298.725829762353
0.01280000  4298.101643211765
0.01282000  4297.477456661177
0.01284000  4296.853270110588
0.01286000  4296.22908356
0.01288000  4295.604897009412
0.01290000  4294.9807104588235
0.01292000  4294.356523908235
0.01294000  4293.732337357647
0.01296000  4293.108150807058
0.01298000  4292.48396425647
0.01300000  4291.859777705882
0.01302000  4291.235591155294
0.01304000  4290.611404604706
0.01306000  4289.987218054118
0.01308000  4289.36303150353
0.01310000  4288.738844952941
0.01312000  4288.114658402353
0.01314000  4287.490471851765
0.01316000  4286.8662853011765
0.01318000  4286.242098750588
0.01320000  4285.6179122
0.01322000  4284.993725649412
0.01324000  4284.369539098823
0.01326000  4283.745352548235
0.01328000  4283.121165997647
0.01330000  4282.496979447059
0.01332000  4281.872792896471
0.01334000  4281.248606345882
0.01336000  4280.624419795294
0.01338000  4280.000233244706
0.01340000  4279.376046694118
0.01342000  4278.7518601435295
0.01344000  4278.127673592941
0.01346000  4277.503487042353
0.01348000  4276.879300491764
0.01350000  4276.255113941176
0.01352000  4275.630927390588
0.01354000  4275.00674084
0.01356000  4274.382554289412
0.01358000  4273.758367738824
0.01360000  4273.134181188236
0.01362000  4272.509994637647
0.01364000  4271.885808087059
0.01366000  4271.261621536471
0.01368000  4270.6374349858825
0.01370000  4270.013248435294
0.01372000  4269.389061884705
0.01374000  4268.764875334117
0.01376000  4268.140688783529
0.01378000  4267.516502232941
0.01380000  4266.892315682353
0.01382000  4266.268129131765
0.01384000  4265.643942581177
0.01386000  4265.019756030588
0.01388000  4264.39556948
0.01390000  4263.771382929412
0.01392000  4263.1471963788235
0.01394000  4262.523009828235
0.01396000  4261.898823277647
0.01398000  4261.274636727059
0.01400000  4260.65045017647
0.01402000  4260.026263625882
0.01404000  4259.402077075294
0.01406000  4258.777890524706
0.01408000  4258.153703974118
0.01410000  4257.52951742353
0.01412000  4256.905330872941
0.01414000  4256.281144322353
0.01416000  4255.656957771765
0.01418000  4255.0327712211765
0.01420000  4254.408584670588
0.01422000  4253.78439812
0.01424000  4253.160211569411
0.01426000  4252.536025018823
0.01428000  4251.911838468235
0.01430000  4251.287651917647
0.01432000  4250.663465367059
0.01434000  4250.039278816471
0.01436000  4249.415092265883
0.01438000  4248.790905715294
0.01440000  4248.166719164706
0.01442000  4247.542532614118
0.01444000  4246.9183460635295
0.01446000  4246.294159512941
0.01448000  4245.669972962353
0.01450000  4245.045786411764
0.01452000  4244.421599861176
0.01454000  4243.797413310588
0.01456000  4243.17322676
0.01458000  4242.549040209412
0.01460000  4241.924853658824
0.01462000  4241.300667108235
0.01464000  4240.676480557647
0.01466000  4240.052294007059
0.01468000  4239.428107456471
0.01470000  4238.8039209058825
0.01472000  4238.179734355294
0.01474000  4237.555547804706
0.01476000  4236.931361254117
0.01478000  4236.307174703529
0.01480000  4235.682988152941
0.01482000  4235.058801602353
0.01484000  4234.434615051765
0.01486000  4233.810428501177
0.01488000  4233.186241950588
0.01490000  4232.5620554
0.01492000  4231.937868849412
0.01494000  4231.313682298824
0.01496000  4230.6894957482355
0.01498000  4230.065309197647
0.01500000  4229.441122647058
0.01502000  4228.81693609647
0.01504000  4228.192749545882
0.01506000  4227.568562995294
0.01508000  4226.944376444706
0.01510000  4226.320189894118
0.01512000  4225.69600334353
0.01514000  4225.071816792941
0.01516000  4224.447630242353
0.01518000  4223.823443691765
0.01520000  4223.1992571411765
0.01522000  4222.575070590588
0.01524000  4221.95088404
0.01526000  4221.326697489411
0.01528000  4220.702510938823
0.01530000  4220.078324388235
0.01532000  4219.454137837647
0.01534000  4218.829951287059
0.01536000  4218.205764736471
0.01538000  4217.581578185882
0.01540000  4216.957391635294
0.01542000  4216.333205084706
0.01544000  4215.709018534118
0.01546000  4215.0848319835295
0.01548000  4214.460645432941
0.01550000  4213.836458882353
0.01552000  4213.212272331764
0.01554000  4212.588085781176
0.01556000  4211.963899230588
0.01558000  4211.33971268
0.01560000  4210.715526129412
0.01562000  4210.091339578824
0.01564000  4209.467153028235
0.01566000  4208.842966477647
0.01568000  4208.218779927059
0.01570000  4207.594593376471
0.01572000  4206.9704068258825
0.01574000  4206.346220275294
0.01576000  4205.722033724705
0.01578000  4205.097847174117
0.01580000  4204.473660623529
0.01582000  4203.849474072941
0.01584000  4203.225287522353
0.01586000  4202.601100971765
0.01588000  4201.976914421177
0.01590000  4201.352727870588
0.01592000  4200.72854132
0.01594000  4200.104354769412
0.01596000  4199.480168218824
0.01598000  4198.8559816682355
0.01600000  4198.231795117647
0.01602000  4197.607608567058
0.01604000  4196.98342201647
0.01606000  4196.359235465882
0.01608000  4195.735048915294
0.01610000  4195.110862364706
0.01612000  4194.486675814118
0.01614000  4193.862489263529
0.01616000  4193.238302712941
0.01618000  4192.614116162353
0.01620000  4191.989929611765
0.01622000  4191.3657430611765
0.01624000  4190.741556510588
0.01626000  4190.11736996
0.01628000  4189.493183409411
0.01630000  4188.868996858823
0.01632000  4188.244810308235
0.01634000  4187.620623757647
0.01636000  4186.996437207059
0.01638000  4186.372250656471
0.01640000  4185.748064105882
0.01642000  4185.123877555294
0.01644000  4184.499691004706
0.01646000  4183.875504454118
0.01648000  4183.2513179035295
0.01650000  4182.627131352941
0.01652000  4182.002944802352
0.01654000  4181.378758251764
0.01656000  4180.754571701176
0.01658000  4180.130385150588
0.01660000  4179.5061986
0.01662000  4178.882012049412
0.01664000  4178.257825498824
0.01666000  4177.633638948235
0.01668000  4177.009452397647
0.01670000  4176.385265847059
0.01672000  4175.761079296471
0.01674000  4175.1368927458825
0.01676000  4174.512706195294
0.01678000  4173.888519644705
0.01680000  4173.264333094117
0.01682000  4172.640146543529
0.01684000  4172.015959992941
0.01686000  4171.391773442353
0.01688000  4170.767586891765
0.01690000  4170.143400341176
0.01692000  4169.519213790588
0.01694000  4168.89502724
0.01696000  4168.270840689412
0.01698000  4167.646654138824
0.01700000  4167.0224675882355
0.01702000  4166.398281037647
0.01704000  4165.774094487058
0.01706000  4165.14990793647
0.01708000  4164.525721385882
0.01710000  4163.901534835294
0.01712000  4163.277348284706
0.01714000  4162.653161734118
0.01716000  4162.028975183529
0.01718000  4161.404788632941
0.01720000  4160.780602082353
0.01722000  4160.156415531765
0.01724000  4159.532228981177
0.01726000  4158.9080424305885
0.01728000  4158.2838558799995
0.01730000  4157.659669329411
0.01732000  4157.035482778823
0.01734000  4156.411296228235
0.01736000  4155.787109677647
0.01738000  4155.162923127059
0.01740000  4154.538736576471
0.01742000  4153.914550025882
0.01744000  4153.290363475294
0.01746000  4152.666176924706
0.01748000  4152.041990374118
0.01750000  4151.4178038235295
0.01752000  4150.793617272941
0.01754000  4150.169430722352
0.01756000  4149.545244171764
0.01758000  4148.921057621176
0.01760000  4148.296871070588
0.01762000  4147.67268452
0.01764000  4147.048497969412
0.01766000  4146.424311418823
0.01768000  4145.800124868235
0.01770000  4145.175938317647
0.01772000  4144.551751767059
0.01774000  4143.927565216471
0.01776000  4143.3033786658825
0.01778000  4142.679192115294
0.01780000  4142.055005564705
0.01782000  4141.430819014117
0.01784000  4140.806632463529
0.01786000  4140.182445912941
0.01788000  4139.558259362353
0.01790000  4138.934072811765
0.01792000  4138.309886261176
0.01794000  4137.685699710588
0.01796000  4137.06151316
0.01798000  4136.437326609412
0.01800000  4135.813140058824
0.01802000  4135.1889535082355
0.01804000  4134.5647669576465
0.01806000  4133.940580407058
0.01808000  4133.31639385647
0.01810000  4132.692207305882
0.01812000  4132.068020755294
0.01814000  4131.443834204706
0.01816000  4130.819647654118
0.01818000  4130.195461103529
0.01820000  4129.571274552941
0.01822000  4128.947088002353
0.01824000  4128.322901451765
0.01826000  4127.698714901177
0.01828000  4127.0745283505885
0.01830000  4126.4503417999995
0.01832000  4125.826155249411
0.01834000  4125.201968698823
0.01836000  4124.577782148235
0.01838000  4123.953595597647
0.01840000  4123.329409047059
0.01842000  4122.70522249647
0.01844000  4122.081035945882
0.01846000  4121.456849395294
0.01848000  4120.832662844706
0.01850000  4120.208476294118
0.01852000  4119.58428974353
0.01854000  4118.9601031929415
0.01856000  4118.3359166423525
0.01858000  4117.711730091764
0.01860000  4117.087543541176
0.01862000  4116.463356990588
0.01864000  4115.83917044
0.01866000  4115.214983889412
0.01868000  4114.590797338823
0.01870000  4113.966610788235
0.01872000  4113.342424237647
0.01874000  4112.718237687059
0.01876000  4112.094051136471
0.01878000  4111.4698645858825
0.01880000  4110.8456780352935
0.01882000  4110.221491484705
0.01884000  4109.597304934117
0.01886000  4108.973118383529
0.01888000  4108.348931832941
0.01890000  4107.724745282353
0.01892000  4107.100558731765
0.01894000  4106.476372181176
0.01896000  4105.852185630588
0.01898000  4105.22799908
0.01900000  4104.603812529412
0.01902000  4103.979625978824
0.01904000  4103.3554394282355
0.01906000  4102.7312528776465
0.01908000  4102.107066327058
0.01910000  4101.48287977647
0.01912000  4100.858693225882
0.01914000  4100.234506675294
0.01916000  4099.610320124706
0.01918000  4098.986133574117
0.01920000  4098.361947023529
0.01922000  4097.737760472941
0.01924000  4097.113573922353
0.01926000  4096.489387371765
0.01928000  4095.8652008211766
0.01930000  4095.241014270588
0.01932000  4094.61682772
0.01934000  4093.9926411694114
0.01936000  4093.3684546188233
0.01938000  4092.744268068235
0.01940000  4092.120081517647
0.01942000  4091.4958949670586
0.01944000  4090.8717084164705
0.01946000  4090.247521865882
0.01948000  4089.623335315294
0.01950000  4088.9991487647058
0.01952000  4088.3749622141177
0.01954000  4087.750775663529
0.01956000  4087.126589112941
0.01958000  4086.502402562353
0.01960000  4085.8782160117644
0.01962000  4085.2540294611763
0.01964000  4084.629842910588
0.01966000  4084.00565636
0.01968000  4083.3814698094116
0.01970000  4082.7572832588235
0.01972000  4082.133096708235
0.01974000  4081.508910157647
0.01976000  4080.8847236070587
0.01978000  4080.2605370564706
0.01980000  4079.636350505882
0.01982000  4079.012163955294
0.01984000  4078.3879774047055
0.01986000  4077.7637908541174
0.01988000  4077.1396043035293
0.01990000  4076.515417752941
0.01992000  4075.8912312023526
0.01994000  4075.2670446517645
0.01996000  4074.6428581011764
0.01998000  4074.018671550588
0.02000000  4073.394485
0.02002000  4068.879758
0.02004000  4064.721335
0.02006000  4060.883382
0.02008000  4057.324473
0.02010000  4053.810642
0.02012000  4049.607135
0.02014000  4043.964853
0.02016000  4036.373817
0.02018000  4026.236856
0.02020000  4012.89445
0.02022000  3994.756679
0.02024000  3967.047683
0.02026000  3923.9263
0.02028000  3858.06125
0.02030000  3759.218641
0.02032000  3613.477146
0.02034000  3404.323536
0.02036000  3117.925276
0.02038000  2761.704777
0.02040000  2380.914883
0.02042000  2010.174002
0.02044000  1646.806454
0.02046000  1268.326298
0.02048000  870.193976
0.02050000  520.502298
0.02052000  302.180162
0.02054000  191.018827
0.02056000  142.601023
0.02058000  130.067688
0.02060000  150.149777
0.02062000  220.094847
0.02064000  382.018028
0.02066000  691.907199
0.02068000  1157.634373
0.02070000  1719.765209
0.02072000  2297.990522
0.02074000  2828.144153
0.02076000  3277.379923
0.02078000  3636.547828
0.02080000  3909.045793
0.02082000  4107.618528
0.02084000  4249.144596
0.02086000  4349.390416
0.02088000  4420.646375
0.02090000  4471.672153
0.02092000  4508.528407
0.02094000  4535.358028
0.02096000  4555.008763
0.02098000  4569.479441
0.02100000  4580.172112
0.02102000  4588.084891
0.02104000  4593.938284
0.02106000  4598.259059
0.02108000  4601.430133
0.02110000  4603.743688
0.02112000  4605.419051
0.02114000  4606.612269
0.02116000  4607.444939
0.02118000  4608.002862
0.02120000  4608.352591
0.02122000  4608.544453
0.02124000  4608.620654
0.02126000  4608.604889
0.02128000  4608.526058
0.02130000  4608.399906
0.02132000  4608.242174
0.02134000  4608.065987
0.02136000  4607.884482
0.02138000  4607.705548
0.02140000  4607.534455
0.02142000  4607.376475
0.02144000  4607.228987
0.02146000  4607.091998
0.02148000  4606.962881
0.02150000  4606.844278
0.02152000  4606.736195
0.02154000  4606.636002
0.02156000  4606.541065
0.02158000  4606.454025
0.02160000  4606.374886
0.02162000  4606.298375
0.02164000  4606.224491
0.02166000  4606.155877
0.02168000  4606.089893
0.02170000  4606.026541
0.02172000  4605.963182
0.02174000  4605.902456
0.02176000  4605.844364
0.02178000  4605.788907
0.02180000  4605.733444
0.02182000  4605.677976
0.02184000  4605.625144
0.02186000  4605.574949
0.02188000  4605.522107
0.02190000  4605.471902
0.02192000  4605.424336
0.02194000  4605.376766
0.02196000  4605.329191
0.02198000  4605.284256
0.02200000  4605.239317
0.02202000  4605.194375
0.02204000  4605.152073
0.02206000  4605.109767
0.02208000  4605.067459
0.02210000  4605.027791
0.02212000  4604.988121
0.02214000  4604.948448
0.02216000  4604.911418
0.02218000  4604.874385
0.02220000  4604.837349
0.02222000  4604.802957
0.02224000  4604.768562
0.02226000  4604.734166
0.02228000  4604.699767
0.02230000  4604.668012
0.02232000  4604.636256
0.02234000  4604.604498
0.02236000  4604.575384
0.02238000  4604.546269
0.02240000  4604.517153
0.02242000  4604.488035
0.02244000  4604.461563
0.02246000  4604.43509
0.02248000  4604.408615
0.02250000  4604.384787
0.02252000  4604.360957
0.02254000  4604.337127
0.02256000  4604.313296
0.02258000  4604.292112
0.02260000  4604.268278
0.02262000  4604.247092
0.02264000  4604.228554
0.02266000  4604.207366
0.02268000  4604.188827
0.02270000  4604.170286
0.02272000  4604.151745
0.02274000  4604.133204
0.02276000  4604.11731
0.02278000  4604.101417
0.02280000  4604.085523
0.02282000  4604.069628
0.02284000  4604.053733
0.02286000  4604.040487
0.02288000  4604.02724
0.02290000  4604.013993
0.02292000  4604.000746
0.02294000  4603.987498
0.02296000  4603.9769
0.02298000  4603.966302
0.02300000  4603.953053
0.02302000  4603.328866449412
0.02304000  4602.704679898824
0.02306000  4602.080493348236
0.02308000  4601.456306797647
0.02310000  4600.832120247059
0.02312000  4600.207933696471
0.02314000  4599.583747145883
0.02316000  4598.9595605952945
0.02318000  4598.335374044706
0.02320000  4597.711187494117
0.02322000  4597.087000943529
0.02324000  4596.462814392941
0.02326000  4595.838627842353
0.02328000  4595.214441291765
0.02330000  4594.590254741177
0.02332000  4593.966068190588
0.02334000  4593.34188164
0.02336000  4592.717695089412
0.02338000  4592.093508538824
0.02340000  4591.469321988236
0.02342000  4590.8451354376475
0.02344000  4590.220948887059
0.02346000  4589.59676233647
0.02348000  4588.972575785882
0.02350000  4588.348389235294
0.02352000  4587.724202684706
0.02354000  4587.100016134118
0.02356000  4586.47582958353
0.02358000  4585.851643032941
0.02360000  4585.227456482353
0.02362000  4584.603269931765
0.02364000  4583.979083381177
0.02366000  4583.354896830589
0.02368000  4582.7307102800005
0.02370000  4582.1065237294115
0.02372000  4581.482337178823
0.02374000  4580.858150628235
0.02376000  4580.233964077647
0.02378000  4579.609777527059
0.02380000  4578.985590976471
0.02382000  4578.361404425883
0.02384000  4577.737217875294
0.02386000  4577.113031324706
0.02388000  4576.488844774118
0.02390000  4575.86465822353
0.02392000  4575.240471672942
0.02394000  4574.6162851223535
0.02396000  4573.9920985717645
0.02398000  4573.367912021176
0.02400000  4572.743725470588
0.02402000  4572.11953892
0.02404000  4571.495352369412
0.02406000  4570.871165818824
0.02408000  4570.246979268235
0.02410000  4569.622792717647
0.02412000  4568.998606167059
0.02414000  4568.374419616471
0.02416000  4567.750233065883
0.02418000  4567.126046515295
0.02420000  4566.5018599647065
0.02422000  4565.877673414117
0.02424000  4565.253486863529
0.02426000  4564.629300312941
0.02428000  4564.005113762353
0.02430000  4563.380927211765
0.02432000  4562.756740661177
0.02434000  4562.132554110588
0.02436000  4561.50836756
0.02438000  4560.884181009412
0.02440000  4560.259994458824
0.02442000  4559.635807908236
0.02444000  4559.0116213576475
0.02446000  4558.3874348070585
0.02448000  4557.76324825647
0.02450000  4557.139061705882
0.02452000  4556.514875155294
0.02454000  4555.890688604706
0.02456000  4555.266502054118
0.02458000  4554.64231550353
0.02460000  4554.018128952941
0.02462000  4553.393942402353
0.02464000  4552.769755851765
0.02466000  4552.145569301177
0.02468000  4551.521382750589
0.02470000  4550.8971962000005
0.02472000  4550.2730096494115
0.02474000  4549.648823098823
0.02476000  4549.024636548235
0.02478000  4548.400449997647
0.02480000  4547.776263447059
0.02482000  4547.152076896471
0.02484000  4546.527890345882
0.02486000  4545.903703795294
0.02488000  4545.279517244706
0.02490000  4544.655330694118
0.02492000  4544.03114414353
0.02494000  4543.406957592942
0.02496000  4542.7827710423535
0.02498000  4542.1585844917645
0.02500000  4541.534397941176
0.02502000  4540.910211390588
0.02504000  4540.28602484
0.02506000  4539.661838289412
0.02508000  4539.037651738824
0.02510000  4538.413465188235
0.02512000  4537.789278637647
0.02514000  4537.165092087059
0.02516000  4536.540905536471
0.02518000  4535.916718985883
0.02520000  4535.292532435295
0.02522000  4534.668345884706
0.02524000  4534.0441593341175
0.02526000  4533.419972783529
0.02528000  4532.795786232941
0.02530000  4532.171599682353
0.02532000  4531.547413131765
0.02534000  4530.923226581177
0.02536000  4530.299040030588
0.02538000  4529.67485348
0.02540000  4529.050666929412
0.02542000  4528.426480378824
0.02544000  4527.802293828236
0.02546000  4527.1781072776475
0.02548000  4526.5539207270585
0.02550000  4525.92973417647
0.02552000  4525.305547625882
0.02554000  4524.681361075294
0.02556000  4524.057174524706
0.02558000  4523.432987974118
0.02560000  4522.80880142353
0.02562000  4522.184614872941
0.02564000  4521.560428322353
0.02566000  4520.936241771765
0.02568000  4520.312055221177
0.02570000  4519.687868670589
0.02572000  4519.0636821200005
0.02574000  4518.4394955694115
0.02576000  4517.815309018823
0.02578000  4517.191122468235
0.02580000  4516.566935917647
0.02582000  4515.942749367059
0.02584000  4515.318562816471
0.02586000  4514.694376265882
0.02588000  4514.070189715294
0.02590000  4513.446003164706
0.02592000  4512.821816614118
0.02594000  4512.19763006353
0.02596000  4511.573443512942
0.02598000  4510.9492569623535
0.02600000  4510.3250704117645
0.02602000  4509.700883861176
0.02604000  4509.076697310588
0.02606000  4508.45251076
0.02608000  4507.828324209412
0.02610000  4507.204137658824
0.02612000  4506.579951108235
0.02614000  4505.955764557647
0.02616000  4505.331578007059
0.02618000  4504.707391456471
0.02620000  4504.083204905883
0.02622000  4503.459018355295
0.02624000  4502.834831804706
0.02626000  4502.2106452541175
0.02628000  4501.586458703529
0.02630000  4500.962272152941
0.02632000  4500.338085602353
0.02634000  4499.713899051765
0.02636000  4499.089712501177
0.02638000  4498.465525950588
0.02640000  4497.8413394
0.02642000  4497.217152849412
0.02644000  4496.592966298824
0.02646000  4495.968779748236
0.02648000  4495.344593197648
0.02650000  4494.720406647059
0.02652000  4494.0962200964705
0.02654000  4493.472033545882
0.02656000  4492.847846995294
0.02658000  4492.223660444706
0.02660000  4491.599473894118
0.02662000  4490.975287343529
0.02664000  4490.351100792941
0.02666000  4489.726914242353
0.02668000  4489.102727691765
0.02670000  4488.478541141177
0.02672000  4487.854354590589
0.02674000  4487.2301680400005
0.02676000  4486.6059814894115
0.02678000  4485.981794938823
0.02680000  4485.357608388235
0.02682000  4484.733421837647
0.02684000  4484.109235287059
0.02686000  4483.485048736471
0.02688000  4482.860862185882
0.02690000  4482.236675635294
0.02692000  4481.612489084706
0.02694000  4480.988302534118
0.02696000  4480.36411598353
0.02698000  4479.739929432942
0.02700000  4479.115742882353
0.02702000  4478.4915563317645
0.02704000  4477.867369781176
0.02706000  4477.243183230588
0.02708000  4476.61899668
0.02710000  4475.994810129412
0.02712000  4475.370623578824
0.02714000  4474.746437028235
0.02716000  4474.122250477647
0.02718000  4473.498063927059
0.02720000  4472.873877376471
0.02722000  4472.249690825883
0.02724000  4471.625504275295
0.02726000  4471.001317724706
0.02728000  4470.3771311741175
0.02730000  4469.752944623529
0.02732000  4469.128758072941
0.02734000  4468.504571522353
0.02736000  4467.880384971765
0.02738000  4467.256198421177
0.02740000  4466.632011870588
0.02742000  4466.00782532
0.02744000  4465.383638769412
0.02746000  4464.759452218824
0.02748000  4464.135265668236
0.02750000  4463.511079117648
0.02752000  4462.886892567059
0.02754000  4462.2627060164705
0.02756000  4461.638519465882
0.02758000  4461.014332915294
0.02760000  4460.390146364706
0.02762000  4459.765959814118
0.02764000  4459.141773263529
0.02766000  4458.517586712941
0.02768000  4457.893400162353
0.02770000  4457.269213611765
0.02772000  4456.645027061177
0.02774000  4456.020840510589
0.02776000  4455.396653960001
0.02778000  4454.772467409412
0.02780000  4454.1482808588235
0.02782000  4453.524094308235
0.02784000  4452.899907757647
0.02786000  4452.275721207059
0.02788000  4451.651534656471
0.02790000  4451.027348105882
0.02792000  4450.403161555294
0.02794000  4449.778975004706
0.02796000  4449.154788454118
0.02798000  4448.53060190353
0.02800000  4447.906415352942
0.02802000  4447.282228802353
0.02804000  4446.6580422517645
0.02806000  4446.033855701176
0.02808000  4445.409669150588
0.02810000  4444.7854826
0.02812000  4444.161296049412
0.02814000  4443.537109498824
0.02816000  4442.912922948235
0.02818000  4442.288736397647
0.02820000  4441.664549847059
0.02822000  4441.040363296471
0.02824000  4440.416176745883
0.02826000  4439.791990195295
0.02828000  4439.167803644706
0.02830000  4438.5436170941175
0.02832000  4437.919430543529
0.02834000  4437.295243992941
0.02836000  4436.671057442353
0.02838000  4436.046870891765
0.02840000  4435.422684341176
0.02842000  4434.798497790588
0.02844000  4434.17431124
0.02846000  4433.550124689412
0.02848000  4432.925938138824
0.02850000  4432.301751588236
0.02852000  4431.677565037648
0.02854000  4431.053378487059
0.02856000  4430.4291919364705
0.02858000  4429.805005385882
0.02860000  4429.180818835294
0.02862000  4428.556632284706
0.02864000  4427.932445734118
0.02866000  4427.308259183529
0.02868000  4426.684072632941
0.02870000  4426.059886082353
0.02872000  4425.435699531765
0.02874000  4424.811512981177
0.02876000  4424.187326430589
0.02878000  4423.56313988
0.02880000  4422.938953329412
0.02882000  4422.3147667788235
0.02884000  4421.690580228235
0.02886000  4421.066393677647
0.02888000  4420.442207127059
0.02890000  4419.818020576471
0.02892000  4419.193834025882
0.02894000  4418.569647475294
0.02896000  4417.945460924706
0.02898000  4417.321274374118
0.02900000  4416.69708782353
0.02902000  4416.072901272942
0.02904000  4415.448714722353
0.02906000  4414.8245281717645
0.02908000  4414.200341621176
0.02910000  4413.576155070588
0.02912000  4412.95196852
0.02914000  4412.327781969412
0.02916000  4411.703595418823
0.02918000  4411.079408868235
0.02920000  4410.455222317647
0.02922000  4409.831035767059
0.02924000  4409.206849216471
0.02926000  4408.582662665883
0.02928000  4407.958476115295
0.02930000  4407.334289564706
0.02932000  4406.7101030141175
0.02934000  4406.085916463529
0.02936000  4405.461729912941
0.02938000  4404.837543362353
0.02940000  4404.213356811765
0.02942000  4403.589170261176
0.02944000  4402.964983710588
0.02946000  4402.34079716
0.02948000  4401.716610609412
0.02950000  4401.092424058824
0.02952000  4400.468237508236
0.02954000  4399.844050957647
0.02956000  4399.219864407059
0.02958000  4398.5956778564705
0.02960000  4397.971491305882
0.02962000  4397.347304755294
0.02964000  4396.723118204706
0.02966000  4396.098931654118
0.02968000  4395.474745103529
0.02970000  4394.850558552941
0.02972000  4394.226372002353
0.02974000  4393.602185451765
0.02976000  4392.977998901177
0.02978000  4392.353812350589
0.02980000  4391.7296258
0.02982000  4391.105439249412
0.02984000  4390.4812526988235
0.02986000  4389.857066148235
0.02988000  4389.232879597647
0.02990000  4388.608693047059
0.02992000  4387.98450649647
0.02994000  4387.360319945882
0.02996000  4386.736133395294
0.02998000  4386.111946844706
0.03000000  4385.487760294118
0.03002000  4384.86357374353
0.03004000  4384.239387192942
0.03006000  4383.615200642353
0.03008000  4382.991014091765
0.03010000  4382.3668275411765
0.03012000  4381.742640990588
0.03014000  4381.11845444
0.03016000  4380.494267889412
0.03018000  4379.870081338823
0.03020000  4379.245894788235
0.03022000  4378.621708237647
0.03024000  4377.997521687059
0.03026000  4377.373335136471
0.03028000  4376.749148585883
0.03030000  4376.124962035294
0.03032000  4375.500775484706
0.03034000  4374.8765889341175
0.03036000  4374.252402383529
0.03038000  4373.628215832941
0.03040000  4373.004029282353
0.03042000  4372.379842731765
0.03044000  4371.755656181176
0.03046000  4371.131469630588
0.03048000  4370.50728308
0.03050000  4369.883096529412
0.03052000  4369.258909978824
0.03054000  4368.634723428236
0.03056000  4368.010536877647
0.03058000  4367.386350327059
0.03060000  4366.7621637764705
0.03062000  4366.137977225882
0.03064000  4365.513790675294
0.03066000  4364.889604124706
0.03068000  4364.265417574117
0.03070000  4363.641231023529
0.03072000  4363.017044472941
0.03074000  4362.392857922353
0.03076000  4361.768671371765
0.03078000  4361.144484821177
0.03080000  4360.520298270589
0.03082000  4359.89611172
0.03084000  4359.271925169412
0.03086000  4358.6477386188235
0.03088000  4358.023552068235
0.03090000  4357.399365517647
0.03092000  4356.775178967059
0.03094000  4356.15099241647
0.03096000  4355.526805865882
0.03098000  4354.902619315294
0.03100000  4354.278432764706
0.03102000  4353.654246214118
0.03104000  4353.03005966353
0.03106000  4352.405873112941
0.03108000  4351.781686562353
0.03110000  4351.157500011765
0.03112000  4350.5333134611765
0.03114000  4349.909126910588
0.03116000  4349.28494036
0.03118000  4348.660753809412
0.03120000  4348.036567258823
0.03122000  4347.412380708235
0.03124000  4346.788194157647
0.03126000  4346.164007607059
0.03128000  4345.539821056471
0.03130000  4344.915634505883
0.03132000  4344.291447955294
0.03134000  4343.667261404706
0.03136000  4343.043074854118
0.03138000  4342.4188883035295
0.03140000  4341.794701752941
0.03142000  4341.170515202353
0.03144000  4340.546328651764
0.03146000  4339.922142101176
0.03148000  4339.297955550588
0.03150000  4338.673769
0.03152000  4338.049582449412
0.03154000  4337.425395898824
0.03156000  4336.801209348236
0.03158000  4336.177022797647
0.03160000  4335.552836247059
0.03162000  4334.9286496964705
0.03164000  4334.304463145882
0.03166000  4333.680276595294
0.03168000  4333.056090044706
0.03170000  4332.431903494117
0.03172000  4331.807716943529
0.03174000  4331.183530392941
0.03176000  4330.559343842353
0.03178000  4329.935157291765
0.03180000  4329.310970741177
0.03182000  4328.686784190588
0.03184000  4328.06259764
0.03186000  4327.438411089412
0.03188000  4326.8142245388235
0.03190000  4326.190037988235
0.03192000  4325.565851437647
0.03194000  4324.941664887059
0.03196000  4324.31747833647
0.03198000  4323.693291785882
0.03200000  4323.069105235294
0.03202000  4322.444918684706
0.03204000  4321.820732134118
0.03206000  4321.19654558353
0.03208000  4320.572359032941
0.03210000  4319.948172482353
0.03212000  4319.323985931765
0.03214000  4318.6997993811765
0.03216000  4318.075612830588
0.03218000  4317.45142628
0.03220000  4316.827239729411
0.03222000  4316.203053178823
0.03224000  4315.578866628235
0.03226000  4314.954680077647
0.03228000  4314.330493527059
0.03230000  4313.706306976471
0.03232000  4313.082120425883
0.03234000  4312.457933875294
0.03236000  4311.833747324706
0.03238000  4311.209560774118
0.03240000  4310.5853742235295
0.03242000  4309.961187672941
0.03244000  4309.337001122353
0.03246000  4308.712814571764
0.03248000  4308.088628021176
0.03250000  4307.464441470588
0.03252000  4306.84025492
0.03254000  4306.216068369412
0.03256000  4305.591881818824
0.03258000  4304.967695268235
0.03260000  4304.343508717647
0.03262000  4303.719322167059
0.03264000  4303.0951356164705
0.03266000  4302.470949065882
0.03268000  4301.846762515294
0.03270000  4301.222575964706
0.03272000  4300.598389414117
0.03274000  4299.974202863529
0.03276000  4299.350016312941
0.03278000  4298.725829762353
0.03280000  4298.101643211765
0.03282000  4297.477456661177
0.03284000  4296.853270110588
0.03286000  4296.22908356
0.03288000  4295.604897009412
0.03290000  4294.9807104588235
0.03292000  4294.356523908235
0.03294000  4293.732337357647
0.03296000  4293.108150807058
0.03298000  4292.48396425647
0.03300000  4291.859777705882
0.03302000  4291.235591155294
0.03304000  4290.611404604706
0.03306000  4289.987218054118
0.03308000  4289.36303150353
0.03310000  4288.738844952941
0.03312000  4288.114658402353
0.03314000  4287.490471851765
0.03316000  4286.8662853011765
0.03318000  4286.242098750588
0.03320000  4285.6179122
0.03322000  4284.993725649412
0.03324000  4284.369539098823
0.03326000  4283.745352548235
0.03328000  4283.121165997647
0.03330000  4282.496979447059
0.03332000  4281.872792896471
0.03334000  4281.248606345882
0.03336000  4280.624419795294
0.03338000  4280.000233244706
0.03340000  4279.376046694118
0.03342000  4278.7518601435295
0.03344000  4278.127673592941
0.03346000  4277.503487042353
0.03348000  4276.879300491764
0.03350000  4276.255113941176
0.03352000  4275.630927390588
0.03354000  4275.00674084
0.03356000  4274.382554289412
0.03358000  4273.758367738824
0.03360000  4273.134181188236
0.03362000  4272.509994637647
0.03364000  4271.885808087059
0.03366000  4271.261621536471
0.03368000  4270.6374349858825
0.03370000  4270.013248435294
0.03372000  4269.389061884705
0.03374000  4268.764875334117
0.03376000  4268.140688783529
0.03378000  4267.516502232941
0.03380000  4266.892315682353
0.03382000  4266.268129131765
0.03384000  4265.643942581177
0.03386000  4265.019756030588
0.03388000  4264.39556948
0.03390000  4263.771382929412
0.03392000  4263.1471963788235
0.03394000  4262.523009828235
0.03396000  4261.898823277647
0.03398000  4261.274636727059
0.03400000  4260.65045017647
0.03402000  4260.026263625882
0.03404000  4259.402077075294
0.03406000  4258.777890524706
0.03408000  4258.153703974118
0.03410000  4257.52951742353
0.03412000  4256.905330872941
0.03414000  4256.281144322353
0.03416000  4255.656957771765
0.03418000  4255.0327712211765
0.03420000  4254.408584670588
0.03422000  4253.78439812
0.03424000  4253.160211569411
0.03426000  4252.536025018823
0.03428000  4251.911838468235
0.03430000  4251.287651917647
0.03432000  4250.663465367059
0.03434000  4250.039278816471
0.03436000  4249.415092265883
0.03438000  4248.790905715294
0.03440000  4248.166719164706
0.03442000  4247.542532614118
0.03444000  4246.9183460635295
0.03446000  4246.294159512941
0.03448000  4245.669972962353
0.03450000  4245.045786411764
0.03452000  4244.421599861176
0.03454000  4243.797413310588
0.03456000  4243.17322676
0.03458000  4242.549040209412
0.03460000  4241.924853658824
0.03462000  4241.300667108235
0.03464000  4240.676480557647
0.03466000  4240.052294007059
0.03468000  4239.428107456471
0.03470000  4238.8039209058825
0.03472000  4238.179734355294
0.03474000  4237.555547804706
0.03476000  4236.931361254117
0.03478000  4236.307174703529
0.03480000  4235.682988152941
0.03482000  4235.058801602353
0.03484000  4234.434615051765
0.03486000  4233.810428501177
0.03488000  4233.186241950588
0.03490000  4232.5620554
0.03492000  4231.937868849412
0.03494000  4231.313682298824
0.03496000  4230.6894957482355
0.03498000  4230.065309197647
0.03500000  4229.441122647058
0.03502000  4228.81693609647
0.03504000  4228.192749545882
0.03506000  4227.568562995294
0.03508000  4226.944376444706
0.03510000  4226.320189894118
0.03512000  4225.69600334353
0.03514000  4225.071816792941
0.03516000  4224.447630242353
0.03518000  4223.823443691765
0.03520000  4223.1992571411765
0.03522000  4222.575070590588
0.03524000  4221.95088404
0.03526000  4221.326697489411
0.03528000  4220.702510938823
0.03530000  4220.078324388235
0.03532000  4219.454137837647
0.03534000  4218.829951287059
0.03536000  4218.205764736471
0.03538000  4217.581578185882
0.03540000  4216.957391635294
0.03542000  4216.333205084706
0.03544000  4215.709018534118
0.03546000  4215.0848319835295
0.03548000  4214.460645432941
0.03550000  4213.836458882353
0.03552000  4213.212272331764
0.03554000  4212.588085781176
0.03556000  4211.963899230588
0.03558000  4211.33971268
0.03560000  4210.715526129412
0.03562000  4210.091339578824
0.03564000  4209.467153028235
0.03566000  4208.842966477647
0.03568000  4208.218779927059
0.03570000  4207.594593376471
0.03572000  4206.9704068258825
0.03574000  4206.346220275294
0.03576000  4205.722033724705
0.03578000  4205.097847174117
0.03580000  4204.473660623529
0.03582000  4203.849474072941
0.03584000  4203.225287522353
0.03586000  4202.601100971765
0.03588000  4201.976914421177
0.03590000  4201.352727870588
0.03592000  4200.72854132
0.03594000  4200.104354769412
0.03596000  4199.480168218824
0.03598000  4198.8559816682355
0.03600000  4198.231795117647
0.03602000  4197.607608567058
0.03604000  4196.98342201647
0.03606000  4196.359235465882
0.03608000  4195.735048915294
0.03610000  4195.110862364706
0.03612000  4194.486675814118
0.03614000  4193.862489263529
0.03616000  4193.238302712941
0.03618000  4192.614116162353
0.03620000  4191.989929611765
0.03622000  4191.3657430611765
0.03624000  4190.741556510588
0.03626000  4190.11736996
0.03628000  4189.493183409411
0.03630000  4188.868996858823
0.03632000  4188.244810308235
0.03634000  4187.620623757647
0.03636000  4186.996437207059
0.03638000  4186.372250656471
0.03640000  4185.748064105882
0.03642000  4185.123877555294
0.03644000  4184.499691004706
0.03646000  4183.875504454118
0.03648000  4183.2513179035295
0.03650000  4182.627131352941
0.03652000  4182.002944802352
0.03654000  4181.378758251764
0.03656000  4180.754571701176
0.03658000  4180.130385150588
0.03660000  4179.5061986
0.03662000  4178.882012049412
0.03664000  4178.257825498824
0.03666000  4177.633638948235
0.03668000  4177.009452397647
0.03670000  4176.385265847059
0.03672000  4175.761079296471
0.03674000  4175.1368927458825
0.03676000  4174.512706195294
0.03678000  4173.888519644705
0.03680000  4173.264333094117
0.03682000  4172.640146543529
0.03684000  4172.015959992941
0.03686000  4171.391773442353
0.03688000  4170.767586891765
0.03690000  4170.143400341176
0.03692000  4169.519213790588
0.03694000  4168.89502724
0.03696000  4168.270840689412
0.03698000  4167.646654138824
0.03700000  4167.0224675882355
0.03702000  4166.398281037647
0.03704000  4165.774094487058
0.03706000  4165.14990793647
0.03708000  4164.525721385882
0.03710000  4163.901534835294
0.03712000  4163.277348284706
0.03714000  4162.653161734118
0.03716000  4162.028975183529
0.03718000  4161.404788632941
0.03720000  4160.780602082353
0.03722000  4160.156415531765
0.03724000  4159.532228981177
0.03726000  4158.9080424305885
0.03728000  4158.2838558799995
0.03730000  4157.659669329411
0.03732000  4157.035482778823
0.03734000  4156.411296228235
0.03736000  4155.787109677647
0.03738000  4155.162923127059
0.03740000  4154.538736576471
0.03742000  4153.914550025882
0.03744000  4153.290363475294
0.03746000  4152.666176924706
0.03748000  4152.041990374118
0.03750000  4151.4178038235295
0.03752000  4150.793617272941
0.03754000  4150.169430722352
0.03756000  4149.545244171764
0.03758000  4148.921057621176
0.03760000  4148.296871070588
0.03762000  4147.67268452
0.03764000  4147.048497969412
0.03766000  4146.424311418823
0.03768000  4145.800124868235
0.03770000  4145.175938317647
0.03772000  4144.551751767059
0.03774000  4143.927565216471
0.03776000  4143.3033786658825
0.03778000  4142.679192115294
0.03780000  4142.055005564705
0.03782000  4141.430819014117
0.03784000  4140.806632463529
0.03786000  4140.182445912941
0.03788000  4139.558259362353
0.03790000  4138.934072811765
0.03792000  4138.309886261176
0.03794000  4137.685699710588
0.03796000  4137.06151316
0.03798000  4136.437326609412
0.03800000  4135.813140058824
0.03802000  4135.1889535082355
0.03804000  4134.5647669576465
0.03806000  4133.940580407058
0.03808000  4133.31639385647
0.03810000  4132.692207305882
0.03812000  4132.068020755294
0.03814000  4131.443834204706
0.03816000  4130.819647654118
0.03818000  4130.195461103529
0.03820000  4129.571274552941
0.03822000  4128.947088002353
0.03824000  4128.322901451765
0.03826000  4127.698714901177
0.03828000  4127.0745283505885
0.03830000  4126.4503417999995
0.03832000  4125.826155249411
0.03834000  4125.201968698823
0.03836000  4124.577782148235
0.03838000  4123.953595597647
0.03840000  4123.329409047059
0.03842000  4122.70522249647
0.03844000  4122.081035945882
0.03846000  4121.456849395294
0.03848000  4120.832662844706
0.03850000  4120.208476294118
0.03852000  4119.58428974353
0.03854000  4118.9601031929415
0.03856000  4118.3359166423525
0.03858000  4117.711730091764
0.03860000  4117.087543541176
0.03862000  4116.463356990588
0.03864000  4115.83917044
0.03866000  4115.214983889412
0.03868000  4114.590797338823
0.03870000  4113.966610788235
0.03872000  4113.342424237647
0.03874000  4112.718237687059
0.03876000  4112.094051136471
0.03878000  4111.4698645858825
0.03880000  4110.8456780352935
0.03882000  4110.221491484705
0.03884000  4109.597304934117
0.03886000  4108.973118383529
0.03888000  4108.348931832941
0.03890000  4107.724745282353
0.03892000  4107.100558731765
0.03894000  4106.476372181176
0.03896000  4105.852185630588
0.03898000  4105.22799908
0.03900000  4104.603812529412
0.03902000  4103.979625978824
0.03904000  4103.3554394282355
0.03906000  4102.7312528776465
0.03908000  4102.107066327058
0.03910000  4101.48287977647
0.03912000  4100.858693225882
0.03914000  4100.234506675294
0.03916000  4099.610320124706
0.03918000  4098.986133574117
0.03920000  4098.361947023529
0.03922000  4097.737760472941
0.03924000  4097.113573922353
0.03926000  4096.489387371765
0.03928000  4095.8652008211766
0.03930000  4095.241014270588
0.03932000  4094.61682772
0.03934000  4093.9926411694114
0.03936000  4093.3684546188233
0.03938000  4092.744268068235
0.03940000  4092.120081517647
0.03942000  4091.4958949670586
0.03944000  4090.8717084164705
0.03946000  4090.247521865882
0.03948000  4089.623335315294
0.03950000  4088.9991487647058
0.03952000  4088.3749622141177
0.03954000  4087.750775663529
0.03956000  4087.126589112941
0.03958000  4086.502402562353
0.03960000  4085.8782160117644
0.03962000  4085.2540294611763
0.03964000  4084.629842910588
0.03966000  4084.00565636
0.03968000  4083.3814698094116
0.03970000  4082.7572832588235
0.03972000  4082.133096708235
0.03974000  4081.508910157647
0.03976000  4080.8847236070587
0.03978000  4080.2605370564706
0.03980000  4079.636350505882
0.03982000  4079.012163955294
0.03984000  4078.3879774047055
0.03986000  4077.7637908541174
0.03988000  4077.1396043035293
0.03990000  4076.515417752941
0.03992000  4075.8912312023526
0.03994000  4075.2670446517645
0.03996000  4074.6428581011764
0.03998000  4074.018671550588
0.04000000  4073.394485
0.04002000  4068.879758
0.04004000  4064.721335
0.04006000  4060.883382
0.04008000  4057.324473
0.04010000  4053.810642
0.04012000  4049.607135
0.04014000  4043.964853
0.04016000  4036.373817
0.04018000  4026.236856
0.04020000  4012.89445
0.04022000  3994.756679
0.04024000  3967.047683
0.04026000  3923.9263
0.04028000  3858.06125
0.04030000  3759.218641
0.04032000  3613.477146
0.04034000  3404.323536
0.04036000  3117.925276
0.04038000  2761.704777
0.04040000  2380.914883
0.04042000  2010.174002
0.04044000  1646.806454
0.04046000  1268.326298
0.04048000  870.193976
0.04050000  520.502298
0.04052000  302.180162
0.04054000  191.018827
0.04056000  142.601023
0.04058000  130.067688
0.04060000  150.149777
0.04062000  220.094847
0.04064000  382.018028
0.04066000  691.907199
0.04068000  1157.634373
0.04070000  1719.765209
0.04072000  2297.990522
0.04074000  2828.144153
0.04076000  3277.379923
0.04078000  3636.547828
0.04080000  3909.045793
0.04082000  4107.618528
0.04084000  4249.144596
0.04086000  4349.390416
0.04088000  4420.646375
0.04090000  4471.672153
0.04092000  4508.528407
0.04094000  4535.358028
0.04096000  4555.008763
0.04098000  4569.479441
0.04100000  4580.172112
0.04102000  4588.084891
0.04104000  4593.938284
0.04106000  4598.259059
0.04108000  4601.430133
0.04110000  4603.743688
0.04112000  4605.419051
0.04114000  4606.612269
0.04116000  4607.444939
0.04118000  4608.002862
0.04120000  4608.352591
0.04122000  4608.544453
0.04124000  4608.620654
0.04126000  4608.604889
0.04128000  4608.526058
0.04130000  4608.399906
0.04132000  4608.242174
0.04134000  4608.065987
0.04136000  4607.884482
0.04138000  4607.705548
0.04140000  4607.534455
0.04142000  4607.376475
0.04144000  4607.228987
0.04146000  4607.091998
0.04148000  4606.962881
0.04150000  4606.844278
0.04152000  4606.736195
0.04154000  4606.636002
0.04156000  4606.541065
0.04158000  4606.454025
0.04160000  4606.374886
0.04162000  4606.298375
0.04164000  4606.224491
0.04166000  4606.155877
0.04168000  4606.089893
0.04170000  4606.026541
0.04172000  4605.963182
0.04174000  4605.902456
0.04176000  4605.844364
0.04178000  4605.788907
0.04180000  4605.733444
0.04182000  4605.677976
0.04184000  4605.625144
0.04186000  4605.574949
0.04188000  4605.522107
0.04190000  4605.471902
0.04192000  4605.424336
0.04194000  4605.376766
0.04196000  4605.329191
0.04198000  4605.284256
0.04200000  4605.239317
0.04202000  4605.194375
0.04204000  4605.152073
0.04206000  4605.109767
0.04208000  4605.067459
0.04210000  4605.027791
0.04212000  4604.988121
0.04214000  4604.948448
0.04216000  4604.911418
0.04218000  4604.874385
0.04220000  4604.837349
0.04222000  4604.802957
0.04224000  4604.768562
0.04226000  4604.734166
0.04228000  4604.699767
0.04230000  4604.668012
0.04232000  4604.636256
0.04234000  4604.604498
0.04236000  4604.575384
0.04238000  4604.546269
0.04240000  4604.517153
0.04242000  4604.488035
0.04244000  4604.461563
0.04246000  4604.43509
0.04248000  4604.408615
0.04250000  4604.384787
0.04252000  4604.360957
0.04254000  4604.337127
0.04256000  4604.313296
0.04258000  4604.292112
0.04260000  4604.268278
0.04262000  4604.247092
0.04264000  4604.228554
0.04266000  4604.207366
0.04268000  4604.188827
0.04270000  4604.170286
0.04272000  4604.151745
0.04274000  4604.133204
0.04276000  4604.11731
0.04278000  4604.101417
0.04280000  4604.085523
0.04282000  4604.069628
0.04284000  4604.053733
0.04286000  4604.040487
0.04288000  4604.02724
0.04290000  4604.013993
0.04292000  4604.000746
0.04294000  4603.987498
0.04296000  4603.9769
0.04298000  4603.966302
0.04300000  4603.953053
0.04302000  4603.328866449412
0.04304000  4602.704679898824
0.04306000  4602.080493348236
0.04308000  4601.456306797647
0.04310000  4600.832120247059
0.04312000  4600.207933696471
0.04314000  4599.583747145883
0.04316000  4598.9595605952945
0.04318000  4598.335374044706
0.04320000  4597.711187494117
0.04322000  4597.087000943529
0.04324000  4596.462814392941
0.04326000  4595.838627842353
0.04328000  4595.214441291765
0.04330000  4594.590254741177
0.04332000  4593.966068190588
0.04334000  4593.34188164
0.04336000  4592.717695089412
0.04338000  4592.093508538824
0.04340000  4591.469321988236
0.04342000  4590.8451354376475
0.04344000  4590.220948887059
0.04346000  4589.59676233647
0.04348000  4588.972575785882
0.04350000  4588.348389235294
0.04352000  4587.724202684706
0.04354000  4587.100016134118
0.04356000  4586.47582958353
0.04358000  4585.851643032941
0.04360000  4585.227456482353
0.04362000  4584.603269931765
0.04364000  4583.979083381177
0.04366000  4583.354896830589
0.04368000  4582.7307102800005
0.04370000  4582.1065237294115
0.04372000  4581.482337178823
0.04374000  4580.858150628235
0.04376000  4580.233964077647
0.04378000  4579.609777527059
0.04380000  4578.985590976471
0.04382000  4578.361404425883
0.04384000  4577.737217875294
0.04386000  4577.113031324706
0.04388000  4576.488844774118
0.04390000  4575.86465822353
0.04392000  4575.240471672942
0.04394000  4574.6162851223535
0.04396000  4573.9920985717645
0.04398000  4573.367912021176
0.04400000  4572.743725470588
0.04402000  4572.11953892
0.04404000  4571.495352369412
0.04406000  4570.871165818824
0.04408000  4570.246979268235
0.04410000  4569.622792717647
0.04412000  4568.998606167059
0.04414000  4568.374419616471
0.04416000  4567.750233065883
0.04418000  4567.126046515295
0.04420000  4566.5018599647065
0.04422000  4565.877673414117
0.04424000  4565.253486863529
0.04426000  4564.629300312941
0.04428000  4564.005113762353
0.04430000  4563.380927211765
0.04432000  4562.756740661177
0.04434000  4562.132554110588
0.04436000  4561.50836756
0.04438000  4560.884181009412
0.04440000  4560.259994458824
0.04442000  4559.635807908236
0.04444000  4559.0116213576475
0.04446000  4558.3874348070585
0.04448000  4557.76324825647
0.04450000  4557.139061705882
0.04452000  4556.514875155294
0.04454000  4555.890688604706
0.04456000  4555.266502054118
0.04458000  4554.64231550353
0.04460000  4554.018128952941
0.04462000  4553.393942402353
0.04464000  4552.769755851765
0.04466000  4552.145569301177
0.04468000  4551.521382750589
0.04470000  4550.8971962000005
0.04472000  4550.2730096494115
0.04474000  4549.648823098823
0.04476000  4549.024636548235
0.04478000  4548.400449997647
0.04480000  4547.776263447059
0.04482000  4547.152076896471
0.04484000  4546.527890345882
0.04486000  4545.903703795294
0.04488000  4545.279517244706
0.04490000  4544.655330694118
0.04492000  4544.03114414353
0.04494000  4543.406957592942
0.04496000  4542.7827710423535
0.04498000  4542.1585844917645
0.04500000  4541.534397941176
0.04502000  4540.910211390588
0.04504000  4540.28602484
0.04506000  4539.661838289412
0.04508000  4539.037651738824
0.04510000  4538.413465188235
0.04512000  4537.789278637647
0.04514000  4537.165092087059
0.04516000  4536.540905536471
0.04518000  4535.916718985883
0.04520000  4535.292532435295
0.04522000  4534.668345884706
0.04524000  4534.0441593341175
0.04526000  4533.419972783529
0.04528000  4532.795786232941
0.04530000  4532.171599682353
0.04532000  4531.547413131765
0.04534000  4530.923226581177
0.04536000  4530.299040030588
0.04538000  4529.67485348
0.04540000  4529.050666929412
0.04542000  4528.426480378824
0.04544000  4527.802293828236
0.04546000  4527.1781072776475
0.04548000  4526.5539207270585
0.04550000  4525.92973417647
0.04552000  4525.305547625882
0.04554000  4524.681361075294
0.04556000  4524.057174524706
0.04558000  4523.432987974118
0.04560000  4522.80880142353
0.04562000  4522.184614872941
0.04564000  4521.560428322353
0.04566000  4520.936241771765
0.04568000  4520.312055221177
0.04570000  4519.687868670589
0.04572000  4519.0636821200005
0.04574000  4518.4394955694115
0.04576000  4517.815309018823
0.04578000  4517.191122468235
0.04580000  4516.566935917647
0.04582000  4515.942749367059
0.04584000  4515.318562816471
0.04586000  4514.694376265882
0.04588000  4514.070189715294
0.04590000  4513.446003164706
0.04592000  4512.821816614118
0.04594000  4512.19763006353
0.04596000  4511.573443512942
0.04598000  4510.9492569623535
0.04600000  4510.3250704117645
0.04602000  4509.700883861176
0.04604000  4509.076697310588
0.04606000  4508.45251076
0.04608000  4507.828324209412
0.04610000  4507.204137658824
0.04612000  4506.579951108235
0.04614000  4505.955764557647
0.04616000  4505.331578007059
0.04618000  4504.707391456471
0.04620000  4504.083204905883
0.04622000  4503.459018355295
0.04624000  4502.834831804706
0.04626000  4502.2106452541175
0.04628000  4501.586458703529
0.04630000  4500.962272152941
0.04632000  4500.338085602353
0.04634000  4499.713899051765
0.04636000  4499.089712501177
0.04638000  4498.465525950588
0.04640000  4497.8413394
0.04642000  4497.217152849412
0.04644000  4496.592966298824
0.04646000  4495.968779748236
0.04648000  4495.344593197648
0.04650000  4494.720406647059
0.04652000  4494.0962200964705
0.04654000  4493.472033545882
0.04656000  4492.847846995294
0.04658000  4492.223660444706
0.04660000  4491.599473894118
0.04662000  4490.975287343529
0.04664000  4490.351100792941
0.04666000  4489.726914242353
0.04668000  4489.102727691765
0.04670000  4488.478541141177
0.04672000  4487.854354590589
0.04674000  4487.2301680400005
0.04676000  4486.6059814894115
0.04678000  4485.981794938823
0.04680000  4485.357608388235
0.04682000  4484.733421837647
0.04684000  4484.109235287059
0.04686000  4483.485048736471
0.04688000  4482.860862185882
0.04690000  4482.236675635294
0.04692000  4481.612489084706
0.04694000  4480.988302534118
0.04696000  4480.36411598353
0.04698000  4479.739929432942
0.04700000  4479.115742882353
0.04702000  4478.4915563317645
0.04704000  4477.867369781176
0.04706000  4477.243183230588
0.04708000  4476.61899668
0.04710000  4475.994810129412
0.04712000  4475.370623578824
0.04714000  4474.746437028235
0.04716000  4474.122250477647
0.04718000  4473.498063927059
0.04720000  4472.873877376471
0.04722000  4472.249690825883
0.04724000  4471.625504275295
0.04726000  4471.001317724706
0.04728000  4470.3771311741175
0.04730000  4469.752944623529
0.04732000  4469.128758072941
0.04734000  4468.504571522353
0.04736000  4467.880384971765
0.04738000  4467.256198421177
0.04740000  4466.632011870588
0.04742000  4466.00782532
0.04744000  4465.383638769412
0.04746000  4464.759452218824
0.04748000  4464.135265668236
0.04750000  4463.511079117648
0.04752000  4462.886892567059
0.04754000  4462.2627060164705
0.04756000  4461.638519465882
0.04758000  4461.014332915294
0.04760000  4460.390146364706
0.04762000  4459.765959814118
0.04764000  4459.141773263529
0.04766000  4458.517586712941
0.04768000  4457.893400162353
0.04770000  4457.269213611765
0.04772000  4456.645027061177
0.04774000  4456.020840510589
0.04776000  4455.396653960001
0.04778000  4454.772467409412
0.04780000  4454.1482808588235
0.04782000  4453.524094308235
0.04784000  4452.899907757647
0.04786000  4452.275721207059
0.04788000  4451.651534656471
0.04790000  4451.027348105882
0.04792000  4450.403161555294
0.04794000  4449.778975004706
0.04796000  4449.154788454118
0.04798000  4448.53060190353
0.04800000  4447.906415352942
0.04802000  4447.282228802353
0.04804000  4446.6580422517645
0.04806000  4446.033855701176
0.04808000  4445.409669150588
0.04810000  4444.7854826
0.04812000  4444.161296049412
0.04814000  4443.537109498824
0.04816000  4442.912922948235
0.04818000  4442.288736397647
0.04820000  4441.664549847059
0.04822000  4441.040363296471
0.04824000  4440.416176745883
0.04826000  4439.791990195295
0.04828000  4439.167803644706
0.04830000  4438.5436170941175
0.04832000  4437.919430543529
0.04834000  4437.295243992941
0.04836000  4436.671057442353
0.04838000  4436.046870891765
0.04840000  4435.422684341176
0.04842000  4434.798497790588
0.04844000  4434.17431124
0.04846000  4433.550124689412
0.04848000  4432.925938138824
0.04850000  4432.301751588236
0.04852000  4431.677565037648
0.04854000  4431.053378487059
0.04856000  4430.4291919364705
0.04858000  4429.805005385882
0.04860000  4429.180818835294
0.04862000  4428.556632284706
0.04864000  4427.932445734118
0.04866000  4427.308259183529
0.04868000  4426.684072632941
0.04870000  4426.059886082353
0.04872000  4425.435699531765
0.04874000  4424.811512981177
0.04876000  4424.187326430589
0.04878000  4423.56313988
0.04880000  4422.938953329412
0.04882000  4422.3147667788235
0.04884000  4421.690580228235
0.04886000  4421.066393677647
0.04888000  4420.442207127059
0.04890000  4419.818020576471
0.04892000  4419.193834025882
0.04894000  4418.569647475294
0.04896000  4417.945460924706
0.04898000  4417.321274374118
0.04900000  4416.69708782353
0.04902000  4416.072901272942
0.04904000  4415.448714722353
0.04906000  4414.8245281717645
0.04908000  4414.200341621176
0.04910000  4413.576155070588
0.04912000  4412.95196852
0.04914000  4412.327781969412
0.04916000  4411.703595418823
0.04918000  4411.079408868235
0.04920000  4410.455222317647
0.04922000  4409.831035767059
0.04924000  4409.206849216471
0.04926000  4408.582662665883
0.04928000  4407.958476115295
0.04930000  4407.334289564706
0.04932000  4406.7101030141175
0.04934000  4406.085916463529
0.04936000  4405.461729912941
0.04938000  4404.837543362353
0.04940000  4404.213356811765
0.04942000  4403.589170261176
0.04944000  4402.964983710588
0.04946000  4402.34079716
0.04948000  4401.716610609412
0.04950000  4401.092424058824
0.04952000  4400.468237508236
0.04954000  4399.844050957647
0.04956000  4399.219864407059
0.04958000  4398.5956778564705
0.04960000  4397.971491305882
0.04962000  4397.347304755294
0.04964000  4396.723118204706
0.04966000  4396.098931654118
0.04968000  4395.474745103529
0.04970000  4394.850558552941
0.04972000  4394.226372002353
0.04974000  4393.602185451765
0.04976000  4392.977998901177
0.04978000  4392.353812350589
0.04980000  4391.7296258
0.04982000  4391.105439249412
0.04984000  4390.4812526988235
0.04986000  4389.857066148235
0.04988000  4389.232879597647
0.04990000  4388.608693047059
0.04992000  4387.98450649647
0.04994000  4387.360319945882
0.04996000  4386.736133395294
0.04998000  4386.111946844706
0.05000000  4385.487760294118
0.05002000  4384.86357374353
0.05004000  4384.239387192942
0.05006000  4383.615200642353
0.05008000  4382.991014091765
0.05010000  4382.3668275411765
0.05012000  4381.742640990588
0.05014000  4381.11845444
0.05016000  4380.494267889412
0.05018000  4379.870081338823
0.05020000  4379.245894788235
0.05022000  4378.621708237647
0.05024000  4377.997521687059
0.05026000  4377.373335136471
0.05028000  4376.749148585883
0.05030000  4376.124962035294
0.05032000  4375.500775484706
0.05034000  4374.8765889341175
0.05036000  4374.252402383529
0.05038000  4373.628215832941
0.05040000  4373.004029282353
0.05042000  4372.379842731765
0.05044000  4371.755656181176
0.05046000  4371.131469630588
0.05048000  4370.50728308
0.05050000  4369.883096529412
0.05052000  4369.258909978824
0.05054000  4368.634723428236
0.05056000  4368.010536877647
0.05058000  4367.386350327059
0.05060000  4366.7621637764705
0.05062000  4366.137977225882
0.05064000  4365.513790675294
0.05066000  4364.889604124706
0.05068000  4364.265417574117
0.05070000  4363.641231023529
0.05072000  4363.017044472941
0.05074000  4362.392857922353
0.05076000  4361.768671371765
0.05078000  4361.144484821177
0.05080000  4360.520298270589
0.05082000  4359.89611172
0.05084000  4359.271925169412
0.05086000  4358.6477386188235
0.05088000  4358.023552068235
0.05090000  4357.399365517647
0.05092000  4356.775178967059
0.05094000  4356.15099241647
0.05096000  4355.526805865882
0.05098000  4354.902619315294
0.05100000  4354.278432764706
0.05102000  4353.654246214118
0.05104000  4353.03005966353
0.05106000  4352.405873112941
0.05108000  4351.781686562353
0.05110000  4351.157500011765
0.05112000  4350.5333134611765
0.05114000  4349.909126910588
0.05116000  4349.28494036
0.05118000  4348.660753809412
0.05120000  4348.036567258823
0.05122000  4347.412380708235
0.05124000  4346.788194157647
0.05126000  4346.164007607059
0.05128000  4345.539821056471
0.05130000  4344.915634505883
0.05132000  4344.291447955294
0.05134000  4343.667261404706
0.05136000  4343.043074854118
0.05138000  4342.4188883035295
0.05140000  4341.794701752941
0.05142000  4341.170515202353
0.05144000  4340.546328651764
0.05146000  4339.922142101176
0.05148000  4339.297955550588
0.05150000  4338.673769
0.05152000  4338.049582449412
0.05154000  4337.425395898824
0.05156000  4336.801209348236
0.05158000  4336.177022797647
0.05160000  4335.552836247059
0.05162000  4334.9286496964705
0.05164000  4334.304463145882
0.05166000  4333.680276595294
0.05168000  4333.056090044706
0.05170000  4332.431903494117
0.05172000  4331.807716943529
0.05174000  4331.183530392941
0.05176000  4330.559343842353
0.05178000  4329.935157291765
0.05180000  4329.310970741177
0.05182000  4328.686784190588
0.05184000  4328.06259764
0.05186000  4327.438411089412
0.05188000  4326.8142245388235
0.05190000  4326.190037988235
0.05192000  4325.565851437647
0.05194000  4324.941664887059
0.05196000  4324.31747833647
0.05198000  4323.693291785882
0.05200000  4323.069105235294
0.05202000  4322.444918684706
0.05204000  4321.820732134118
0.05206000  4321.19654558353
0.05208000  4320.572359032941
0.05210000  4319.948172482353
0.05212000  4319.323985931765
0.05214000  4318.6997993811765
0.05216000  4318.075612830588
0.05218000  4317.45142628
0.05220000  4316.827239729411
0.05222000  4316.203053178823
0.05224000  4315.578866628235
0.05226000  4314.954680077647
0.05228000  4314.330493527059
0.05230000  4313.706306976471
0.05232000  4313.082120425883
0.05234000  4312.457933875294
0.05236000  4311.833747324706
0.05238000  4311.209560774118
0.05240000  4310.5853742235295
0.05242000  4309.961187672941
0.05244000  4309.337001122353
0.05246000  4308.712814571764
0.05248000  4308.088628021176
0.05250000  4307.464441470588
0.05252000  4306.84025492
0.05254000  4306.216068369412
0.05256000  4305.591881818824
0.05258000  4304.967695268235
0.05260000  4304.343508717647
0.05262000  4303.719322167059
0.05264000  4303.0951356164705
0.05266000  4302.470949065882
0.05268000  4301.846762515294
0.05270000  4301.222575964706
0.05272000  4300.598389414117
0.05274000  4299.974202863529
0.05276000  4299.350016312941
0.05278000  4298.725829762353
0.05280000  4298.101643211765
0.05282000  4297.477456661177
0.05284000  4296.853270110588
0.05286000  4296.22908356
0.05288000  4295.604897009412
0.05290000  4294.9807104588235
0.05292000  4294.356523908235
0.05294000  4293.732337357647
0.05296000  4293.108150807058
0.05298000  4292.48396425647
0.05300000  4291.859777705882
0.05302000  4291.235591155294
0.05304000  4290.611404604706
0.05306000  4289.987218054118
0.05308000  4289.36303150353
0.05310000  4288.738844952941
0.05312000  4288.114658402353
0.05314000  4287.490471851765
0.05316000  4286.8662853011765
0.05318000  4286.242098750588
0.05320000  4285.6179122
0.05322000  4284.993725649412
0.05324000  4284.369539098823
0.05326000  4283.745352548235
0.05328000  4283.121165997647
0.05330000  4282.496979447059
0.05332000  4281.872792896471
0.05334000  4281.248606345882
0.05336000  4280.624419795294
0.05338000  4280.000233244706
0.05340000  4279.376046694118
0.05342000  4278.7518601435295
0.05344000  4278.127673592941
0.05346000  4277.503487042353
0.05348000  4276.879300491764
0.05350000  4276.255113941176
0.05352000  4275.630927390588
0.05354000  4275.00674084
0.05356000  4274.382554289412
0.05358000  4273.758367738824
0.05360000  4273.134181188236
0.05362000  4272.509994637647
0.05364000  4271.885808087059
0.05366000  4271.261621536471
0.05368000  4270.6374349858825
0.05370000  4270.013248435294
0.05372000  4269.389061884705
0.05374000  4268.764875334117
0.05376000  4268.140688783529
0.05378000  4267.516502232941
0.05380000  4266.892315682353
0.05382000  4266.268129131765
0.05384000  4265.643942581177
0.05386000  4265.019756030588
0.05388000  4264.39556948
0.05390000  4263.771382929412
0.05392000  4263.1471963788235
0.05394000  4262.523009828235
0.05396000  4261.898823277647
0.05398000  4261.274636727059
0.05400000  4260.65045017647
0.05402000  4260.026263625882
0.05404000  4259.402077075294
0.05406000  4258.777890524706
0.05408000  4258.153703974118
0.05410000  4257.52951742353
0.05412000  4256.905330872941
0.05414000  4256.281144322353
0.05416000  4255.656957771765
0.05418000  4255.0327712211765
0.05420000  4254.408584670588
0.05422000  4253.78439812
0.05424000  4253.160211569411
0.05426000  4252.536025018823
0.05428000  4251.911838468235
0.05430000  4251.287651917647
0.05432000  4250.663465367059
0.05434000  4250.039278816471
0.05436000  4249.415092265883
0.05438000  4248.790905715294
0.05440000  4248.166719164706
0.05442000  4247.542532614118
0.05444000  4246.9183460635295
0.05446000  4246.294159512941
0.05448000  4245.669972962353
0.05450000  4245.045786411764
0.05452000  4244.421599861176
0.05454000  4243.797413310588
0.05456000  4243.17322676
0.05458000  4242.549040209412
0.05460000  4241.924853658824
0.05462000  4241.300667108235
0.05464000  4240.676480557647
0.05466000  4240.052294007059
0.05468000  4239.428107456471
0.05470000  4238.8039209058825
0.05472000  4238.179734355294
0.05474000  4237.555547804706
0.05476000  4236.931361254117
0.05478000  4236.307174703529
0.05480000  4235.682988152941
0.05482000  4235.058801602353
0.05484000  4234.434615051765
0.05486000  4233.810428501177
0.05488000  4233.186241950588
0.05490000  4232.5620554
0.05492000  4231.937868849412
0.05494000  4231.313682298824
0.05496000  4230.6894957482355
0.05498000  4230.065309197647
0.05500000  4229.441122647058
0.05502000  4228.81693609647
0.05504000  4228.192749545882
0.05506000  4227.568562995294
0.05508000  4226.944376444706
0.05510000  4226.320189894118
0.05512000  4225.69600334353
0.05514000  4225.071816792941
0.05516000  4224.447630242353
0.05518000  4223.823443691765
0.05520000  4223.1992571411765
0.05522000  4222.575070590588
0.05524000  4221.95088404
0.05526000  4221.326697489411
0.05528000  4220.702510938823
0.05530000  4220.078324388235
0.05532000  4219.454137837647
0.05534000  4218.829951287059
0.05536000  4218.205764736471
0.05538000  4217.581578185882
0.05540000  4216.957391635294
0.05542000  4216.333205084706
0.05544000  4215.709018534118
0.05546000  4215.0848319835295
0.05548000  4214.460645432941
0.05550000  4213.836458882353
0.05552000  4213.212272331764
0.05554000  4212.588085781176
0.05556000  4211.963899230588
0.05558000  4211.33971268
0.05560000  4210.715526129412
0.05562000  4210.091339578824
0.05564000  4209.467153028235
0.05566000  4208.842966477647
0.05568000  4208.218779927059
0.05570000  4207.594593376471
0.05572000  4206.9704068258825
0.05574000  4206.346220275294
0.05576000  4205.722033724705
0.05578000  4205.097847174117
0.05580000  4204.473660623529
0.05582000  4203.849474072941
0.05584000  4203.225287522353
0.05586000  4202.601100971765
0.05588000  4201.976914421177
0.05590000  4201.352727870588
0.05592000  4200.72854132
0.05594000  4200.104354769412
0.05596000  4199.480168218824
0.05598000  4198.8559816682355
0.05600000  4198.231795117647
0.05602000  4197.607608567058
0.05604000  4196.98342201647
0.05606000  4196.359235465882
0.05608000  4195.735048915294
0.05610000  4195.110862364706
0.05612000  4194.486675814118
0.05614000  4193.862489263529
0.05616000  4193.238302712941
0.05618000  4192.614116162353
0.05620000  4191.989929611765
0.05622000  4191.3657430611765
0.05624000  4190.741556510588
0.05626000  4190.11736996
0.05628000  4189.493183409411
0.05630000  4188.868996858823
0.05632000  4188.244810308235
0.05634000  4187.620623757647
0.05636000  4186.996437207059
0.05638000  4186.372250656471
0.05640000  4185.748064105882
0.05642000  4185.123877555294
0.05644000  4184.499691004706
0.05646000  4183.875504454118
0.05648000  4183.2513179035295
0.05650000  4182.627131352941
0.05652000  4182.002944802352
0.05654000  4181.378758251764
0.05656000  4180.754571701176
0.05658000  4180.130385150588
0.05660000  4179.5061986
0.05662000  4178.882012049412
0.05664000  4178.257825498824
0.05666000  4177.633638948235
0.05668000  4177.009452397647
0.05670000  4176.385265847059
0.05672000  4175.761079296471
0.05674000  4175.1368927458825
0.05676000  4174.512706195294
0.05678000  4173.888519644705
0.05680000  4173.264333094117
0.05682000  4172.640146543529
0.05684000  4172.015959992941
0.05686000  4171.391773442353
0.05688000  4170.767586891765
0.05690000  4170.143400341176
0.05692000  4169.519213790588
0.05694000  4168.89502724
0.05696000  4168.270840689412
0.05698000  4167.646654138824
0.05700000  4167.0224675882355
0.05702000  4166.398281037647
0.05704000  4165.774094487058
0.05706000  4165.14990793647
0.05708000  4164.525721385882
0.05710000  4163.901534835294
0.05712000  4163.277348284706
0.05714000  4162.653161734118
0.05716000  4162.028975183529
0.05718000  4161.404788632941
0.05720000  4160.780602082353
0.05722000  4160.156415531765
0.05724000  4159.532228981177
0.05726000  4158.9080424305885
0.05728000  4158.2838558799995
0.05730000  4157.659669329411
0.05732000  4157.035482778823
0.05734000  4156.411296228235
0.05736000  4155.787109677647
0.05738000  4155.162923127059
0.05740000  4154.538736576471
0.05742000  4153.914550025882
0.05744000  4153.290363475294
0.05746000  4152.666176924706
0.05748000  4152.041990374118
0.05750000  4151.4178038235295
0.05752000  4150.793617272941
0.05754000  4150.169430722352
0.05756000  4149.545244171764
0.05758000  4148.921057621176
0.05760000  4148.296871070588
0.05762000  4147.67268452
0.05764000  4147.048497969412
0.05766000  4146.424311418823
0.05768000  4145.800124868235
0.05770000  4145.175938317647
0.05772000  4144.551751767059
0.05774000  4143.927565216471
0.05776000  4143.3033786658825
0.05778000  4142.679192115294
0.05780000  4142.055005564705
0.05782000  4141.430819014117
0.05784000  4140.806632463529
0.05786000  4140.182445912941
0.05788000  4139.558259362353
0.05790000  4138.934072811765
0.05792000  4138.309886261176
0.05794000  4137.685699710588
0.05796000  4137.06151316
0.05798000  4136.437326609412
0.05800000  4135.813140058824
0.05802000  4135.1889535082355
0.05804000  4134.5647669576465
0.05806000  4133.940580407058
0.05808000  4133.31639385647
0.05810000  4132.692207305882
0.05812000  4132.068020755294
0.05814000  4131.443834204706
0.05816000  4130.819647654118
0.05818000  4130.195461103529
0.05820000  4129.571274552941
0.05822000  4128.947088002353
0.05824000  4128.322901451765
0.05826000  4127.698714901177
0.05828000  4127.0745283505885
0.05830000  4126.4503417999995
0.05832000  4125.826155249411
0.05834000  4125.201968698823
0.05836000  4124.577782148235
0.05838000  4123.953595597647
0.05840000  4123.329409047059
0.05842000  4122.70522249647
0.05844000  4122.081035945882
0.05846000  4121.456849395294
0.05848000  4120.832662844706
0.05850000  4120.208476294118
0.05852000  4119.58428974353
0.05854000  4118.9601031929415
0.05856000  4118.3359166423525
0.05858000  4117.711730091764
0.05860000  4117.087543541176
0.05862000  4116.463356990588
0.05864000  4115.83917044
0.05866000  4115.214983889412
0.05868000  4114.590797338823
0.05870000  4113.966610788235
0.05872000  4113.342424237647
0.05874000  4112.718237687059
0.05876000  4112.094051136471
0.05878000  4111.4698645858825
0.05880000  4110.8456780352935
0.05882000  4110.221491484705
0.05884000  4109.597304934117
0.05886000  4108.973118383529
0.05888000  4108.348931832941
0.05890000  4107.724745282353
0.05892000  4107.100558731765
0.05894000  4106.476372181176
0.05896000  4105.852185630588
0.05898000  4105.22799908
0.05900000  4104.603812529412
0.05902000  4103.979625978824
0.05904000  4103.3554394282355
0.05906000  4102.7312528776465
0.05908000  4102.107066327058
0.05910000  4101.48287977647
0.05912000  4100.858693225882
0.05914000  4100.234506675294
0.05916000  4099.610320124706
0.05918000  4098.986133574117
0.05920000  4098.361947023529
0.05922000  4097.737760472941
0.05924000  4097.113573922353
0.05926000  4096.489387371765
0.05928000  4095.8652008211766
0.05930000  4095.241014270588
0.05932000  4094.61682772
0.05934000  4093.9926411694114
0.05936000  4093.3684546188233
0.05938000  4092.744268068235
0.05940000  4092.120081517647
0.05942000  4091.4958949670586
0.05944000  4090.8717084164705
0.05946000  4090.247521865882
0.05948000  4089.623335315294
0.05950000  4088.9991487647058
0.05952000  4088.3749622141177
0.05954000  4087.750775663529
0.05956000  4087.126589112941
0.05958000  4086.502402562353
0.05960000  4085.8782160117644
0.05962000  4085.2540294611763
0.05964000  4084.629842910588
0.05966000  4084.00565636
0.05968000  4083.3814698094116
0.05970000  4082.7572832588235
0.05972000  4082.133096708235
0.05974000  4081.508910157647
0.05976000  4080.8847236070587
0.05978000  4080.2605370564706
0.05980000  4079.636350505882
0.05982000  4079.012163955294
0.05984000  4078.3879774047055
0.05986000  4077.7637908541174
0.05988000  4077.1396043035293
0.05990000  4076.515417752941
0.05992000  4075.8912312023526
0.05994000  4075.2670446517645
0.05996000  4074.6428581011764
0.05998000  4074.018671550588
0.06000000  4073.394485
0.06002000  4068.879758
0.06004000  4064.721335
0.06006000  4060.883382
0.06008000  4057.324473
0.06010000  4053.810642
0.06012000  4049.607135
0.06014000  4043.964853
0.06016000  4036.373817
0.06018000  4026.236856
0.06020000  4012.89445
0.06022000  3994.756679
0.06024000  3967.047683
0.06026000  3923.9263
0.06028000  3858.06125
0.06030000  3759.218641
0.06032000  3613.477146
0.06034000  3404.323536
0.06036000  3117.925276
0.06038000  2761.704777
0.06040000  2380.914883
0.06042000  2010.174002
0.06044000  1646.806454
0.06046000  1268.326298
0.06048000  870.193976
0.06050000  520.502298
0.06052000  302.180162
0.06054000  191.018827
0.06056000  142.601023
0.06058000  130.067688
0.06060000  150.149777
0.06062000  220.094847
0.06064000  382.018028
0.06066000  691.907199
0.06068000  1157.634373
0.06070000  1719.765209
0.06072000  2297.990522
0.06074000  2828.144153
0.06076000  3277.379923
0.06078000  3636.547828
0.06080000  3909.045793
0.06082000  4107.618528
0.06084000  4249.144596
0.06086000  4349.390416
0.06088000  4420.646375
0.06090000  4471.672153
0.06092000  4508.528407
0.06094000  4535.358028
0.06096000  4555.008763
0.06098000  4569.479441
0.06100000  4580.172112
0.06102000  4588.084891
0.06104000  4593.938284
0.06106000  4598.259059
0.06108000  4601.430133
0.06110000  4603.743688
0.06112000  4605.419051
0.06114000  4606.612269
0.06116000  4607.444939
0.06118000  4608.002862
0.06120000  4608.352591
0.06122000  4608.544453
0.06124000  4608.620654
0.06126000  4608.604889
0.06128000  4608.526058
0.06130000  4608.399906
0.06132000  4608.242174
0.06134000  4608.065987
0.06136000  4607.884482
0.06138000  4607.705548
0.06140000  4607.534455
0.06142000  4607.376475
0.06144000  4607.228987
0.06146000  4607.091998
0.06148000  4606.962881
0.06150000  4606.844278
0.06152000  4606.736195
0.06154000  4606.636002
0.06156000  4606.541065
0.06158000  4606.454025
0.06160000  4606.374886
0.06162000  4606.298375
0.06164000  4606.224491
0.06166000  4606.155877
0.06168000  4606.089893
0.06170000  4606.026541
0.06172000  4605.963182
0.06174000  4605.902456
0.06176000  4605.844364
0.06178000  4605.788907
0.06180000  4605.733444
0.06182000  4605.677976
0.06184000  4605.625144
0.06186000  4605.574949
0.06188000  4605.522107
0.06190000  4605.471902
0.06192000  4605.424336
0.06194000  4605.376766
0.06196000  4605.329191
0.06198000  4605.284256
0.06200000  4605.239317
0.06202000  4605.194375
0.06204000  4605.152073
0.06206000  4605.109767
0.06208000  4605.067459
0.06210000  4605.027791
0.06212000  4604.988121
0.06214000  4604.948448
0.06216000  4604.911418
0.06218000  4604.874385
0.06220000  4604.837349
0.06222000  4604.802957
0.06224000  4604.768562
0.06226000  4604.734166
0.06228000  4604.699767
0.06230000  4604.668012
0.06232000  4604.636256
0.06234000  4604.604498
0.06236000  4604.575384
0.06238000  4604.546269
0.06240000  4604.517153
0.06242000  4604.488035
0.06244000  4604.461563
0.06246000  4604.43509
0.06248000  4604.408615
0.06250000  4604.384787
0.06252000  4604.360957
0.06254000  4604.337127
0.06256000  4604.313296
0.06258000  4604.292112
0.06260000  4604.268278
0.06262000  4604.247092
0.06264000  4604.228554
0.06266000  4604.207366
0.06268000  4604.188827
0.06270000  4604.170286
0.06272000  4604.151745
0.06274000  4604.133204
0.06276000  4604.11731
0.06278000  4604.101417
0.06280000  4604.085523
0.06282000  4604.069628
0.06284000  4604.053733
0.06286000  4604.040487
0.06288000  4604.02724
0.06290000  4604.013993
0.06292000  4604.000746
0.06294000  4603.987498
0.06296000  4603.9769
0.06298000  4603.966302
0.06300000  4603.953053
