0.00000000  4073.341115
0.00002000  4068.83108
0.00004000  4064.667628
0.00006000  4060.829527
0.00008000  4057.275389
0.00010000  4053.756515
0.00012000  4049.552846
0.00014000  4043.910349
0.00016000  4036.319024
0.00018000  4026.18168
0.00020000  4012.838773
0.00022000  3994.695206
0.00024000  3966.985107
0.00026000  3923.845985
0.00028000  3857.933384
0.00030000  3758.937924
0.00032000  3612.816448
0.00034000  3402.662132
0.00036000  3113.406205
0.00038000  2751.65424
0.00040000  2366.296307
0.00042000  1991.260232
0.00044000  1623.183413
0.00046000  1240.916142
0.00048000  839.942751
0.00050000  490.919738
0.00052000  278.67044
0.00054000  171.087551
0.00056000  123.276806
0.00058000  107.470119
0.00060000  117.686961
0.00062000  162.545856
0.00064000  266.205535
0.00066000  463.59367
0.00068000  768.452252
0.00070000  1169.170262
0.00072000  1636.524004
0.00074000  2129.97325
0.00076000  2610.079856
0.00078000  3043.787201
0.00080000  3407.710803
0.00082000  3694.768636
0.00084000  3912.213499
0.00086000  4073.826228
0.00088000  4193.392853
0.00090000  4282.158807
0.00092000  4348.549138
0.00094000  4398.62939
0.00096000  4436.719973
0.00098000  4465.931956
0.00100000  4488.494736
0.00102000  4506.020805
0.00104000  4519.700574
0.00106000  4530.409984
0.00108000  4538.813122
0.00110000  4545.425049
0.00112000  4550.638566
0.00114000  4554.749491
0.00116000  4557.988328
0.00118000  4560.53407
0.00120000  4562.528927
0.00122000  4564.080395
0.00124000  4565.28247
0.00126000  4566.205087
0.00128000  4566.903189
0.00130000  4567.428353
0.00132000  4567.820516
0.00134000  4568.110947
0.00136000  4568.327974
0.00138000  4568.499848
0.00140000  4568.646326
0.00142000  4568.77024
0.00144000  4568.882868
0.00146000  4568.984214
0.00148000  4569.08273
0.00150000  4569.181228
0.00152000  4569.279711
0.00154000  4569.380991
0.00156000  4569.485066
0.00158000  4569.591935
0.00160000  4569.704409
0.00162000  4569.816861
0.00164000  4569.932103
0.00166000  4570.047323
0.00168000  4570.16533
0.00170000  4570.286122
0.00172000  4570.404082
0.00174000  4570.524826
0.00176000  4570.645546
0.00178000  4570.766242
0.00180000  4570.88972
0.00182000  4571.010366
0.00184000  4571.130988
0.00186000  4571.251586
0.00188000  4571.37216
0.00190000  4571.492709
0.00192000  4571.613234
0.00194000  4571.733734
0.00196000  4571.854211
0.00198000  4571.971862
0.00200000  4572.09229
0.00202000  4572.209894
0.00204000  4572.327475
0.00206000  4572.445033
0.00208000  4572.562567
0.00210000  4572.680079
0.00212000  4572.797567
0.00214000  4572.912236
0.00216000  4573.029678
0.00218000  4573.144302
0.00220000  4573.258904
0.00222000  4573.373484
0.00224000  4573.488042
0.00226000  4573.602578
0.00228000  4573.714298
0.00230000  4573.828791
0.00232000  4573.940469
0.00234000  4574.052126
0.00236000  4574.163763
0.00238000  4574.275378
0.00240000  4574.386973
0.00242000  4574.498547
0.00244000  4574.607311
0.00246000  4574.718843
0.00248000  4574.827566
0.00250000  4574.93627
0.00252000  4575.044954
0.00254000  4575.153618
0.00256000  4575.262262
0.00258000  4575.370886
0.00260000  4575.476706
0.00262000  4575.585291
0.00264000  4575.691072
0.00266000  4575.796835
0.00268000  4575.902578
0.00270000  4576.008303
0.00272000  4576.114009
0.00274000  4576.219696
0.00276000  4576.322584
0.00278000  4576.425453
0.00280000  4576.531085
0.00282000  4576.633918
0.00284000  4576.736734
0.00286000  4576.839531
0.00288000  4576.942311
0.00290000  4577.042296
0.00292000  4577.14504
0.00294000  4577.247767
0.00296000  4577.3477
0.00298000  4577.447616
0.00300000  4577.547515
0.00302000  4576.954331
0.00304000  4576.3611470000005
0.00306000  4575.767963
0.00308000  4575.174779
0.00310000  4574.581595000001
0.00312000  4573.988411
0.00314000  4573.395227
0.00316000  4572.802043000001
0.00318000  4572.208859
0.00320000  4571.615675
0.00322000  4571.022491000001
0.00324000  4570.429307
0.00326000  4569.836123
0.00328000  4569.242939
0.00330000  4568.649755
0.00332000  4568.056571
0.00334000  4567.463387
0.00336000  4566.870203
0.00338000  4566.277019
0.00340000  4565.683835
0.00342000  4565.090651
0.00344000  4564.497467
0.00346000  4563.904283
0.00348000  4563.3110990000005
0.00350000  4562.717915
0.00352000  4562.124731
0.00354000  4561.5315470000005
0.00356000  4560.938363
0.00358000  4560.345179
0.00360000  4559.7519950000005
0.00362000  4559.158811
0.00364000  4558.565627
0.00366000  4557.972443000001
0.00368000  4557.379259
0.00370000  4556.786075
0.00372000  4556.192891000001
0.00374000  4555.599707
0.00376000  4555.006523
0.00378000  4554.413339000001
0.00380000  4553.820155
0.00382000  4553.226971
0.00384000  4552.633787
0.00386000  4552.040603
0.00388000  4551.447419
0.00390000  4550.854235
0.00392000  4550.261051
0.00394000  4549.667867
0.00396000  4549.074683
0.00398000  4548.481499
0.00400000  4547.888315
0.00402000  4547.295131
0.00404000  4546.7019470000005
0.00406000  4546.108763
0.00408000  4545.515579
0.00410000  4544.9223950000005
0.00412000  4544.329211
0.00414000  4543.736027
0.00416000  4543.1428430000005
0.00418000  4542.549659
0.00420000  4541.956475
0.00422000  4541.363291000001
0.00424000  4540.770107
0.00426000  4540.176923
0.00428000  4539.583739000001
0.00430000  4538.990555
0.00432000  4538.397371
0.00434000  4537.804187000001
0.00436000  4537.211003
0.00438000  4536.617819
0.00440000  4536.024635
0.00442000  4535.431451
0.00444000  4534.838267
0.00446000  4534.245083
0.00448000  4533.651899
0.00450000  4533.058715
0.00452000  4532.465531
0.00454000  4531.872347
0.00456000  4531.279163
0.00458000  4530.685979
0.00460000  4530.0927950000005
0.00462000  4529.499611
0.00464000  4528.906427
0.00466000  4528.3132430000005
0.00468000  4527.720059
0.00470000  4527.126875
0.00472000  4526.5336910000005
0.00474000  4525.940507
0.00476000  4525.347323
0.00478000  4524.754139000001
0.00480000  4524.160955
0.00482000  4523.567771
0.00484000  4522.974587000001
0.00486000  4522.381403
0.00488000  4521.788219
0.00490000  4521.195035000001
0.00492000  4520.601851
0.00494000  4520.008667
0.00496000  4519.415483
0.00498000  4518.822299
0.00500000  4518.229115
0.00502000  4517.635931
0.00504000  4517.042747
0.00506000  4516.449563
0.00508000  4515.856379
0.00510000  4515.263195
0.00512000  4514.670011
0.00514000  4514.076827
0.00516000  4513.4836430000005
0.00518000  4512.890459
0.00520000  4512.297275
0.00522000  4511.7040910000005
0.00524000  4511.110907
0.00526000  4510.517723
0.00528000  4509.924539000001
0.00530000  4509.331355
0.00532000  4508.738171
0.00534000  4508.144987000001
0.00536000  4507.551803
0.00538000  4506.958619
0.00540000  4506.365435000001
0.00542000  4505.772251
0.00544000  4505.179067
0.00546000  4504.585883
0.00548000  4503.992699
0.00550000  4503.399515
0.00552000  4502.806331
0.00554000  4502.213147
0.00556000  4501.619963
0.00558000  4501.026779
0.00560000  4500.433595
0.00562000  4499.840411
0.00564000  4499.247227
0.00566000  4498.6540430000005
0.00568000  4498.060859
0.00570000  4497.467675
0.00572000  4496.8744910000005
0.00574000  4496.281307
0.00576000  4495.688123
0.00578000  4495.0949390000005
0.00580000  4494.501755
0.00582000  4493.908571
0.00584000  4493.315387000001
0.00586000  4492.722203
0.00588000  4492.129019
0.00590000  4491.535835000001
0.00592000  4490.942651
0.00594000  4490.349467
0.00596000  4489.756283000001
0.00598000  4489.163099
0.00600000  4488.569915
0.00602000  4487.976731000001
0.00604000  4487.383547
0.00606000  4486.790363
0.00608000  4486.197179
0.00610000  4485.603995
0.00612000  4485.010811
0.00614000  4484.417627
0.00616000  4483.824443
0.00618000  4483.231259
0.00620000  4482.638075
0.00622000  4482.0448910000005
0.00624000  4481.451707
0.00626000  4480.858523
0.00628000  4480.2653390000005
0.00630000  4479.672155
0.00632000  4479.078971
0.00634000  4478.4857870000005
0.00636000  4477.892603
0.00638000  4477.299419
0.00640000  4476.706235000001
0.00642000  4476.113051
0.00644000  4475.519867
0.00646000  4474.926683000001
0.00648000  4474.333499
0.00650000  4473.740315
0.00652000  4473.147131000001
0.00654000  4472.553947
0.00656000  4471.960763
0.00658000  4471.367579
0.00660000  4470.774395
0.00662000  4470.181211
0.00664000  4469.588027
0.00666000  4468.994843
0.00668000  4468.401659
0.00670000  4467.808475
0.00672000  4467.215291
0.00674000  4466.622107
0.00676000  4466.028923
0.00678000  4465.4357390000005
0.00680000  4464.842555
0.00682000  4464.249371
0.00684000  4463.6561870000005
0.00686000  4463.063003
0.00688000  4462.469819
0.00690000  4461.8766350000005
0.00692000  4461.283451
0.00694000  4460.690267
0.00696000  4460.097083000001
0.00698000  4459.503899
0.00700000  4458.910715
0.00702000  4458.317531000001
0.00704000  4457.724347
0.00706000  4457.131163
0.00708000  4456.537979000001
0.00710000  4455.944795
0.00712000  4455.351611
0.00714000  4454.758427
0.00716000  4454.165243
0.00718000  4453.572059
0.00720000  4452.978875
0.00722000  4452.385691
0.00724000  4451.792507
0.00726000  4451.199323
0.00728000  4450.606139
0.00730000  4450.012955
0.00732000  4449.419771
0.00734000  4448.8265870000005
0.00736000  4448.233403
0.00738000  4447.640219
0.00740000  4447.0470350000005
0.00742000  4446.453851
0.00744000  4445.860667
0.00746000  4445.2674830000005
0.00748000  4444.674299
0.00750000  4444.081115
0.00752000  4443.487931000001
0.00754000  4442.894747
0.00756000  4442.301563
0.00758000  4441.708379000001
0.00760000  4441.115195
0.00762000  4440.522011
0.00764000  4439.928827
0.00766000  4439.335643
0.00768000  4438.742459
0.00770000  4438.149275
0.00772000  4437.556091
0.00774000  4436.962907
0.00776000  4436.369723
0.00778000  4435.776539
0.00780000  4435.183355
0.00782000  4434.590171
0.00784000  4433.996987
0.00786000  4433.403803
0.00788000  4432.810619
0.00790000  4432.2174350000005
0.00792000  4431.624251
0.00794000  4431.031067
0.00796000  4430.4378830000005
0.00798000  4429.844699
0.00800000  4429.251515
0.00802000  4428.6583310000005
0.00804000  4428.065147
0.00806000  4427.471963
0.00808000  4426.878779000001
0.00810000  4426.285595
0.00812000  4425.692411
0.00814000  4425.099227000001
0.00816000  4424.506043
0.00818000  4423.912859
0.00820000  4423.319675000001
0.00822000  4422.726491
0.00824000  4422.133307
0.00826000  4421.540123
0.00828000  4420.946939
0.00830000  4420.353755
0.00832000  4419.760571
0.00834000  4419.167387
0.00836000  4418.574203
0.00838000  4417.981019
0.00840000  4417.387835
0.00842000  4416.794651
0.00844000  4416.201467
0.00846000  4415.6082830000005
0.00848000  4415.015099
0.00850000  4414.421915
0.00852000  4413.8287310000005
0.00854000  4413.235547
0.00856000  4412.642363
0.00858000  4412.049179000001
0.00860000  4411.455995
0.00862000  4410.862811
0.00864000  4410.269627000001
0.00866000  4409.676443
0.00868000  4409.083259
0.00870000  4408.490075000001
0.00872000  4407.896891
0.00874000  4407.303707
0.00876000  4406.710523
0.00878000  4406.117339
0.00880000  4405.524155
0.00882000  4404.930971
0.00884000  4404.337787
0.00886000  4403.744603
0.00888000  4403.151419
0.00890000  4402.558235
0.00892000  4401.965051
0.00894000  4401.371867
0.00896000  4400.7786830000005
0.00898000  4400.185499
0.00900000  4399.592315
0.00902000  4398.9991310000005
0.00904000  4398.405947
0.00906000  4397.812763
0.00908000  4397.2195790000005
0.00910000  4396.626395
0.00912000  4396.033211
0.00914000  4395.440027000001
0.00916000  4394.846843
0.00918000  4394.253659
0.00920000  4393.660475000001
0.00922000  4393.067291
0.00924000  4392.474107
0.00926000  4391.880923000001
0.00928000  4391.287739
0.00930000  4390.694555
0.00932000  4390.101371000001
0.00934000  4389.508187
0.00936000  4388.915003
0.00938000  4388.321819
0.00940000  4387.728635
0.00942000  4387.135451
0.00944000  4386.542267
0.00946000  4385.949083
0.00948000  4385.355899
0.00950000  4384.762715
0.00952000  4384.1695310000005
0.00954000  4383.576347
0.00956000  4382.983163
0.00958000  4382.3899790000005
0.00960000  4381.796795
0.00962000  4381.203611
0.00964000  4380.6104270000005
0.00966000  4380.017243
0.00968000  4379.424059
0.00970000  4378.830875000001
0.00972000  4378.237691
0.00974000  4377.644507
0.00976000  4377.051323000001
0.00978000  4376.458139
0.00980000  4375.864955
0.00982000  4375.271771000001
0.00984000  4374.678587
0.00986000  4374.085403
0.00988000  4373.492219
0.00990000  4372.899035
0.00992000  4372.305851
0.00994000  4371.712667
0.00996000  4371.119483
0.00998000  4370.526299
0.01000000  4369.933115
0.01002000  4369.339931
0.01004000  4368.746747
0.01006000  4368.153563
0.01008000  4367.5603790000005
0.01010000  4366.967195
0.01012000  4366.374011
0.01014000  4365.7808270000005
0.01016000  4365.187643
0.01018000  4364.594459
0.01020000  4364.0012750000005
0.01022000  4363.408091
0.01024000  4362.814907
0.01026000  4362.221723000001
0.01028000  4361.628539
0.01030000  4361.035355
0.01032000  4360.442171000001
0.01034000  4359.848987
0.01036000  4359.255803
0.01038000  4358.662619000001
0.01040000  4358.069435
0.01042000  4357.476251
0.01044000  4356.883067
0.01046000  4356.289883
0.01048000  4355.696699
0.01050000  4355.103515
0.01052000  4354.510331
0.01054000  4353.917147
0.01056000  4353.323963
0.01058000  4352.730779
0.01060000  4352.137595
0.01062000  4351.544411
0.01064000  4350.9512270000005
0.01066000  4350.358043
0.01068000  4349.764859
0.01070000  4349.1716750000005
0.01072000  4348.578491
0.01074000  4347.985307
0.01076000  4347.3921230000005
0.01078000  4346.798939
0.01080000  4346.205755
0.01082000  4345.612571000001
0.01084000  4345.019387
0.01086000  4344.426203
0.01088000  4343.833019000001
0.01090000  4343.239835
0.01092000  4342.646651
0.01094000  4342.053467
0.01096000  4341.460283
0.01098000  4340.867099
0.01100000  4340.273915
0.01102000  4339.680731
0.01104000  4339.087547
0.01106000  4338.494363
0.01108000  4337.901179
0.01110000  4337.307995
0.01112000  4336.714811
0.01114000  4336.121627
0.01116000  4335.528443
0.01118000  4334.935259
0.01120000  4334.3420750000005
0.01122000  4333.748891
0.01124000  4333.155707
0.01126000  4332.5625230000005
0.01128000  4331.969339
0.01130000  4331.376155
0.01132000  4330.7829710000005
0.01134000  4330.189787
0.01136000  4329.596603
0.01138000  4329.003419000001
0.01140000  4328.410235
0.01142000  4327.817051
0.01144000  4327.223867000001
0.01146000  4326.630683
0.01148000  4326.037499
0.01150000  4325.444315000001
0.01152000  4324.851131
0.01154000  4324.257947
0.01156000  4323.664763
0.01158000  4323.071579
0.01160000  4322.478395
0.01162000  4321.885211
0.01164000  4321.292027
0.01166000  4320.698843
0.01168000  4320.105659
0.01170000  4319.512475
0.01172000  4318.919291
0.01174000  4318.326107
0.01176000  4317.7329230000005
0.01178000  4317.139739
0.01180000  4316.546555
0.01182000  4315.9533710000005
0.01184000  4315.360187
0.01186000  4314.767003
0.01188000  4314.173819000001
0.01190000  4313.580635
0.01192000  4312.987451
0.01194000  4312.394267000001
0.01196000  4311.801083
0.01198000  4311.207899
0.01200000  4310.614715
0.01202000  4310.021531
0.01204000  4309.428347
0.01206000  4308.835163
0.01208000  4308.241979
0.01210000  4307.648795
0.01212000  4307.055611
0.01214000  4306.462427
0.01216000  4305.869243
0.01218000  4305.276059
0.01220000  4304.682875
0.01222000  4304.089691
0.01224000  4303.496507
0.01226000  4302.9033230000005
0.01228000  4302.310139
0.01230000  4301.716955
0.01232000  4301.1237710000005
0.01234000  4300.530587
0.01236000  4299.937403
0.01238000  4299.3442190000005
0.01240000  4298.751035
0.01242000  4298.157851
0.01244000  4297.564667000001
0.01246000  4296.971483
0.01248000  4296.378299
0.01250000  4295.785115000001
0.01252000  4295.191931
0.01254000  4294.598747
0.01256000  4294.005563000001
0.01258000  4293.412379
0.01260000  4292.819195
0.01262000  4292.226011000001
0.01264000  4291.632827
0.01266000  4291.039643
0.01268000  4290.446459
0.01270000  4289.853275
0.01272000  4289.260091
0.01274000  4288.666907
0.01276000  4288.073723
0.01278000  4287.480539
0.01280000  4286.887355
0.01282000  4286.2941710000005
0.01284000  4285.700987
0.01286000  4285.107803
0.01288000  4284.5146190000005
0.01290000  4283.921435
0.01292000  4283.328251
0.01294000  4282.7350670000005
0.01296000  4282.141883
0.01298000  4281.548699
0.01300000  4280.955515000001
0.01302000  4280.362331
0.01304000  4279.769147
0.01306000  4279.175963000001
0.01308000  4278.582779
0.01310000  4277.989595
0.01312000  4277.396411
0.01314000  4276.803227
0.01316000  4276.210043
0.01318000  4275.616859
0.01320000  4275.023675
0.01322000  4274.430491
0.01324000  4273.837307
0.01326000  4273.244123
0.01328000  4272.650939
0.01330000  4272.057755
0.01332000  4271.464571
0.01334000  4270.871387
0.01336000  4270.278203
0.01338000  4269.6850190000005
0.01340000  4269.091835
0.01342000  4268.498651
0.01344000  4267.9054670000005
0.01346000  4267.312283
0.01348000  4266.719099
0.01350000  4266.1259150000005
0.01352000  4265.532731
0.01354000  4264.939547
0.01356000  4264.346363000001
0.01358000  4263.753179
0.01360000  4263.159995
0.01362000  4262.566811000001
0.01364000  4261.973627
0.01366000  4261.380443
0.01368000  4260.787259000001
0.01370000  4260.194075
0.01372000  4259.600891
0.01374000  4259.007707
0.01376000  4258.414523
0.01378000  4257.821339
0.01380000  4257.228155
0.01382000  4256.634971
0.01384000  4256.041787
0.01386000  4255.448603
0.01388000  4254.855419
0.01390000  4254.262235
0.01392000  4253.669051
0.01394000  4253.0758670000005
0.01396000  4252.482683
0.01398000  4251.889499
0.01400000  4251.2963150000005
0.01402000  4250.703131
0.01404000  4250.109947
0.01406000  4249.5167630000005
0.01408000  4248.923579
0.01410000  4248.330395
0.01412000  4247.737211000001
0.01414000  4247.144027
0.01416000  4246.550843
0.01418000  4245.957659000001
0.01420000  4245.364475
0.01422000  4244.771291
0.01424000  4244.178107
0.01426000  4243.584923
0.01428000  4242.991739
0.01430000  4242.398555
0.01432000  4241.805371
0.01434000  4241.212187
0.01436000  4240.619003
0.01438000  4240.025819
0.01440000  4239.432635
0.01442000  4238.839451
0.01444000  4238.246267
0.01446000  4237.653083
0.01448000  4237.059899
0.01450000  4236.4667150000005
0.01452000  4235.873531
0.01454000  4235.280347
0.01456000  4234.6871630000005
0.01458000  4234.093979
0.01460000  4233.500795
0.01462000  4232.9076110000005
0.01464000  4232.314427
0.01466000  4231.721243
0.01468000  4231.128059000001
0.01470000  4230.534875
0.01472000  4229.941691
0.01474000  4229.348507000001
0.01476000  4228.755323
0.01478000  4228.162139
0.01480000  4227.568955000001
0.01482000  4226.975771
0.01484000  4226.382587
0.01486000  4225.789403
0.01488000  4225.196219
0.01490000  4224.603035
0.01492000  4224.009851
0.01494000  4223.416667
0.01496000  4222.823483
0.01498000  4222.230299
0.01500000  4221.637115
0.01502000  4221.043931
0.01504000  4220.450747
0.01506000  4219.8575630000005
0.01508000  4219.264379
0.01510000  4218.671195
0.01512000  4218.0780110000005
0.01514000  4217.484827
0.01516000  4216.891643
0.01518000  4216.298459000001
0.01520000  4215.705275
0.01522000  4215.112091
0.01524000  4214.518907000001
0.01526000  4213.925723
0.01528000  4213.332539
0.01530000  4212.739355
0.01532000  4212.146171
0.01534000  4211.552987
0.01536000  4210.959803
0.01538000  4210.366619
0.01540000  4209.773435
0.01542000  4209.180251
0.01544000  4208.587067
0.01546000  4207.993883
0.01548000  4207.400699
0.01550000  4206.807515
0.01552000  4206.214331
0.01554000  4205.621147
0.01556000  4205.027963
0.01558000  4204.434779
0.01560000  4203.841595
0.01562000  4203.2484110000005
0.01564000  4202.655227
0.01566000  4202.062043
0.01568000  4201.4688590000005
0.01570000  4200.875675
0.01572000  4200.282491
0.01574000  4199.689307000001
0.01576000  4199.096123
0.01578000  4198.502939
0.01580000  4197.909755000001
0.01582000  4197.316571
0.01584000  4196.723387
0.01586000  4196.130203000001
0.01588000  4195.537019
0.01590000  4194.943835
0.01592000  4194.350651000001
0.01594000  4193.757467
0.01596000  4193.164283
0.01598000  4192.571099
0.01600000  4191.977915
0.01602000  4191.384731
0.01604000  4190.791547
0.01606000  4190.198363
0.01608000  4189.605179
0.01610000  4189.011995
0.01612000  4188.4188110000005
0.01614000  4187.825627
0.01616000  4187.232443
0.01618000  4186.6392590000005
0.01620000  4186.046075
0.01622000  4185.452891
0.01624000  4184.8597070000005
0.01626000  4184.266523
0.01628000  4183.673339
0.01630000  4183.080155000001
0.01632000  4182.486971
0.01634000  4181.893787
0.01636000  4181.300603000001
0.01638000  4180.707419
0.01640000  4180.114235
0.01642000  4179.521051
0.01644000  4178.927867
0.01646000  4178.334683
0.01648000  4177.741499
0.01650000  4177.148315
0.01652000  4176.555131
0.01654000  4175.961947
0.01656000  4175.368763
0.01658000  4174.775579
0.01660000  4174.182395
0.01662000  4173.589211
0.01664000  4172.996027
0.01666000  4172.402843
0.01668000  4171.8096590000005
0.01670000  4171.216475
0.01672000  4170.623291
0.01674000  4170.0301070000005
0.01676000  4169.436923
0.01678000  4168.843739
0.01680000  4168.2505550000005
0.01682000  4167.657371
0.01684000  4167.064187
0.01686000  4166.471003000001
0.01688000  4165.877819
0.01690000  4165.284635
0.01692000  4164.691451000001
0.01694000  4164.098267
0.01696000  4163.505083
0.01698000  4162.911899000001
0.01700000  4162.318715
0.01702000  4161.725531
0.01704000  4161.132347
0.01706000  4160.539163
0.01708000  4159.945979
0.01710000  4159.352795
0.01712000  4158.759611
0.01714000  4158.166427
0.01716000  4157.573243
0.01718000  4156.980059
0.01720000  4156.386875
0.01722000  4155.793691
0.01724000  4155.2005070000005
0.01726000  4154.607323
0.01728000  4154.014139
0.01730000  4153.4209550000005
0.01732000  4152.827771
0.01734000  4152.234587
0.01736000  4151.6414030000005
0.01738000  4151.048219
0.01740000  4150.455035
0.01742000  4149.861851000001
0.01744000  4149.268667
0.01746000  4148.675483
0.01748000  4148.082299
0.01750000  4147.489115
0.01752000  4146.895931
0.01754000  4146.302747
0.01756000  4145.709563
0.01758000  4145.116379
0.01760000  4144.523195
0.01762000  4143.930011
0.01764000  4143.336827
0.01766000  4142.743643
0.01768000  4142.150459
0.01770000  4141.557275
0.01772000  4140.964091
0.01774000  4140.370907
0.01776000  4139.777723
0.01778000  4139.184539
0.01780000  4138.5913550000005
0.01782000  4137.998171
0.01784000  4137.404987
0.01786000  4136.8118030000005
0.01788000  4136.218619
0.01790000  4135.625435
0.01792000  4135.0322510000005
0.01794000  4134.439067
0.01796000  4133.845883
0.01798000  4133.252699000001
0.01800000  4132.659515
0.01802000  4132.066331
0.01804000  4131.473147000001
0.01806000  4130.879963
0.01808000  4130.286779
0.01810000  4129.693595000001
0.01812000  4129.100411
0.01814000  4128.507227
0.01816000  4127.914043
0.01818000  4127.320859
0.01820000  4126.727675
0.01822000  4126.134491
0.01824000  4125.541307
0.01826000  4124.948123
0.01828000  4124.354939
0.01830000  4123.761755
0.01832000  4123.168571
0.01834000  4122.575387
0.01836000  4121.9822030000005
0.01838000  4121.389019
0.01840000  4120.795835
0.01842000  4120.2026510000005
0.01844000  4119.609467
0.01846000  4119.016283
0.01848000  4118.423099000001
0.01850000  4117.829915
0.01852000  4117.236731
0.01854000  4116.643547000001
0.01856000  4116.050363
0.01858000  4115.457179
0.01860000  4114.863995
0.01862000  4114.270811
0.01864000  4113.677627
0.01866000  4113.084443
0.01868000  4112.491259
0.01870000  4111.898075
0.01872000  4111.304891
0.01874000  4110.711707
0.01876000  4110.118523
0.01878000  4109.525339
0.01880000  4108.932155
0.01882000  4108.338971
0.01884000  4107.745787
0.01886000  4107.152603
0.01888000  4106.559419
0.01890000  4105.966235
0.01892000  4105.3730510000005
0.01894000  4104.779867
0.01896000  4104.186683
0.01898000  4103.5934990000005
0.01900000  4103.000315
0.01902000  4102.407131
0.01904000  4101.813947000001
0.01906000  4101.220763
0.01908000  4100.627579
0.01910000  4100.034395000001
0.01912000  4099.441211
0.01914000  4098.848027
0.01916000  4098.254843000001
0.01918000  4097.661659
0.01920000  4097.068475
0.01922000  4096.475291
0.01924000  4095.8821070000004
0.01926000  4095.288923
0.01928000  4094.6957390000002
0.01930000  4094.1025550000004
0.01932000  4093.509371
0.01934000  4092.9161870000003
0.01936000  4092.323003
0.01938000  4091.729819
0.01940000  4091.1366350000003
0.01942000  4090.543451
0.01944000  4089.950267
0.01946000  4089.3570830000003
0.01948000  4088.763899
0.01950000  4088.170715
0.01952000  4087.5775310000004
0.01954000  4086.984347
0.01956000  4086.3911630000002
0.01958000  4085.797979
0.01960000  4085.204795
0.01962000  4084.6116110000003
0.01964000  4084.018427
0.01966000  4083.425243
0.01968000  4082.8320590000003
0.01970000  4082.238875
0.01972000  4081.645691
0.01974000  4081.0525070000003
0.01976000  4080.459323
0.01978000  4079.866139
0.01980000  4079.2729550000004
0.01982000  4078.679771
0.01984000  4078.0865870000002
0.01986000  4077.4934030000004
0.01988000  4076.900219
0.01990000  4076.3070350000003
0.01992000  4075.713851
0.01994000  4075.120667
0.01996000  4074.5274830000003
0.01998000  4073.934299
0.02000000  4073.341115
0.02002000  4068.83108
0.02004000  4064.667628
0.02006000  4060.829527
0.02008000  4057.275389
0.02010000  4053.756515
0.02012000  4049.552846
0.02014000  4043.910349
0.02016000  4036.319024
0.02018000  4026.18168
0.02020000  4012.838773
0.02022000  3994.695206
0.02024000  3966.985107
0.02026000  3923.845985
0.02028000  3857.933384
0.02030000  3758.937924
0.02032000  3612.816448
0.02034000  3402.662132
0.02036000  3113.406205
0.02038000  2751.65424
0.02040000  2366.296307
0.02042000  1991.260232
0.02044000  1623.183413
0.02046000  1240.916142
0.02048000  839.942751
0.02050000  490.919738
0.02052000  278.67044
0.02054000  171.087551
0.02056000  123.276806
0.02058000  107.470119
0.02060000  117.686961
0.02062000  162.545856
0.02064000  266.205535
0.02066000  463.59367
0.02068000  768.452252
0.02070000  1169.170262
0.02072000  1636.524004
0.02074000  2129.97325
0.02076000  2610.079856
0.02078000  3043.787201
0.02080000  3407.710803
0.02082000  3694.768636
0.02084000  3912.213499
0.02086000  4073.826228
0.02088000  4193.392853
0.02090000  4282.158807
0.02092000  4348.549138
0.02094000  4398.62939
0.02096000  4436.719973
0.02098000  4465.931956
0.02100000  4488.494736
0.02102000  4506.020805
0.02104000  4519.700574
0.02106000  4530.409984
0.02108000  4538.813122
0.02110000  4545.425049
0.02112000  4550.638566
0.02114000  4554.749491
0.02116000  4557.988328
0.02118000  4560.53407
0.02120000  4562.528927
0.02122000  4564.080395
0.02124000  4565.28247
0.02126000  4566.205087
0.02128000  4566.903189
0.02130000  4567.428353
0.02132000  4567.820516
0.02134000  4568.110947
0.02136000  4568.327974
0.02138000  4568.499848
0.02140000  4568.646326
0.02142000  4568.77024
0.02144000  4568.882868
0.02146000  4568.984214
0.02148000  4569.08273
0.02150000  4569.181228
0.02152000  4569.279711
0.02154000  4569.380991
0.02156000  4569.485066
0.02158000  4569.591935
0.02160000  4569.704409
0.02162000  4569.816861
0.02164000  4569.932103
0.02166000  4570.047323
0.02168000  4570.16533
0.02170000  4570.286122
0.02172000  4570.404082
0.02174000  4570.524826
0.02176000  4570.645546
0.02178000  4570.766242
0.02180000  4570.88972
0.02182000  4571.010366
0.02184000  4571.130988
0.02186000  4571.251586
0.02188000  4571.37216
0.02190000  4571.492709
0.02192000  4571.613234
0.02194000  4571.733734
0.02196000  4571.854211
0.02198000  4571.971862
0.02200000  4572.09229
0.02202000  4572.209894
0.02204000  4572.327475
0.02206000  4572.445033
0.02208000  4572.562567
0.02210000  4572.680079
0.02212000  4572.797567
0.02214000  4572.912236
0.02216000  4573.029678
0.02218000  4573.144302
0.02220000  4573.258904
0.02222000  4573.373484
0.02224000  4573.488042
0.02226000  4573.602578
0.02228000  4573.714298
0.02230000  4573.828791
0.02232000  4573.940469
0.02234000  4574.052126
0.02236000  4574.163763
0.02238000  4574.275378
0.02240000  4574.386973
0.02242000  4574.498547
0.02244000  4574.607311
0.02246000  4574.718843
0.02248000  4574.827566
0.02250000  4574.93627
0.02252000  4575.044954
0.02254000  4575.153618
0.02256000  4575.262262
0.02258000  4575.370886
0.02260000  4575.476706
0.02262000  4575.585291
0.02264000  4575.691072
0.02266000  4575.796835
0.02268000  4575.902578
0.02270000  4576.008303
0.02272000  4576.114009
0.02274000  4576.219696
0.02276000  4576.322584
0.02278000  4576.425453
0.02280000  4576.531085
0.02282000  4576.633918
0.02284000  4576.736734
0.02286000  4576.839531
0.02288000  4576.942311
0.02290000  4577.042296
0.02292000  4577.14504
0.02294000  4577.247767
0.02296000  4577.3477
0.02298000  4577.447616
0.02300000  4577.547515
0.02302000  4576.954331
0.02304000  4576.3611470000005
0.02306000  4575.767963
0.02308000  4575.174779
0.02310000  4574.581595000001
0.02312000  4573.988411
0.02314000  4573.395227
0.02316000  4572.802043000001
0.02318000  4572.208859
0.02320000  4571.615675
0.02322000  4571.022491000001
0.02324000  4570.429307
0.02326000  4569.836123
0.02328000  4569.242939
0.02330000  4568.649755
0.02332000  4568.056571
0.02334000  4567.463387
0.02336000  4566.870203
0.02338000  4566.277019
0.02340000  4565.683835
0.02342000  4565.090651
0.02344000  4564.497467
0.02346000  4563.904283
0.02348000  4563.3110990000005
0.02350000  4562.717915
0.02352000  4562.124731
0.02354000  4561.5315470000005
0.02356000  4560.938363
0.02358000  4560.345179
0.02360000  4559.7519950000005
0.02362000  4559.158811
0.02364000  4558.565627
0.02366000  4557.972443000001
0.02368000  4557.379259
0.02370000  4556.786075
0.02372000  4556.192891000001
0.02374000  4555.599707
0.02376000  4555.006523
0.02378000  4554.413339000001
0.02380000  4553.820155
0.02382000  4553.226971
0.02384000  4552.633787
0.02386000  4552.040603
0.02388000  4551.447419
0.02390000  4550.854235
0.02392000  4550.261051
0.02394000  4549.667867
0.02396000  4549.074683
0.02398000  4548.481499
0.02400000  4547.888315
0.02402000  4547.295131
0.02404000  4546.7019470000005
0.02406000  4546.108763
0.02408000  4545.515579
0.02410000  4544.9223950000005
0.02412000  4544.329211
0.02414000  4543.736027
0.02416000  4543.1428430000005
0.02418000  4542.549659
0.02420000  4541.956475
0.02422000  4541.363291000001
0.02424000  4540.770107
0.02426000  4540.176923
0.02428000  4539.583739000001
0.02430000  4538.990555
0.02432000  4538.397371
0.02434000  4537.804187000001
0.02436000  4537.211003
0.02438000  4536.617819
0.02440000  4536.024635
0.02442000  4535.431451
0.02444000  4534.838267
0.02446000  4534.245083
0.02448000  4533.651899
0.02450000  4533.058715
0.02452000  4532.465531
0.02454000  4531.872347
0.02456000  4531.279163
0.02458000  4530.685979
0.02460000  4530.0927950000005
0.02462000  4529.499611
0.02464000  4528.906427
0.02466000  4528.3132430000005
0.02468000  4527.720059
0.02470000  4527.126875
0.02472000  4526.5336910000005
0.02474000  4525.940507
0.02476000  4525.347323
0.02478000  4524.754139000001
0.02480000  4524.160955
0.02482000  4523.567771
0.02484000  4522.974587000001
0.02486000  4522.381403
0.02488000  4521.788219
0.02490000  4521.195035000001
0.02492000  4520.601851
0.02494000  4520.008667
0.02496000  4519.415483
0.02498000  4518.822299
0.02500000  4518.229115
0.02502000  4517.635931
0.02504000  4517.042747
0.02506000  4516.449563
0.02508000  4515.856379
0.02510000  4515.263195
0.02512000  4514.670011
0.02514000  4514.076827
0.02516000  4513.4836430000005
0.02518000  4512.890459
0.02520000  4512.297275
0.02522000  4511.7040910000005
0.02524000  4511.110907
0.02526000  4510.517723
0.02528000  4509.924539000001
0.02530000  4509.331355
0.02532000  4508.738171
0.02534000  4508.144987000001
0.02536000  4507.551803
0.02538000  4506.958619
0.02540000  4506.365435000001
0.02542000  4505.772251
0.02544000  4505.179067
0.02546000  4504.585883
0.02548000  4503.992699
0.02550000  4503.399515
0.02552000  4502.806331
0.02554000  4502.213147
0.02556000  4501.619963
0.02558000  4501.026779
0.02560000  4500.433595
0.02562000  4499.840411
0.02564000  4499.247227
0.02566000  4498.6540430000005
0.02568000  4498.060859
0.02570000  4497.467675
0.02572000  4496.8744910000005
0.02574000  4496.281307
0.02576000  4495.688123
0.02578000  4495.0949390000005
0.02580000  4494.501755
0.02582000  4493.908571
0.02584000  4493.315387000001
0.02586000  4492.722203
0.02588000  4492.129019
0.02590000  4491.535835000001
0.02592000  4490.942651
0.02594000  4490.349467
0.02596000  4489.756283000001
0.02598000  4489.163099
0.02600000  4488.569915
0.02602000  4487.976731000001
0.02604000  4487.383547
0.02606000  4486.790363
0.02608000  4486.197179
0.02610000  4485.603995
0.02612000  4485.010811
0.02614000  4484.417627
0.02616000  4483.824443
0.02618000  4483.231259
0.02620000  4482.638075
0.02622000  4482.0448910000005
0.02624000  4481.451707
0.02626000  4480.858523
0.02628000  4480.2653390000005
0.02630000  4479.672155
0.02632000  4479.078971
0.02634000  4478.4857870000005
0.02636000  4477.892603
0.02638000  4477.299419
0.02640000  4476.706235000001
0.02642000  4476.113051
0.02644000  4475.519867
0.02646000  4474.926683000001
0.02648000  4474.333499
0.02650000  4473.740315
0.02652000  4473.147131000001
0.02654000  4472.553947
0.02656000  4471.960763
0.02658000  4471.367579
0.02660000  4470.774395
0.02662000  4470.181211
0.02664000  4469.588027
0.02666000  4468.994843
0.02668000  4468.401659
0.02670000  4467.808475
0.02672000  4467.215291
0.02674000  4466.622107
0.02676000  4466.028923
0.02678000  4465.4357390000005
0.02680000  4464.842555
0.02682000  4464.249371
0.02684000  4463.6561870000005
0.02686000  4463.063003
0.02688000  4462.469819
0.02690000  4461.8766350000005
0.02692000  4461.283451
0.02694000  4460.690267
0.02696000  4460.097083000001
0.02698000  4459.503899
0.02700000  4458.910715
0.02702000  4458.317531000001
0.02704000  4457.724347
0.02706000  4457.131163
0.02708000  4456.537979000001
0.02710000  4455.944795
0.02712000  4455.351611
0.02714000  4454.758427
0.02716000  4454.165243
0.02718000  4453.572059
0.02720000  4452.978875
0.02722000  4452.385691
0.02724000  4451.792507
0.02726000  4451.199323
0.02728000  4450.606139
0.02730000  4450.012955
0.02732000  4449.419771
0.02734000  4448.8265870000005
0.02736000  4448.233403
0.02738000  4447.640219
0.02740000  4447.0470350000005
0.02742000  4446.453851
0.02744000  4445.860667
0.02746000  4445.2674830000005
0.02748000  4444.674299
0.02750000  4444.081115
0.02752000  4443.487931000001
0.02754000  4442.894747
0.02756000  4442.301563
0.02758000  4441.708379000001
0.02760000  4441.115195
0.02762000  4440.522011
0.02764000  4439.928827
0.02766000  4439.335643
0.02768000  4438.742459
0.02770000  4438.149275
0.02772000  4437.556091
0.02774000  4436.962907
0.02776000  4436.369723
0.02778000  4435.776539
0.02780000  4435.183355
0.02782000  4434.590171
0.02784000  4433.996987
0.02786000  4433.403803
0.02788000  4432.810619
0.02790000  4432.2174350000005
0.02792000  4431.624251
0.02794000  4431.031067
0.02796000  4430.4378830000005
0.02798000  4429.844699
0.02800000  4429.251515
0.02802000  4428.6583310000005
0.02804000  4428.065147
0.02806000  4427.471963
0.02808000  4426.878779000001
0.02810000  4426.285595
0.02812000  4425.692411
0.02814000  4425.099227000001
0.02816000  4424.506043
0.02818000  4423.912859
0.02820000  4423.319675000001
0.02822000  4422.726491
0.02824000  4422.133307
0.02826000  4421.540123
0.02828000  4420.946939
0.02830000  4420.353755
0.02832000  4419.760571
0.02834000  4419.167387
0.02836000  4418.574203
0.02838000  4417.981019
0.02840000  4417.387835
0.02842000  4416.794651
0.02844000  4416.201467
0.02846000  4415.6082830000005
0.02848000  4415.015099
0.02850000  4414.421915
0.02852000  4413.8287310000005
0.02854000  4413.235547
0.02856000  4412.642363
0.02858000  4412.049179000001
0.02860000  4411.455995
0.02862000  4410.862811
0.02864000  4410.269627000001
0.02866000  4409.676443
0.02868000  4409.083259
0.02870000  4408.490075000001
0.02872000  4407.896891
0.02874000  4407.303707
0.02876000  4406.710523
0.02878000  4406.117339
0.02880000  4405.524155
0.02882000  4404.930971
0.02884000  4404.337787
0.02886000  4403.744603
0.02888000  4403.151419
0.02890000  4402.558235
0.02892000  4401.965051
0.02894000  4401.371867
0.02896000  4400.7786830000005
0.02898000  4400.185499
0.02900000  4399.592315
0.02902000  4398.9991310000005
0.02904000  4398.405947
0.02906000  4397.812763
0.02908000  4397.2195790000005
0.02910000  4396.626395
0.02912000  4396.033211
0.02914000  4395.440027000001
0.02916000  4394.846843
0.02918000  4394.253659
0.02920000  4393.660475000001
0.02922000  4393.067291
0.02924000  4392.474107
0.02926000  4391.880923000001
0.02928000  4391.287739
0.02930000  4390.694555
0.02932000  4390.101371000001
0.02934000  4389.508187
0.02936000  4388.915003
0.02938000  4388.321819
0.02940000  4387.728635
0.02942000  4387.135451
0.02944000  4386.542267
0.02946000  4385.949083
0.02948000  4385.355899
0.02950000  4384.762715
0.02952000  4384.1695310000005
0.02954000  4383.576347
0.02956000  4382.983163
0.02958000  4382.3899790000005
0.02960000  4381.796795
0.02962000  4381.203611
0.02964000  4380.6104270000005
0.02966000  4380.017243
0.02968000  4379.424059
0.02970000  4378.830875000001
0.02972000  4378.237691
0.02974000  4377.644507
0.02976000  4377.051323000001
0.02978000  4376.458139
0.02980000  4375.864955
0.02982000  4375.271771000001
0.02984000  4374.678587
0.02986000  4374.085403
0.02988000  4373.492219
0.02990000  4372.899035
0.02992000  4372.305851
0.02994000  4371.712667
0.02996000  4371.119483
0.02998000  4370.526299
0.03000000  4369.933115
0.03002000  4369.339931
0.03004000  4368.746747
0.03006000  4368.153563
0.03008000  4367.5603790000005
0.03010000  4366.967195
0.03012000  4366.374011
0.03014000  4365.7808270000005
0.03016000  4365.187643
0.03018000  4364.594459
0.03020000  4364.0012750000005
0.03022000  4363.408091
0.03024000  4362.814907
0.03026000  4362.221723000001
0.03028000  4361.628539
0.03030000  4361.035355
0.03032000  4360.442171000001
0.03034000  4359.848987
0.03036000  4359.255803
0.03038000  4358.662619000001
0.03040000  4358.069435
0.03042000  4357.476251
0.03044000  4356.883067
0.03046000  4356.289883
0.03048000  4355.696699
0.03050000  4355.103515
0.03052000  4354.510331
0.03054000  4353.917147
0.03056000  4353.323963
0.03058000  4352.730779
0.03060000  4352.137595
0.03062000  4351.544411
0.03064000  4350.9512270000005
0.03066000  4350.358043
0.03068000  4349.764859
0.03070000  4349.1716750000005
0.03072000  4348.578491
0.03074000  4347.985307
0.03076000  4347.3921230000005
0.03078000  4346.798939
0.03080000  4346.205755
0.03082000  4345.612571000001
0.03084000  4345.019387
0.03086000  4344.426203
0.03088000  4343.833019000001
0.03090000  4343.239835
0.03092000  4342.646651
0.03094000  4342.053467
0.03096000  4341.460283
0.03098000  4340.867099
0.03100000  4340.273915
0.03102000  4339.680731
0.03104000  4339.087547
0.03106000  4338.494363
0.03108000  4337.901179
0.03110000  4337.307995
0.03112000  4336.714811
0.03114000  4336.121627
0.03116000  4335.528443
0.03118000  4334.935259
0.03120000  4334.3420750000005
0.03122000  4333.748891
0.03124000  4333.155707
0.03126000  4332.5625230000005
0.03128000  4331.969339
0.03130000  4331.376155
0.03132000  4330.7829710000005
0.03134000  4330.189787
0.03136000  4329.596603
0.03138000  4329.003419000001
0.03140000  4328.410235
0.03142000  4327.817051
0.03144000  4327.223867000001
0.03146000  4326.630683
0.03148000  4326.037499
0.03150000  4325.444315000001
0.03152000  4324.851131
0.03154000  4324.257947
0.03156000  4323.664763
0.03158000  4323.071579
0.03160000  4322.478395
0.03162000  4321.885211
0.03164000  4321.292027
0.03166000  4320.698843
0.03168000  4320.105659
0.03170000  4319.512475
0.03172000  4318.919291
0.03174000  4318.326107
0.03176000  4317.7329230000005
0.03178000  4317.139739
0.03180000  4316.546555
0.03182000  4315.9533710000005
0.03184000  4315.360187
0.03186000  4314.767003
0.03188000  4314.173819000001
0.03190000  4313.580635
0.03192000  4312.987451
0.03194000  4312.394267000001
0.03196000  4311.801083
0.03198000  4311.207899
0.03200000  4310.614715
0.03202000  4310.021531
0.03204000  4309.428347
0.03206000  4308.835163
0.03208000  4308.241979
0.03210000  4307.648795
0.03212000  4307.055611
0.03214000  4306.462427
0.03216000  4305.869243
0.03218000  4305.276059
0.03220000  4304.682875
0.03222000  4304.089691
0.03224000  4303.496507
0.03226000  4302.9033230000005
0.03228000  4302.310139
0.03230000  4301.716955
0.03232000  4301.1237710000005
0.03234000  4300.530587
0.03236000  4299.937403
0.03238000  4299.3442190000005
0.03240000  4298.751035
0.03242000  4298.157851
0.03244000  4297.564667000001
0.03246000  4296.971483
0.03248000  4296.378299
0.03250000  4295.785115000001
0.03252000  4295.191931
0.03254000  4294.598747
0.03256000  4294.005563000001
0.03258000  4293.412379
0.03260000  4292.819195
0.03262000  4292.226011000001
0.03264000  4291.632827
0.03266000  4291.039643
0.03268000  4290.446459
0.03270000  4289.853275
0.03272000  4289.260091
0.03274000  4288.666907
0.03276000  4288.073723
0.03278000  4287.480539
0.03280000  4286.887355
0.03282000  4286.2941710000005
0.03284000  4285.700987
0.03286000  4285.107803
0.03288000  4284.5146190000005
0.03290000  4283.921435
0.03292000  4283.328251
0.03294000  4282.7350670000005
0.03296000  4282.141883
0.03298000  4281.548699
0.03300000  4280.955515000001
0.03302000  4280.362331
0.03304000  4279.769147
0.03306000  4279.175963000001
0.03308000  4278.582779
0.03310000  4277.989595
0.03312000  4277.396411
0.03314000  4276.803227
0.03316000  4276.210043
0.03318000  4275.616859
0.03320000  4275.023675
0.03322000  4274.430491
0.03324000  4273.837307
0.03326000  4273.244123
0.03328000  4272.650939
0.03330000  4272.057755
0.03332000  4271.464571
0.03334000  4270.871387
0.03336000  4270.278203
0.03338000  4269.6850190000005
0.03340000  4269.091835
0.03342000  4268.498651
0.03344000  4267.9054670000005
0.03346000  4267.312283
0.03348000  4266.719099
0.03350000  4266.1259150000005
0.03352000  4265.532731
0.03354000  4264.939547
0.03356000  4264.346363000001
0.03358000  4263.753179
0.03360000  4263.159995
0.03362000  4262.566811000001
0.03364000  4261.973627
0.03366000  4261.380443
0.03368000  4260.787259000001
0.03370000  4260.194075
0.03372000  4259.600891
0.03374000  4259.007707
0.03376000  4258.414523
0.03378000  4257.821339
0.03380000  4257.228155
0.03382000  4256.634971
0.03384000  4256.041787
0.03386000  4255.448603
0.03388000  4254.855419
0.03390000  4254.262235
0.03392000  4253.669051
0.03394000  4253.0758670000005
0.03396000  4252.482683
0.03398000  4251.889499
0.03400000  4251.2963150000005
0.03402000  4250.703131
0.03404000  4250.109947
0.03406000  4249.5167630000005
0.03408000  4248.923579
0.03410000  4248.330395
0.03412000  4247.737211000001
0.03414000  4247.144027
0.03416000  4246.550843
0.03418000  4245.957659000001
0.03420000  4245.364475
0.03422000  4244.771291
0.03424000  4244.178107
0.03426000  4243.584923
0.03428000  4242.991739
0.03430000  4242.398555
0.03432000  4241.805371
0.03434000  4241.212187
0.03436000  4240.619003
0.03438000  4240.025819
0.03440000  4239.432635
0.03442000  4238.839451
0.03444000  4238.246267
0.03446000  4237.653083
0.03448000  4237.059899
0.03450000  4236.4667150000005
0.03452000  4235.873531
0.03454000  4235.280347
0.03456000  4234.6871630000005
0.03458000  4234.093979
0.03460000  4233.500795
0.03462000  4232.9076110000005
0.03464000  4232.314427
0.03466000  4231.721243
0.03468000  4231.128059000001
0.03470000  4230.534875
0.03472000  4229.941691
0.03474000  4229.348507000001
0.03476000  4228.755323
0.03478000  4228.162139
0.03480000  4227.568955000001
0.03482000  4226.975771
0.03484000  4226.382587
0.03486000  4225.789403
0.03488000  4225.196219
0.03490000  4224.603035
0.03492000  4224.009851
0.03494000  4223.416667
0.03496000  4222.823483
0.03498000  4222.230299
0.03500000  4221.637115
0.03502000  4221.043931
0.03504000  4220.450747
0.03506000  4219.8575630000005
0.03508000  4219.264379
0.03510000  4218.671195
0.03512000  4218.0780110000005
0.03514000  4217.484827
0.03516000  4216.891643
0.03518000  4216.298459000001
0.03520000  4215.705275
0.03522000  4215.112091
0.03524000  4214.518907000001
0.03526000  4213.925723
0.03528000  4213.332539
0.03530000  4212.739355
0.03532000  4212.146171
0.03534000  4211.552987
0.03536000  4210.959803
0.03538000  4210.366619
0.03540000  4209.773435
0.03542000  4209.180251
0.03544000  4208.587067
0.03546000  4207.993883
0.03548000  4207.400699
0.03550000  4206.807515
0.03552000  4206.214331
0.03554000  4205.621147
0.03556000  4205.027963
0.03558000  4204.434779
0.03560000  4203.841595
0.03562000  4203.2484110000005
0.03564000  4202.655227
0.03566000  4202.062043
0.03568000  4201.4688590000005
0.03570000  4200.875675
0.03572000  4200.282491
0.03574000  4199.689307000001
0.03576000  4199.096123
0.03578000  4198.502939
0.03580000  4197.909755000001
0.03582000  4197.316571
0.03584000  4196.723387
0.03586000  4196.130203000001
0.03588000  4195.537019
0.03590000  4194.943835
0.03592000  4194.350651000001
0.03594000  4193.757467
0.03596000  4193.164283
0.03598000  4192.571099
0.03600000  4191.977915
0.03602000  4191.384731
0.03604000  4190.791547
0.03606000  4190.198363
0.03608000  4189.605179
0.03610000  4189.011995
0.03612000  4188.4188110000005
0.03614000  4187.825627
0.03616000  4187.232443
0.03618000  4186.6392590000005
0.03620000  4186.046075
0.03622000  4185.452891
0.03624000  4184.8597070000005
0.03626000  4184.266523
0.03628000  4183.673339
0.03630000  4183.080155000001
0.03632000  4182.486971
0.03634000  4181.893787
0.03636000  4181.300603000001
0.03638000  4180.707419
0.03640000  4180.114235
0.03642000  4179.521051
0.03644000  4178.927867
0.03646000  4178.334683
0.03648000  4177.741499
0.03650000  4177.148315
0.03652000  4176.555131
0.03654000  4175.961947
0.03656000  4175.368763
0.03658000  4174.775579
0.03660000  4174.182395
0.03662000  4173.589211
0.03664000  4172.996027
0.03666000  4172.402843
0.03668000  4171.8096590000005
0.03670000  4171.216475
0.03672000  4170.623291
0.03674000  4170.0301070000005
0.03676000  4169.436923
0.03678000  4168.843739
0.03680000  4168.2505550000005
0.03682000  4167.657371
0.03684000  4167.064187
0.03686000  4166.471003000001
0.03688000  4165.877819
0.03690000  4165.284635
0.03692000  4164.691451000001
0.03694000  4164.098267
0.03696000  4163.505083
0.03698000  4162.911899000001
0.03700000  4162.318715
0.03702000  4161.725531
0.03704000  4161.132347
0.03706000  4160.539163
0.03708000  4159.945979
0.03710000  4159.352795
0.03712000  4158.759611
0.03714000  4158.166427
0.03716000  4157.573243
0.03718000  4156.980059
0.03720000  4156.386875
0.03722000  4155.793691
0.03724000  4155.2005070000005
0.03726000  4154.607323
0.03728000  4154.014139
0.03730000  4153.4209550000005
0.03732000  4152.827771
0.03734000  4152.234587
0.03736000  4151.6414030000005
0.03738000  4151.048219
0.03740000  4150.455035
0.03742000  4149.861851000001
0.03744000  4149.268667
0.03746000  4148.675483
0.03748000  4148.082299
0.03750000  4147.489115
0.03752000  4146.895931
0.03754000  4146.302747
0.03756000  4145.709563
0.03758000  4145.116379
0.03760000  4144.523195
0.03762000  4143.930011
0.03764000  4143.336827
0.03766000  4142.743643
0.03768000  4142.150459
0.03770000  4141.557275
0.03772000  4140.964091
0.03774000  4140.370907
0.03776000  4139.777723
0.03778000  4139.184539
0.03780000  4138.5913550000005
0.03782000  4137.998171
0.03784000  4137.404987
0.03786000  4136.8118030000005
0.03788000  4136.218619
0.03790000  4135.625435
0.03792000  4135.0322510000005
0.03794000  4134.439067
0.03796000  4133.845883
0.03798000  4133.252699000001
0.03800000  4132.659515
0.03802000  4132.066331
0.03804000  4131.473147000001
0.03806000  4130.879963
0.03808000  4130.286779
0.03810000  4129.693595000001
0.03812000  4129.100411
0.03814000  4128.507227
0.03816000  4127.914043
0.03818000  4127.320859
0.03820000  4126.727675
0.03822000  4126.134491
0.03824000  4125.541307
0.03826000  4124.948123
0.03828000  4124.354939
0.03830000  4123.761755
0.03832000  4123.168571
0.03834000  4122.575387
0.03836000  4121.9822030000005
0.03838000  4121.389019
0.03840000  4120.795835
0.03842000  4120.2026510000005
0.03844000  4119.609467
0.03846000  4119.016283
0.03848000  4118.423099000001
0.03850000  4117.829915
0.03852000  4117.236731
0.03854000  4116.643547000001
0.03856000  4116.050363
0.03858000  4115.457179
0.03860000  4114.863995
0.03862000  4114.270811
0.03864000  4113.677627
0.03866000  4113.084443
0.03868000  4112.491259
0.03870000  4111.898075
0.03872000  4111.304891
0.03874000  4110.711707
0.03876000  4110.118523
0.03878000  4109.525339
0.03880000  4108.932155
0.03882000  4108.338971
0.03884000  4107.745787
0.03886000  4107.152603
0.03888000  4106.559419
0.03890000  4105.966235
0.03892000  4105.3730510000005
0.03894000  4104.779867
0.03896000  4104.186683
0.03898000  4103.5934990000005
0.03900000  4103.000315
0.03902000  4102.407131
0.03904000  4101.813947000001
0.03906000  4101.220763
0.03908000  4100.627579
0.03910000  4100.034395000001
0.03912000  4099.441211
0.03914000  4098.848027
0.03916000  4098.254843000001
0.03918000  4097.661659
0.03920000  4097.068475
0.03922000  4096.475291
0.03924000  4095.8821070000004
0.03926000  4095.288923
0.03928000  4094.6957390000002
0.03930000  4094.1025550000004
0.03932000  4093.509371
0.03934000  4092.9161870000003
0.03936000  4092.323003
0.03938000  4091.729819
0.03940000  4091.1366350000003
0.03942000  4090.543451
0.03944000  4089.950267
0.03946000  4089.3570830000003
0.03948000  4088.763899
0.03950000  4088.170715
0.03952000  4087.5775310000004
0.03954000  4086.984347
0.03956000  4086.3911630000002
0.03958000  4085.797979
0.03960000  4085.204795
0.03962000  4084.6116110000003
0.03964000  4084.018427
0.03966000  4083.425243
0.03968000  4082.8320590000003
0.03970000  4082.238875
0.03972000  4081.645691
0.03974000  4081.0525070000003
0.03976000  4080.459323
0.03978000  4079.866139
0.03980000  4079.2729550000004
0.03982000  4078.679771
0.03984000  4078.0865870000002
0.03986000  4077.4934030000004
0.03988000  4076.900219
0.03990000  4076.3070350000003
0.03992000  4075.713851
0.03994000  4075.120667
0.03996000  4074.5274830000003
0.03998000  4073.934299
0.04000000  4073.341115
0.04002000  4068.83108
0.04004000  4064.667628
0.04006000  4060.829527
0.04008000  4057.275389
0.04010000  4053.756515
0.04012000  4049.552846
0.04014000  4043.910349
0.04016000  4036.319024
0.04018000  4026.18168
0.04020000  4012.838773
0.04022000  3994.695206
0.04024000  3966.985107
0.04026000  3923.845985
0.04028000  3857.933384
0.04030000  3758.937924
0.04032000  3612.816448
0.04034000  3402.662132
0.04036000  3113.406205
0.04038000  2751.65424
0.04040000  2366.296307
0.04042000  1991.260232
0.04044000  1623.183413
0.04046000  1240.916142
0.04048000  839.942751
0.04050000  490.919738
0.04052000  278.67044
0.04054000  171.087551
0.04056000  123.276806
0.04058000  107.470119
0.04060000  117.686961
0.04062000  162.545856
0.04064000  266.205535
0.04066000  463.59367
0.04068000  768.452252
0.04070000  1169.170262
0.04072000  1636.524004
0.04074000  2129.97325
0.04076000  2610.079856
0.04078000  3043.787201
0.04080000  3407.710803
0.04082000  3694.768636
0.04084000  3912.213499
0.04086000  4073.826228
0.04088000  4193.392853
0.04090000  4282.158807
0.04092000  4348.549138
0.04094000  4398.62939
0.04096000  4436.719973
0.04098000  4465.931956
0.04100000  4488.494736
0.04102000  4506.020805
0.04104000  4519.700574
0.04106000  4530.409984
0.04108000  4538.813122
0.04110000  4545.425049
0.04112000  4550.638566
0.04114000  4554.749491
0.04116000  4557.988328
0.04118000  4560.53407
0.04120000  4562.528927
0.04122000  4564.080395
0.04124000  4565.28247
0.04126000  4566.205087
0.04128000  4566.903189
0.04130000  4567.428353
0.04132000  4567.820516
0.04134000  4568.110947
0.04136000  4568.327974
0.04138000  4568.499848
0.04140000  4568.646326
0.04142000  4568.77024
0.04144000  4568.882868
0.04146000  4568.984214
0.04148000  4569.08273
0.04150000  4569.181228
0.04152000  4569.279711
0.04154000  4569.380991
0.04156000  4569.485066
0.04158000  4569.591935
0.04160000  4569.704409
0.04162000  4569.816861
0.04164000  4569.932103
0.04166000  4570.047323
0.04168000  4570.16533
0.04170000  4570.286122
0.04172000  4570.404082
0.04174000  4570.524826
0.04176000  4570.645546
0.04178000  4570.766242
0.04180000  4570.88972
0.04182000  4571.010366
0.04184000  4571.130988
0.04186000  4571.251586
0.04188000  4571.37216
0.04190000  4571.492709
0.04192000  4571.613234
0.04194000  4571.733734
0.04196000  4571.854211
0.04198000  4571.971862
0.04200000  4572.09229
0.04202000  4572.209894
0.04204000  4572.327475
0.04206000  4572.445033
0.04208000  4572.562567
0.04210000  4572.680079
0.04212000  4572.797567
0.04214000  4572.912236
0.04216000  4573.029678
0.04218000  4573.144302
0.04220000  4573.258904
0.04222000  4573.373484
0.04224000  4573.488042
0.04226000  4573.602578
0.04228000  4573.714298
0.04230000  4573.828791
0.04232000  4573.940469
0.04234000  4574.052126
0.04236000  4574.163763
0.04238000  4574.275378
0.04240000  4574.386973
0.04242000  4574.498547
0.04244000  4574.607311
0.04246000  4574.718843
0.04248000  4574.827566
0.04250000  4574.93627
0.04252000  4575.044954
0.04254000  4575.153618
0.04256000  4575.262262
0.04258000  4575.370886
0.04260000  4575.476706
0.04262000  4575.585291
0.04264000  4575.691072
0.04266000  4575.796835
0.04268000  4575.902578
0.04270000  4576.008303
0.04272000  4576.114009
0.04274000  4576.219696
0.04276000  4576.322584
0.04278000  4576.425453
0.04280000  4576.531085
0.04282000  4576.633918
0.04284000  4576.736734
0.04286000  4576.839531
0.04288000  4576.942311
0.04290000  4577.042296
0.04292000  4577.14504
0.04294000  4577.247767
0.04296000  4577.3477
0.04298000  4577.447616
0.04300000  4577.547515
0.04302000  4576.954331
0.04304000  4576.3611470000005
0.04306000  4575.767963
0.04308000  4575.174779
0.04310000  4574.581595000001
0.04312000  4573.988411
0.04314000  4573.395227
0.04316000  4572.802043000001
0.04318000  4572.208859
0.04320000  4571.615675
0.04322000  4571.022491000001
0.04324000  4570.429307
0.04326000  4569.836123
0.04328000  4569.242939
0.04330000  4568.649755
0.04332000  4568.056571
0.04334000  4567.463387
0.04336000  4566.870203
0.04338000  4566.277019
0.04340000  4565.683835
0.04342000  4565.090651
0.04344000  4564.497467
0.04346000  4563.904283
0.04348000  4563.3110990000005
0.04350000  4562.717915
0.04352000  4562.124731
0.04354000  4561.5315470000005
0.04356000  4560.938363
0.04358000  4560.345179
0.04360000  4559.7519950000005
0.04362000  4559.158811
0.04364000  4558.565627
0.04366000  4557.972443000001
0.04368000  4557.379259
0.04370000  4556.786075
0.04372000  4556.192891000001
0.04374000  4555.599707
0.04376000  4555.006523
0.04378000  4554.413339000001
0.04380000  4553.820155
0.04382000  4553.226971
0.04384000  4552.633787
0.04386000  4552.040603
0.04388000  4551.447419
0.04390000  4550.854235
0.04392000  4550.261051
0.04394000  4549.667867
0.04396000  4549.074683
0.04398000  4548.481499
0.04400000  4547.888315
0.04402000  4547.295131
0.04404000  4546.7019470000005
0.04406000  4546.108763
0.04408000  4545.515579
0.04410000  4544.9223950000005
0.04412000  4544.329211
0.04414000  4543.736027
0.04416000  4543.1428430000005
0.04418000  4542.549659
0.04420000  4541.956475
0.04422000  4541.363291000001
0.04424000  4540.770107
0.04426000  4540.176923
0.04428000  4539.583739000001
0.04430000  4538.990555
0.04432000  4538.397371
0.04434000  4537.804187000001
0.04436000  4537.211003
0.04438000  4536.617819
0.04440000  4536.024635
0.04442000  4535.431451
0.04444000  4534.838267
0.04446000  4534.245083
0.04448000  4533.651899
0.04450000  4533.058715
0.04452000  4532.465531
0.04454000  4531.872347
0.04456000  4531.279163
0.04458000  4530.685979
0.04460000  4530.0927950000005
0.04462000  4529.499611
0.04464000  4528.906427
0.04466000  4528.3132430000005
0.04468000  4527.720059
0.04470000  4527.126875
0.04472000  4526.5336910000005
0.04474000  4525.940507
0.04476000  4525.347323
0.04478000  4524.754139000001
0.04480000  4524.160955
0.04482000  4523.567771
0.04484000  4522.974587000001
0.04486000  4522.381403
0.04488000  4521.788219
0.04490000  4521.195035000001
0.04492000  4520.601851
0.04494000  4520.008667
0.04496000  4519.415483
0.04498000  4518.822299
0.04500000  4518.229115
0.04502000  4517.635931
0.04504000  4517.042747
0.04506000  4516.449563
0.04508000  4515.856379
0.04510000  4515.263195
0.04512000  4514.670011
0.04514000  4514.076827
0.04516000  4513.4836430000005
0.04518000  4512.890459
0.04520000  4512.297275
0.04522000  4511.7040910000005
0.04524000  4511.110907
0.04526000  4510.517723
0.04528000  4509.924539000001
0.04530000  4509.331355
0.04532000  4508.738171
0.04534000  4508.144987000001
0.04536000  4507.551803
0.04538000  4506.958619
0.04540000  4506.365435000001
0.04542000  4505.772251
0.04544000  4505.179067
0.04546000  4504.585883
0.04548000  4503.992699
0.04550000  4503.399515
0.04552000  4502.806331
0.04554000  4502.213147
0.04556000  4501.619963
0.04558000  4501.026779
0.04560000  4500.433595
0.04562000  4499.840411
0.04564000  4499.247227
0.04566000  4498.6540430000005
0.04568000  4498.060859
0.04570000  4497.467675
0.04572000  4496.8744910000005
0.04574000  4496.281307
0.04576000  4495.688123
0.04578000  4495.0949390000005
0.04580000  4494.501755
0.04582000  4493.908571
0.04584000  4493.315387000001
0.04586000  4492.722203
0.04588000  4492.129019
0.04590000  4491.535835000001
0.04592000  4490.942651
0.04594000  4490.349467
0.04596000  4489.756283000001
0.04598000  4489.163099
0.04600000  4488.569915
0.04602000  4487.976731000001
0.04604000  4487.383547
0.04606000  4486.790363
0.04608000  4486.197179
0.04610000  4485.603995
0.04612000  4485.010811
0.04614000  4484.417627
0.04616000  4483.824443
0.04618000  4483.231259
0.04620000  4482.638075
0.04622000  4482.0448910000005
0.04624000  4481.451707
0.04626000  4480.858523
0.04628000  4480.2653390000005
0.04630000  4479.672155
0.04632000  4479.078971
0.04634000  4478.4857870000005
0.04636000  4477.892603
0.04638000  4477.299419
0.04640000  4476.706235000001
0.04642000  4476.113051
0.04644000  4475.519867
0.04646000  4474.926683000001
0.04648000  4474.333499
0.04650000  4473.740315
0.04652000  4473.147131000001
0.04654000  4472.553947
0.04656000  4471.960763
0.04658000  4471.367579
0.04660000  4470.774395
0.04662000  4470.181211
0.04664000  4469.588027
0.04666000  4468.994843
0.04668000  4468.401659
0.04670000  4467.808475
0.04672000  4467.215291
0.04674000  4466.622107
0.04676000  4466.028923
0.04678000  4465.4357390000005
0.04680000  4464.842555
0.04682000  4464.249371
0.04684000  4463.6561870000005
0.04686000  4463.063003
0.04688000  4462.469819
0.04690000  4461.8766350000005
0.04692000  4461.283451
0.04694000  4460.690267
0.04696000  4460.097083000001
0.04698000  4459.503899
0.04700000  4458.910715
0.04702000  4458.317531000001
0.04704000  4457.724347
0.04706000  4457.131163
0.04708000  4456.537979000001
0.04710000  4455.944795
0.04712000  4455.351611
0.04714000  4454.758427
0.04716000  4454.165243
0.04718000  4453.572059
0.04720000  4452.978875
0.04722000  4452.385691
0.04724000  4451.792507
0.04726000  4451.199323
0.04728000  4450.606139
0.04730000  4450.012955
0.04732000  4449.419771
0.04734000  4448.8265870000005
0.04736000  4448.233403
0.04738000  4447.640219
0.04740000  4447.0470350000005
0.04742000  4446.453851
0.04744000  4445.860667
0.04746000  4445.2674830000005
0.04748000  4444.674299
0.04750000  4444.081115
0.04752000  4443.487931000001
0.04754000  4442.894747
0.04756000  4442.301563
0.04758000  4441.708379000001
0.04760000  4441.115195
0.04762000  4440.522011
0.04764000  4439.928827
0.04766000  4439.335643
0.04768000  4438.742459
0.04770000  4438.149275
0.04772000  4437.556091
0.04774000  4436.962907
0.04776000  4436.369723
0.04778000  4435.776539
0.04780000  4435.183355
0.04782000  4434.590171
0.04784000  4433.996987
0.04786000  4433.403803
0.04788000  4432.810619
0.04790000  4432.2174350000005
0.04792000  4431.624251
0.04794000  4431.031067
0.04796000  4430.4378830000005
0.04798000  4429.844699
0.04800000  4429.251515
0.04802000  4428.6583310000005
0.04804000  4428.065147
0.04806000  4427.471963
0.04808000  4426.878779000001
0.04810000  4426.285595
0.04812000  4425.692411
0.04814000  4425.099227000001
0.04816000  4424.506043
0.04818000  4423.912859
0.04820000  4423.319675000001
0.04822000  4422.726491
0.04824000  4422.133307
0.04826000  4421.540123
0.04828000  4420.946939
0.04830000  4420.353755
0.04832000  4419.760571
0.04834000  4419.167387
0.04836000  4418.574203
0.04838000  4417.981019
0.04840000  4417.387835
0.04842000  4416.794651
0.04844000  4416.201467
0.04846000  4415.6082830000005
0.04848000  4415.015099
0.04850000  4414.421915
0.04852000  4413.8287310000005
0.04854000  4413.235547
0.04856000  4412.642363
0.04858000  4412.049179000001
0.04860000  4411.455995
0.04862000  4410.862811
0.04864000  4410.269627000001
0.04866000  4409.676443
0.04868000  4409.083259
0.04870000  4408.490075000001
0.04872000  4407.896891
0.04874000  4407.303707
0.04876000  4406.710523
0.04878000  4406.117339
0.04880000  4405.524155
0.04882000  4404.930971
0.04884000  4404.337787
0.04886000  4403.744603
0.04888000  4403.151419
0.04890000  4402.558235
0.04892000  4401.965051
0.04894000  4401.371867
0.04896000  4400.7786830000005
0.04898000  4400.185499
0.04900000  4399.592315
0.04902000  4398.9991310000005
0.04904000  4398.405947
0.04906000  4397.812763
0.04908000  4397.2195790000005
0.04910000  4396.626395
0.04912000  4396.033211
0.04914000  4395.440027000001
0.04916000  4394.846843
0.04918000  4394.253659
0.04920000  4393.660475000001
0.04922000  4393.067291
0.04924000  4392.474107
0.04926000  4391.880923000001
0.04928000  4391.287739
0.04930000  4390.694555
0.04932000  4390.101371000001
0.04934000  4389.508187
0.04936000  4388.915003
0.04938000  4388.321819
0.04940000  4387.728635
0.04942000  4387.135451
0.04944000  4386.542267
0.04946000  4385.949083
0.04948000  4385.355899
0.04950000  4384.762715
0.04952000  4384.1695310000005
0.04954000  4383.576347
0.04956000  4382.983163
0.04958000  4382.3899790000005
0.04960000  4381.796795
0.04962000  4381.203611
0.04964000  4380.6104270000005
0.04966000  4380.017243
0.04968000  4379.424059
0.04970000  4378.830875000001
0.04972000  4378.237691
0.04974000  4377.644507
0.04976000  4377.051323000001
0.04978000  4376.458139
0.04980000  4375.864955
0.04982000  4375.271771000001
0.04984000  4374.678587
0.04986000  4374.085403
0.04988000  4373.492219
0.04990000  4372.899035
0.04992000  4372.305851
0.04994000  4371.712667
0.04996000  4371.119483
0.04998000  4370.526299
0.05000000  4369.933115
0.05002000  4369.339931
0.05004000  4368.746747
0.05006000  4368.153563
0.05008000  4367.5603790000005
0.05010000  4366.967195
0.05012000  4366.374011
0.05014000  4365.7808270000005
0.05016000  4365.187643
0.05018000  4364.594459
0.05020000  4364.0012750000005
0.05022000  4363.408091
0.05024000  4362.814907
0.05026000  4362.221723000001
0.05028000  4361.628539
0.05030000  4361.035355
0.05032000  4360.442171000001
0.05034000  4359.848987
0.05036000  4359.255803
0.05038000  4358.662619000001
0.05040000  4358.069435
0.05042000  4357.476251
0.05044000  4356.883067
0.05046000  4356.289883
0.05048000  4355.696699
0.05050000  4355.103515
0.05052000  4354.510331
0.05054000  4353.917147
0.05056000  4353.323963
0.05058000  4352.730779
0.05060000  4352.137595
0.05062000  4351.544411
0.05064000  4350.9512270000005
0.05066000  4350.358043
0.05068000  4349.764859
0.05070000  4349.1716750000005
0.05072000  4348.578491
0.05074000  4347.985307
0.05076000  4347.3921230000005
0.05078000  4346.798939
0.05080000  4346.205755
0.05082000  4345.612571000001
0.05084000  4345.019387
0.05086000  4344.426203
0.05088000  4343.833019000001
0.05090000  4343.239835
0.05092000  4342.646651
0.05094000  4342.053467
0.05096000  4341.460283
0.05098000  4340.867099
0.05100000  4340.273915
0.05102000  4339.680731
0.05104000  4339.087547
0.05106000  4338.494363
0.05108000  4337.901179
0.05110000  4337.307995
0.05112000  4336.714811
0.05114000  4336.121627
0.05116000  4335.528443
0.05118000  4334.935259
0.05120000  4334.3420750000005
0.05122000  4333.748891
0.05124000  4333.155707
0.05126000  4332.5625230000005
0.05128000  4331.969339
0.05130000  4331.376155
0.05132000  4330.7829710000005
0.05134000  4330.189787
0.05136000  4329.596603
0.05138000  4329.003419000001
0.05140000  4328.410235
0.05142000  4327.817051
0.05144000  4327.223867000001
0.05146000  4326.630683
0.05148000  4326.037499
0.05150000  4325.444315000001
0.05152000  4324.851131
0.05154000  4324.257947
0.05156000  4323.664763
0.05158000  4323.071579
0.05160000  4322.478395
0.05162000  4321.885211
0.05164000  4321.292027
0.05166000  4320.698843
0.05168000  4320.105659
0.05170000  4319.512475
0.05172000  4318.919291
0.05174000  4318.326107
0.05176000  4317.7329230000005
0.05178000  4317.139739
0.05180000  4316.546555
0.05182000  4315.9533710000005
0.05184000  4315.360187
0.05186000  4314.767003
0.05188000  4314.173819000001
0.05190000  4313.580635
0.05192000  4312.987451
0.05194000  4312.394267000001
0.05196000  4311.801083
0.05198000  4311.207899
0.05200000  4310.614715
0.05202000  4310.021531
0.05204000  4309.428347
0.05206000  4308.835163
0.05208000  4308.241979
0.05210000  4307.648795
0.05212000  4307.055611
0.05214000  4306.462427
0.05216000  4305.869243
0.05218000  4305.276059
0.05220000  4304.682875
0.05222000  4304.089691
0.05224000  4303.496507
0.05226000  4302.9033230000005
0.05228000  4302.310139
0.05230000  4301.716955
0.05232000  4301.1237710000005
0.05234000  4300.530587
0.05236000  4299.937403
0.05238000  4299.3442190000005
0.05240000  4298.751035
0.05242000  4298.157851
0.05244000  4297.564667000001
0.05246000  4296.971483
0.05248000  4296.378299
0.05250000  4295.785115000001
0.05252000  4295.191931
0.05254000  4294.598747
0.05256000  4294.005563000001
0.05258000  4293.412379
0.05260000  4292.819195
0.05262000  4292.226011000001
0.05264000  4291.632827
0.05266000  4291.039643
0.05268000  4290.446459
0.05270000  4289.853275
0.05272000  4289.260091
0.05274000  4288.666907
0.05276000  4288.073723
0.05278000  4287.480539
0.05280000  4286.887355
0.05282000  4286.2941710000005
0.05284000  4285.700987
0.05286000  4285.107803
0.05288000  4284.5146190000005
0.05290000  4283.921435
0.05292000  4283.328251
0.05294000  4282.7350670000005
0.05296000  4282.141883
0.05298000  4281.548699
0.05300000  4280.955515000001
0.05302000  4280.362331
0.05304000  4279.769147
0.05306000  4279.175963000001
0.05308000  4278.582779
0.05310000  4277.989595
0.05312000  4277.396411
0.05314000  4276.803227
0.05316000  4276.210043
0.05318000  4275.616859
0.05320000  4275.023675
0.05322000  4274.430491
0.05324000  4273.837307
0.05326000  4273.244123
0.05328000  4272.650939
0.05330000  4272.057755
0.05332000  4271.464571
0.05334000  4270.871387
0.05336000  4270.278203
0.05338000  4269.6850190000005
0.05340000  4269.091835
0.05342000  4268.498651
0.05344000  4267.9054670000005
0.05346000  4267.312283
0.05348000  4266.719099
0.05350000  4266.1259150000005
0.05352000  4265.532731
0.05354000  4264.939547
0.05356000  4264.346363000001
0.05358000  4263.753179
0.05360000  4263.159995
0.05362000  4262.566811000001
0.05364000  4261.973627
0.05366000  4261.380443
0.05368000  4260.787259000001
0.05370000  4260.194075
0.05372000  4259.600891
0.05374000  4259.007707
0.05376000  4258.414523
0.05378000  4257.821339
0.05380000  4257.228155
0.05382000  4256.634971
0.05384000  4256.041787
0.05386000  4255.448603
0.05388000  4254.855419
0.05390000  4254.262235
0.05392000  4253.669051
0.05394000  4253.0758670000005
0.05396000  4252.482683
0.05398000  4251.889499
0.05400000  4251.2963150000005
0.05402000  4250.703131
0.05404000  4250.109947
0.05406000  4249.5167630000005
0.05408000  4248.923579
0.05410000  4248.330395
0.05412000  4247.737211000001
0.05414000  4247.144027
0.05416000  4246.550843
0.05418000  4245.957659000001
0.05420000  4245.364475
0.05422000  4244.771291
0.05424000  4244.178107
0.05426000  4243.584923
0.05428000  4242.991739
0.05430000  4242.398555
0.05432000  4241.805371
0.05434000  4241.212187
0.05436000  4240.619003
0.05438000  4240.025819
0.05440000  4239.432635
0.05442000  4238.839451
0.05444000  4238.246267
0.05446000  4237.653083
0.05448000  4237.059899
0.05450000  4236.4667150000005
0.05452000  4235.873531
0.05454000  4235.280347
0.05456000  4234.6871630000005
0.05458000  4234.093979
0.05460000  4233.500795
0.05462000  4232.9076110000005
0.05464000  4232.314427
0.05466000  4231.721243
0.05468000  4231.128059000001
0.05470000  4230.534875
0.05472000  4229.941691
0.05474000  4229.348507000001
0.05476000  4228.755323
0.05478000  4228.162139
0.05480000  4227.568955000001
0.05482000  4226.975771
0.05484000  4226.382587
0.05486000  4225.789403
0.05488000  4225.196219
0.05490000  4224.603035
0.05492000  4224.009851
0.05494000  4223.416667
0.05496000  4222.823483
0.05498000  4222.230299
0.05500000  4221.637115
0.05502000  4221.043931
0.05504000  4220.450747
0.05506000  4219.8575630000005
0.05508000  4219.264379
0.05510000  4218.671195
0.05512000  4218.0780110000005
0.05514000  4217.484827
0.05516000  4216.891643
0.05518000  4216.298459000001
0.05520000  4215.705275
0.05522000  4215.112091
0.05524000  4214.518907000001
0.05526000  4213.925723
0.05528000  4213.332539
0.05530000  4212.739355
0.05532000  4212.146171
0.05534000  4211.552987
0.05536000  4210.959803
0.05538000  4210.366619
0.05540000  4209.773435
0.05542000  4209.180251
0.05544000  4208.587067
0.05546000  4207.993883
0.05548000  4207.400699
0.05550000  4206.807515
0.05552000  4206.214331
0.05554000  4205.621147
0.05556000  4205.027963
0.05558000  4204.434779
0.05560000  4203.841595
0.05562000  4203.2484110000005
0.05564000  4202.655227
0.05566000  4202.062043
0.05568000  4201.4688590000005
0.05570000  4200.875675
0.05572000  4200.282491
0.05574000  4199.689307000001
0.05576000  4199.096123
0.05578000  4198.502939
0.05580000  4197.909755000001
0.05582000  4197.316571
0.05584000  4196.723387
0.05586000  4196.130203000001
0.05588000  4195.537019
0.05590000  4194.943835
0.05592000  4194.350651000001
0.05594000  4193.757467
0.05596000  4193.164283
0.05598000  4192.571099
0.05600000  4191.977915
0.05602000  4191.384731
0.05604000  4190.791547
0.05606000  4190.198363
0.05608000  4189.605179
0.05610000  4189.011995
0.05612000  4188.4188110000005
0.05614000  4187.825627
0.05616000  4187.232443
0.05618000  4186.6392590000005
0.05620000  4186.046075
0.05622000  4185.452891
0.05624000  4184.8597070000005
0.05626000  4184.266523
0.05628000  4183.673339
0.05630000  4183.080155000001
0.05632000  4182.486971
0.05634000  4181.893787
0.05636000  4181.300603000001
0.05638000  4180.707419
0.05640000  4180.114235
0.05642000  4179.521051
0.05644000  4178.927867
0.05646000  4178.334683
0.05648000  4177.741499
0.05650000  4177.148315
0.05652000  4176.555131
0.05654000  4175.961947
0.05656000  4175.368763
0.05658000  4174.775579
0.05660000  4174.182395
0.05662000  4173.589211
0.05664000  4172.996027
0.05666000  4172.402843
0.05668000  4171.8096590000005
0.05670000  4171.216475
0.05672000  4170.623291
0.05674000  4170.0301070000005
0.05676000  4169.436923
0.05678000  4168.843739
0.05680000  4168.2505550000005
0.05682000  4167.657371
0.05684000  4167.064187
0.05686000  4166.471003000001
0.05688000  4165.877819
0.05690000  4165.284635
0.05692000  4164.691451000001
0.05694000  4164.098267
0.05696000  4163.505083
0.05698000  4162.911899000001
0.05700000  4162.318715
0.05702000  4161.725531
0.05704000  4161.132347
0.05706000  4160.539163
0.05708000  4159.945979
0.05710000  4159.352795
0.05712000  4158.759611
0.05714000  4158.166427
0.05716000  4157.573243
0.05718000  4156.980059
0.05720000  4156.386875
0.05722000  4155.793691
0.05724000  4155.2005070000005
0.05726000  4154.607323
0.05728000  4154.014139
0.05730000  4153.4209550000005
0.05732000  4152.827771
0.05734000  4152.234587
0.05736000  4151.6414030000005
0.05738000  4151.048219
0.05740000  4150.455035
0.05742000  4149.861851000001
0.05744000  4149.268667
0.05746000  4148.675483
0.05748000  4148.082299
0.05750000  4147.489115
0.05752000  4146.895931
0.05754000  4146.302747
0.05756000  4145.709563
0.05758000  4145.116379
0.05760000  4144.523195
0.05762000  4143.930011
0.05764000  4143.336827
0.05766000  4142.743643
0.05768000  4142.150459
0.05770000  4141.557275
0.05772000  4140.964091
0.05774000  4140.370907
0.05776000  4139.777723
0.05778000  4139.184539
0.05780000  4138.5913550000005
0.05782000  4137.998171
0.05784000  4137.404987
0.05786000  4136.8118030000005
0.05788000  4136.218619
0.05790000  4135.625435
0.05792000  4135.0322510000005
0.05794000  4134.439067
0.05796000  4133.845883
0.05798000  4133.252699000001
0.05800000  4132.659515
0.05802000  4132.066331
0.05804000  4131.473147000001
0.05806000  4130.879963
0.05808000  4130.286779
0.05810000  4129.693595000001
0.05812000  4129.100411
0.05814000  4128.507227
0.05816000  4127.914043
0.05818000  4127.320859
0.05820000  4126.727675
0.05822000  4126.134491
0.05824000  4125.541307
0.05826000  4124.948123
0.05828000  4124.354939
0.05830000  4123.761755
0.05832000  4123.168571
0.05834000  4122.575387
0.05836000  4121.9822030000005
0.05838000  4121.389019
0.05840000  4120.795835
0.05842000  4120.2026510000005
0.05844000  4119.609467
0.05846000  4119.016283
0.05848000  4118.423099000001
0.05850000  4117.829915
0.05852000  4117.236731
0.05854000  4116.643547000001
0.05856000  4116.050363
0.05858000  4115.457179
0.05860000  4114.863995
0.05862000  4114.270811
0.05864000  4113.677627
0.05866000  4113.084443
0.05868000  4112.491259
0.05870000  4111.898075
0.05872000  4111.304891
0.05874000  4110.711707
0.05876000  4110.118523
0.05878000  4109.525339
0.05880000  4108.932155
0.05882000  4108.338971
0.05884000  4107.745787
0.05886000  4107.152603
0.05888000  4106.559419
0.05890000  4105.966235
0.05892000  4105.3730510000005
0.05894000  4104.779867
0.05896000  4104.186683
0.05898000  4103.5934990000005
0.05900000  4103.000315
0.05902000  4102.407131
0.05904000  4101.813947000001
0.05906000  4101.220763
0.05908000  4100.627579
0.05910000  4100.034395000001
0.05912000  4099.441211
0.05914000  4098.848027
0.05916000  4098.254843000001
0.05918000  4097.661659
0.05920000  4097.068475
0.05922000  4096.475291
0.05924000  4095.8821070000004
0.05926000  4095.288923
0.05928000  4094.6957390000002
0.05930000  4094.1025550000004
0.05932000  4093.509371
0.05934000  4092.9161870000003
0.05936000  4092.323003
0.05938000  4091.729819
0.05940000  4091.1366350000003
0.05942000  4090.543451
0.05944000  4089.950267
0.05946000  4089.3570830000003
0.05948000  4088.763899
0.05950000  4088.170715
0.05952000  4087.5775310000004
0.05954000  4086.984347
0.05956000  4086.3911630000002
0.05958000  4085.797979
0.05960000  4085.204795
0.05962000  4084.6116110000003
0.05964000  4084.018427
0.05966000  4083.425243
0.05968000  4082.8320590000003
0.05970000  4082.238875
0.05972000  4081.645691
0.05974000  4081.0525070000003
0.05976000  4080.459323
0.05978000  4079.866139
0.05980000  4079.2729550000004
0.05982000  4078.679771
0.05984000  4078.0865870000002
0.05986000  4077.4934030000004
0.05988000  4076.900219
0.05990000  4076.3070350000003
0.05992000  4075.713851
0.05994000  4075.120667
0.05996000  4074.5274830000003
0.05998000  4073.934299
0.06000000  4073.341115
0.06002000  4068.83108
0.06004000  4064.667628
0.06006000  4060.829527
0.06008000  4057.275389
0.06010000  4053.756515
0.06012000  4049.552846
0.06014000  4043.910349
0.06016000  4036.319024
0.06018000  4026.18168
0.06020000  4012.838773
0.06022000  3994.695206
0.06024000  3966.985107
0.06026000  3923.845985
0.06028000  3857.933384
0.06030000  3758.937924
0.06032000  3612.816448
0.06034000  3402.662132
0.06036000  3113.406205
0.06038000  2751.65424
0.06040000  2366.296307
0.06042000  1991.260232
0.06044000  1623.183413
0.06046000  1240.916142
0.06048000  839.942751
0.06050000  490.919738
0.06052000  278.67044
0.06054000  171.087551
0.06056000  123.276806
0.06058000  107.470119
0.06060000  117.686961
0.06062000  162.545856
0.06064000  266.205535
0.06066000  463.59367
0.06068000  768.452252
0.06070000  1169.170262
0.06072000  1636.524004
0.06074000  2129.97325
0.06076000  2610.079856
0.06078000  3043.787201
0.06080000  3407.710803
0.06082000  3694.768636
0.06084000  3912.213499
0.06086000  4073.826228
0.06088000  4193.392853
0.06090000  4282.158807
0.06092000  4348.549138
0.06094000  4398.62939
0.06096000  4436.719973
0.06098000  4465.931956
0.06100000  4488.494736
0.06102000  4506.020805
0.06104000  4519.700574
0.06106000  4530.409984
0.06108000  4538.813122
0.06110000  4545.425049
0.06112000  4550.638566
0.06114000  4554.749491
0.06116000  4557.988328
0.06118000  4560.53407
0.06120000  4562.528927
0.06122000  4564.080395
0.06124000  4565.28247
0.06126000  4566.205087
0.06128000  4566.903189
0.06130000  4567.428353
0.06132000  4567.820516
0.06134000  4568.110947
0.06136000  4568.327974
0.06138000  4568.499848
0.06140000  4568.646326
0.06142000  4568.77024
0.06144000  4568.882868
0.06146000  4568.984214
0.06148000  4569.08273
0.06150000  4569.181228
0.06152000  4569.279711
0.06154000  4569.380991
0.06156000  4569.485066
0.06158000  4569.591935
0.06160000  4569.704409
0.06162000  4569.816861
0.06164000  4569.932103
0.06166000  4570.047323
0.06168000  4570.16533
0.06170000  4570.286122
0.06172000  4570.404082
0.06174000  4570.524826
0.06176000  4570.645546
0.06178000  4570.766242
0.06180000  4570.88972
0.06182000  4571.010366
0.06184000  4571.130988
0.06186000  4571.251586
0.06188000  4571.37216
0.06190000  4571.492709
0.06192000  4571.613234
0.06194000  4571.733734
0.06196000  4571.854211
0.06198000  4571.971862
0.06200000  4572.09229
0.06202000  4572.209894
0.06204000  4572.327475
0.06206000  4572.445033
0.06208000  4572.562567
0.06210000  4572.680079
0.06212000  4572.797567
0.06214000  4572.912236
0.06216000  4573.029678
0.06218000  4573.144302
0.06220000  4573.258904
0.06222000  4573.373484
0.06224000  4573.488042
0.06226000  4573.602578
0.06228000  4573.714298
0.06230000  4573.828791
0.06232000  4573.940469
0.06234000  4574.052126
0.06236000  4574.163763
0.06238000  4574.275378
0.06240000  4574.386973
0.06242000  4574.498547
0.06244000  4574.607311
0.06246000  4574.718843
0.06248000  4574.827566
0.06250000  4574.93627
0.06252000  4575.044954
0.06254000  4575.153618
0.06256000  4575.262262
0.06258000  4575.370886
0.06260000  4575.476706
0.06262000  4575.585291
0.06264000  4575.691072
0.06266000  4575.796835
0.06268000  4575.902578
0.06270000  4576.008303
0.06272000  4576.114009
0.06274000  4576.219696
0.06276000  4576.322584
0.06278000  4576.425453
0.06280000  4576.531085
0.06282000  4576.633918
0.06284000  4576.736734
0.06286000  4576.839531
0.06288000  4576.942311
0.06290000  4577.042296
0.06292000  4577.14504
0.06294000  4577.247767
0.06296000  4577.3477
0.06298000  4577.447616
0.06300000  4577.547515
