0.00000000    878488.3
0.00002000    877793.2
0.00004000    877153.6
0.00006000    876565.6
0.00008000    876022.6
0.00010000    875485.6
0.00012000    874846.7
0.00014000    873992.9
0.00016000    872848.4
0.00018000    871329.5
0.00020000    869346.2
0.00022000    866678.3
0.00024000    862662.3
0.00026000    856549.1
0.00028000    847504.4
0.00030000    834512.6
0.00032000    816414.2
0.00034000    792124.0
0.00036000    761008.3
0.00038000    724282.8
0.00040000    686078.7
0.00042000    648143.6
0.00044000    608349.5
0.00046000    561462.5
0.00048000    499938.2
0.00050000    422501.0
0.00052000    345885.5
0.00054000    282403.4
0.00056000    241092.5
0.00058000    225050.9
0.00060000    238970.7
0.00062000    283635.4
0.00064000    351644.4
0.00066000    429792.4
0.00068000    504401.4
0.00070000    571173.0
0.00072000    630532.0
0.00074000    683605.6
0.00076000    731470.7
0.00078000    774574.6
0.00080000    812608.6
0.00082000    845204.3
0.00084000    872397.5
0.00086000    894643.8
0.00088000    912602.1
0.00090000    926967.6
0.00092000    938391.8
0.00094000    947438.0
0.00096000    954578.7
0.00098000    960205.1
0.00100000    964632.3
0.00102000    968110.6
0.00104000    970839.9
0.00106000    972976.0
0.00108000    974644.7
0.00110000    975945.7
0.00112000    976958.3
0.00114000    977744.0
0.00116000    978349.9
0.00118000    978815.0
0.00120000    979167.8
0.00122000    979431.4
0.00124000    979624.7
0.00126000    979764.0
0.00128000    979859.9
0.00130000    979922.8
0.00132000    979961.0
0.00134000    979981.2
0.00136000    979990.2
0.00138000    979992.4
0.00140000    979991.7
0.00142000    979989.4
0.00144000    979987.2
0.00146000    979985.7
0.00148000    979984.2
0.00150000    979984.2
0.00152000    979985.7
0.00154000    979989.4
0.00156000    979994.7
0.00158000    980001.4
0.00160000    980008.9
0.00162000    980017.9
0.00164000    980028.4
0.00166000    980038.9
0.00168000    980050.1
0.00170000    980062.1
0.00172000    980074.8
0.00174000    980087.5
0.00176000    980100.3
0.00178000    980113.8
0.00180000    980127.2
0.00182000    980141.5
0.00184000    980155.0
0.00186000    980169.2
0.00188000    980183.4
0.00190000    980197.6
0.00192000    980211.9
0.00194000    980226.9
0.00196000    980241.1
0.00198000    980256.1
0.00200000    980270.3
0.00202000    980285.3
0.00204000    980300.3
0.00206000    980315.2
0.00208000    980330.2
0.00210000    980345.2
0.00212000    980360.2
0.00214000    980375.2
0.00216000    980390.1
0.00218000    980405.9
0.00220000    980420.8
0.00222000    980435.8
0.00224000    980451.6
0.00226000    980466.5
0.00228000    980482.3
0.00230000    980497.2
0.00232000    980513.0
0.00234000    980528.0
0.00236000    980543.7
0.00238000    980559.4
0.00240000    980575.1
0.00242000    980590.1
0.00244000    980605.8
0.00246000    980621.6
0.00248000    980637.3
0.00250000    980653.0
0.00252000    980668.8
0.00254000    980684.5
0.00256000    980700.2
0.00258000    980715.9
0.00260000    980731.7
0.00262000    980747.4
0.00264000    980763.1
0.00266000    980778.9
0.00268000    980794.6
0.00270000    980811.1
0.00272000    980826.8
0.00274000    980842.5
0.00276000    980858.3
0.00278000    980874.0
0.00280000    980890.5
0.00282000    980906.2
0.00284000    980921.9
0.00286000    980938.4
0.00288000    980954.1
0.00290000    980969.8
0.00292000    980985.6
0.00294000    981002.1
0.00296000    981017.8
0.00298000    981033.5
0.00300000    981050.0
0.00302000    0
0.00304000    0
0.00306000    0
0.00308000    0
0.00310000    0
0.00312000    0
0.00314000    0
0.00316000    0
0.00318000    0
0.00320000    0
0.00322000    0
0.00324000    0
0.00326000    0
0.00328000    0
0.00330000    0
0.00332000    0
0.00334000    0
0.00336000    0
0.00338000    0
0.00340000    0
0.00342000    0
0.00344000    0
0.00346000    0
0.00348000    0
0.00350000    0
0.00352000    0
0.00354000    0
0.00356000    0
0.00358000    0
0.00360000    0
0.00362000    0
0.00364000    0
0.00366000    0
0.00368000    0
0.00370000    0
0.00372000    0
0.00374000    0
0.00376000    0
0.00378000    0
0.00380000    0
0.00382000    0
0.00384000    0
0.00386000    0
0.00388000    0
0.00390000    0
0.00392000    0
0.00394000    0
0.00396000    0
0.00398000    0
0.00400000    0
0.00402000    0
0.00404000    0
0.00406000    0
0.00408000    0
0.00410000    0
0.00412000    0
0.00414000    0
0.00416000    0
0.00418000    0
0.00420000    0
0.00422000    0
0.00424000    0
0.00426000    0
0.00428000    0
0.00430000    0
0.00432000    0
0.00434000    0
0.00436000    0
0.00438000    0
0.00440000    0
0.00442000    0
0.00444000    0
0.00446000    0
0.00448000    0
0.00450000    0
0.00452000    0
0.00454000    0
0.00456000    0
0.00458000    0
0.00460000    0
0.00462000    0
0.00464000    0
0.00466000    0
0.00468000    0
0.00470000    0
0.00472000    0
0.00474000    0
0.00476000    0
0.00478000    0
0.00480000    0
0.00482000    0
0.00484000    0
0.00486000    0
0.00488000    0
0.00490000    0
0.00492000    0
0.00494000    0
0.00496000    0
0.00498000    0
0.00500000    0
0.00502000    0
0.00504000    0
0.00506000    0
0.00508000    0
0.00510000    0
0.00512000    0
0.00514000    0
0.00516000    0
0.00518000    0
0.00520000    0
0.00522000    0
0.00524000    0
0.00526000    0
0.00528000    0
0.00530000    0
0.00532000    0
0.00534000    0
0.00536000    0
0.00538000    0
0.00540000    0
0.00542000    0
0.00544000    0
0.00546000    0
0.00548000    0
0.00550000    0
0.00552000    0
0.00554000    0
0.00556000    0
0.00558000    0
0.00560000    0
0.00562000    0
0.00564000    0
0.00566000    0
0.00568000    0
0.00570000    0
0.00572000    0
0.00574000    0
0.00576000    0
0.00578000    0
0.00580000    0
0.00582000    0
0.00584000    0
0.00586000    0
0.00588000    0
0.00590000    0
0.00592000    0
0.00594000    0
0.00596000    0
0.00598000    0
0.00600000    0
0.00602000    0
0.00604000    0
0.00606000    0
0.00608000    0
0.00610000    0
0.00612000    0
0.00614000    0
0.00616000    0
0.00618000    0
0.00620000    0
0.00622000    0
0.00624000    0
0.00626000    0
0.00628000    0
0.00630000    0
0.00632000    0
0.00634000    0
0.00636000    0
0.00638000    0
0.00640000    0
0.00642000    0
0.00644000    0
0.00646000    0
0.00648000    0
0.00650000    0
0.00652000    0
0.00654000    0
0.00656000    0
0.00658000    0
0.00660000    0
0.00662000    0
0.00664000    0
0.00666000    0
0.00668000    0
0.00670000    0
0.00672000    0
0.00674000    0
0.00676000    0
0.00678000    0
0.00680000    0
0.00682000    0
0.00684000    0
0.00686000    0
0.00688000    0
0.00690000    0
0.00692000    0
0.00694000    0
0.00696000    0
0.00698000    0
0.00700000    0
0.00702000    0
0.00704000    0
0.00706000    0
0.00708000    0
0.00710000    0
0.00712000    0
0.00714000    0
0.00716000    0
0.00718000    0
0.00720000    0
0.00722000    0
0.00724000    0
0.00726000    0
0.00728000    0
0.00730000    0
0.00732000    0
0.00734000    0
0.00736000    0
0.00738000    0
0.00740000    0
0.00742000    0
0.00744000    0
0.00746000    0
0.00748000    0
0.00750000    0
0.00752000    0
0.00754000    0
0.00756000    0
0.00758000    0
0.00760000    0
0.00762000    0
0.00764000    0
0.00766000    0
0.00768000    0
0.00770000    0
0.00772000    0
0.00774000    0
0.00776000    0
0.00778000    0
0.00780000    0
0.00782000    0
0.00784000    0
0.00786000    0
0.00788000    0
0.00790000    0
0.00792000    0
0.00794000    0
0.00796000    0
0.00798000    0
0.00800000    0
0.00802000    0
0.00804000    0
0.00806000    0
0.00808000    0
0.00810000    0
0.00812000    0
0.00814000    0
0.00816000    0
0.00818000    0
0.00820000    0
0.00822000    0
0.00824000    0
0.00826000    0
0.00828000    0
0.00830000    0
0.00832000    0
0.00834000    0
0.00836000    0
0.00838000    0
0.00840000    0
0.00842000    0
0.00844000    0
0.00846000    0
0.00848000    0
0.00850000    0
0.00852000    0
0.00854000    0
0.00856000    0
0.00858000    0
0.00860000    0
0.00862000    0
0.00864000    0
0.00866000    0
0.00868000    0
0.00870000    0
0.00872000    0
0.00874000    0
0.00876000    0
0.00878000    0
0.00880000    0
0.00882000    0
0.00884000    0
0.00886000    0
0.00888000    0
0.00890000    0
0.00892000    0
0.00894000    0
0.00896000    0
0.00898000    0
0.00900000    0
0.00902000    0
0.00904000    0
0.00906000    0
0.00908000    0
0.00910000    0
0.00912000    0
0.00914000    0
0.00916000    0
0.00918000    0
0.00920000    0
0.00922000    0
0.00924000    0
0.00926000    0
0.00928000    0
0.00930000    0
0.00932000    0
0.00934000    0
0.00936000    0
0.00938000    0
0.00940000    0
0.00942000    0
0.00944000    0
0.00946000    0
0.00948000    0
0.00950000    0
0.00952000    0
0.00954000    0
0.00956000    0
0.00958000    0
0.00960000    0
0.00962000    0
0.00964000    0
0.00966000    0
0.00968000    0
0.00970000    0
0.00972000    0
0.00974000    0
0.00976000    0
0.00978000    0
0.00980000    0
0.00982000    0
0.00984000    0
0.00986000    0
0.00988000    0
0.00990000    0
0.00992000    0
0.00994000    0
0.00996000    0
0.00998000    0
0.01000000    0
0.01002000    0
0.01004000    0
0.01006000    0
0.01008000    0
0.01010000    0
0.01012000    0
0.01014000    0
0.01016000    0
0.01018000    0
0.01020000    0
0.01022000    0
0.01024000    0
0.01026000    0
0.01028000    0
0.01030000    0
0.01032000    0
0.01034000    0
0.01036000    0
0.01038000    0
0.01040000    0
0.01042000    0
0.01044000    0
0.01046000    0
0.01048000    0
0.01050000    0
0.01052000    0
0.01054000    0
0.01056000    0
0.01058000    0
0.01060000    0
0.01062000    0
0.01064000    0
0.01066000    0
0.01068000    0
0.01070000    0
0.01072000    0
0.01074000    0
0.01076000    0
0.01078000    0
0.01080000    0
0.01082000    0
0.01084000    0
0.01086000    0
0.01088000    0
0.01090000    0
0.01092000    0
0.01094000    0
0.01096000    0
0.01098000    0
0.01100000    0
0.01102000    0
0.01104000    0
0.01106000    0
0.01108000    0
0.01110000    0
0.01112000    0
0.01114000    0
0.01116000    0
0.01118000    0
0.01120000    0
0.01122000    0
0.01124000    0
0.01126000    0
0.01128000    0
0.01130000    0
0.01132000    0
0.01134000    0
0.01136000    0
0.01138000    0
0.01140000    0
0.01142000    0
0.01144000    0
0.01146000    0
0.01148000    0
0.01150000    0
0.01152000    0
0.01154000    0
0.01156000    0
0.01158000    0
0.01160000    0
0.01162000    0
0.01164000    0
0.01166000    0
0.01168000    0
0.01170000    0
0.01172000    0
0.01174000    0
0.01176000    0
0.01178000    0
0.01180000    0
0.01182000    0
0.01184000    0
0.01186000    0
0.01188000    0
0.01190000    0
0.01192000    0
0.01194000    0
0.01196000    0
0.01198000    0
0.01200000    0
0.01202000    0
0.01204000    0
0.01206000    0
0.01208000    0
0.01210000    0
0.01212000    0
0.01214000    0
0.01216000    0
0.01218000    0
0.01220000    0
0.01222000    0
0.01224000    0
0.01226000    0
0.01228000    0
0.01230000    0
0.01232000    0
0.01234000    0
0.01236000    0
0.01238000    0
0.01240000    0
0.01242000    0
0.01244000    0
0.01246000    0
0.01248000    0
0.01250000    0
0.01252000    0
0.01254000    0
0.01256000    0
0.01258000    0
0.01260000    0
0.01262000    0
0.01264000    0
0.01266000    0
0.01268000    0
0.01270000    0
0.01272000    0
0.01274000    0
0.01276000    0
0.01278000    0
0.01280000    0
0.01282000    0
0.01284000    0
0.01286000    0
0.01288000    0
0.01290000    0
0.01292000    0
0.01294000    0
0.01296000    0
0.01298000    0
0.01300000    0
0.01302000    0
0.01304000    0
0.01306000    0
0.01308000    0
0.01310000    0
0.01312000    0
0.01314000    0
0.01316000    0
0.01318000    0
0.01320000    0
0.01322000    0
0.01324000    0
0.01326000    0
0.01328000    0
0.01330000    0
0.01332000    0
0.01334000    0
0.01336000    0
0.01338000    0
0.01340000    0
0.01342000    0
0.01344000    0
0.01346000    0
0.01348000    0
0.01350000    0
0.01352000    0
0.01354000    0
0.01356000    0
0.01358000    0
0.01360000    0
0.01362000    0
0.01364000    0
0.01366000    0
0.01368000    0
0.01370000    0
0.01372000    0
0.01374000    0
0.01376000    0
0.01378000    0
0.01380000    0
0.01382000    0
0.01384000    0
0.01386000    0
0.01388000    0
0.01390000    0
0.01392000    0
0.01394000    0
0.01396000    0
0.01398000    0
0.01400000    0
0.01402000    0
0.01404000    0
0.01406000    0
0.01408000    0
0.01410000    0
0.01412000    0
0.01414000    0
0.01416000    0
0.01418000    0
0.01420000    0
0.01422000    0
0.01424000    0
0.01426000    0
0.01428000    0
0.01430000    0
0.01432000    0
0.01434000    0
0.01436000    0
0.01438000    0
0.01440000    0
0.01442000    0
0.01444000    0
0.01446000    0
0.01448000    0
0.01450000    0
0.01452000    0
0.01454000    0
0.01456000    0
0.01458000    0
0.01460000    0
0.01462000    0
0.01464000    0
0.01466000    0
0.01468000    0
0.01470000    0
0.01472000    0
0.01474000    0
0.01476000    0
0.01478000    0
0.01480000    0
0.01482000    0
0.01484000    0
0.01486000    0
0.01488000    0
0.01490000    0
0.01492000    0
0.01494000    0
0.01496000    0
0.01498000    0
0.01500000    0
0.01502000    0
0.01504000    0
0.01506000    0
0.01508000    0
0.01510000    0
0.01512000    0
0.01514000    0
0.01516000    0
0.01518000    0
0.01520000    0
0.01522000    0
0.01524000    0
0.01526000    0
0.01528000    0
0.01530000    0
0.01532000    0
0.01534000    0
0.01536000    0
0.01538000    0
0.01540000    0
0.01542000    0
0.01544000    0
0.01546000    0
0.01548000    0
0.01550000    0
0.01552000    0
0.01554000    0
0.01556000    0
0.01558000    0
0.01560000    0
0.01562000    0
0.01564000    0
0.01566000    0
0.01568000    0
0.01570000    0
0.01572000    0
0.01574000    0
0.01576000    0
0.01578000    0
0.01580000    0
0.01582000    0
0.01584000    0
0.01586000    0
0.01588000    0
0.01590000    0
0.01592000    0
0.01594000    0
0.01596000    0
0.01598000    0
0.01600000    0
0.01602000    0
0.01604000    0
0.01606000    0
0.01608000    0
0.01610000    0
0.01612000    0
0.01614000    0
0.01616000    0
0.01618000    0
0.01620000    0
0.01622000    0
0.01624000    0
0.01626000    0
0.01628000    0
0.01630000    0
0.01632000    0
0.01634000    0
0.01636000    0
0.01638000    0
0.01640000    0
0.01642000    0
0.01644000    0
0.01646000    0
0.01648000    0
0.01650000    0
0.01652000    0
0.01654000    0
0.01656000    0
0.01658000    0
0.01660000    0
0.01662000    0
0.01664000    0
0.01666000    0
0.01668000    0
0.01670000    0
0.01672000    0
0.01674000    0
0.01676000    0
0.01678000    0
0.01680000    0
0.01682000    0
0.01684000    0
0.01686000    0
0.01688000    0
0.01690000    0
0.01692000    0
0.01694000    0
0.01696000    0
0.01698000    0
0.01700000    0
0.01702000    0
0.01704000    0
0.01706000    0
0.01708000    0
0.01710000    0
0.01712000    0
0.01714000    0
0.01716000    0
0.01718000    0
0.01720000    0
0.01722000    0
0.01724000    0
0.01726000    0
0.01728000    0
0.01730000    0
0.01732000    0
0.01734000    0
0.01736000    0
0.01738000    0
0.01740000    0
0.01742000    0
0.01744000    0
0.01746000    0
0.01748000    0
0.01750000    0
0.01752000    0
0.01754000    0
0.01756000    0
0.01758000    0
0.01760000    0
0.01762000    0
0.01764000    0
0.01766000    0
0.01768000    0
0.01770000    0
0.01772000    0
0.01774000    0
0.01776000    0
0.01778000    0
0.01780000    0
0.01782000    0
0.01784000    0
0.01786000    0
0.01788000    0
0.01790000    0
0.01792000    0
0.01794000    0
0.01796000    0
0.01798000    0
0.01800000    0
0.01802000    0
0.01804000    0
0.01806000    0
0.01808000    0
0.01810000    0
0.01812000    0
0.01814000    0
0.01816000    0
0.01818000    0
0.01820000    0
0.01822000    0
0.01824000    0
0.01826000    0
0.01828000    0
0.01830000    0
0.01832000    0
0.01834000    0
0.01836000    0
0.01838000    0
0.01840000    0
0.01842000    0
0.01844000    0
0.01846000    0
0.01848000    0
0.01850000    0
0.01852000    0
0.01854000    0
0.01856000    0
0.01858000    0
0.01860000    0
0.01862000    0
0.01864000    0
0.01866000    0
0.01868000    0
0.01870000    0
0.01872000    0
0.01874000    0
0.01876000    0
0.01878000    0
0.01880000    0
0.01882000    0
0.01884000    0
0.01886000    0
0.01888000    0
0.01890000    0
0.01892000    0
0.01894000    0
0.01896000    0
0.01898000    0
0.01900000    0
0.01902000    0
0.01904000    0
0.01906000    0
0.01908000    0
0.01910000    0
0.01912000    0
0.01914000    0
0.01916000    0
0.01918000    0
0.01920000    0
0.01922000    0
0.01924000    0
0.01926000    0
0.01928000    0
0.01930000    0
0.01932000    0
0.01934000    0
0.01936000    0
0.01938000    0
0.01940000    0
0.01942000    0
0.01944000    0
0.01946000    0
0.01948000    0
0.01950000    0
0.01952000    0
0.01954000    0
0.01956000    0
0.01958000    0
0.01960000    0
0.01962000    0
0.01964000    0
0.01966000    0
0.01968000    0
0.01970000    0
0.01972000    0
0.01974000    0
0.01976000    0
0.01978000    0
0.01980000    0
0.01982000    0
0.01984000    0
0.01986000    0
0.01988000    0
0.01990000    0
0.01992000    0
0.01994000    0
0.01996000    0
0.01998000    0
0.02000000    0
0.02002000    0
0.02004000    0
0.02006000    0
0.02008000    0
0.02010000    0
0.02012000    0
0.02014000    0
0.02016000    0
0.02018000    0
0.02020000    0
0.02022000    0
0.02024000    0
0.02026000    0
0.02028000    0
0.02030000    0
0.02032000    0
0.02034000    0
0.02036000    0
0.02038000    0
0.02040000    0
0.02042000    0
0.02044000    0
0.02046000    0
0.02048000    0
0.02050000    0
0.02052000    0
0.02054000    0
0.02056000    0
0.02058000    0
0.02060000    0
0.02062000    0
0.02064000    0
0.02066000    0
0.02068000    0
0.02070000    0
0.02072000    0
0.02074000    0
0.02076000    0
0.02078000    0
0.02080000    0
0.02082000    0
0.02084000    0
0.02086000    0
0.02088000    0
0.02090000    0
0.02092000    0
0.02094000    0
0.02096000    0
0.02098000    0
0.02100000    0
0.02102000    0
0.02104000    0
0.02106000    0
0.02108000    0
0.02110000    0
0.02112000    0
0.02114000    0
0.02116000    0
0.02118000    0
0.02120000    0
0.02122000    0
0.02124000    0
0.02126000    0
0.02128000    0
0.02130000    0
0.02132000    0
0.02134000    0
0.02136000    0
0.02138000    0
0.02140000    0
0.02142000    0
0.02144000    0
0.02146000    0
0.02148000    0
0.02150000    0
0.02152000    0
0.02154000    0
0.02156000    0
0.02158000    0
0.02160000    0
0.02162000    0
0.02164000    0
0.02166000    0
0.02168000    0
0.02170000    0
0.02172000    0
0.02174000    0
0.02176000    0
0.02178000    0
0.02180000    0
0.02182000    0
0.02184000    0
0.02186000    0
0.02188000    0
0.02190000    0
0.02192000    0
0.02194000    0
0.02196000    0
0.02198000    0
0.02200000    0
0.02202000    0
0.02204000    0
0.02206000    0
0.02208000    0
0.02210000    0
0.02212000    0
0.02214000    0
0.02216000    0
0.02218000    0
0.02220000    0
0.02222000    0
0.02224000    0
0.02226000    0
0.02228000    0
0.02230000    0
0.02232000    0
0.02234000    0
0.02236000    0
0.02238000    0
0.02240000    0
0.02242000    0
0.02244000    0
0.02246000    0
0.02248000    0
0.02250000    0
0.02252000    0
0.02254000    0
0.02256000    0
0.02258000    0
0.02260000    0
0.02262000    0
0.02264000    0
0.02266000    0
0.02268000    0
0.02270000    0
0.02272000    0
0.02274000    0
0.02276000    0
0.02278000    0
0.02280000    0
0.02282000    0
0.02284000    0
0.02286000    0
0.02288000    0
0.02290000    0
0.02292000    0
0.02294000    0
0.02296000    0
0.02298000    0
0.02300000    0
0.02302000    0
0.02304000    0
0.02306000    0
0.02308000    0
0.02310000    0
0.02312000    0
0.02314000    0
0.02316000    0
0.02318000    0
0.02320000    0
0.02322000    0
0.02324000    0
0.02326000    0
0.02328000    0
0.02330000    0
0.02332000    0
0.02334000    0
0.02336000    0
0.02338000    0
0.02340000    0
0.02342000    0
0.02344000    0
0.02346000    0
0.02348000    0
0.02350000    0
0.02352000    0
0.02354000    0
0.02356000    0
0.02358000    0
0.02360000    0
0.02362000    0
0.02364000    0
0.02366000    0
0.02368000    0
0.02370000    0
0.02372000    0
0.02374000    0
0.02376000    0
0.02378000    0
0.02380000    0
0.02382000    0
0.02384000    0
0.02386000    0
0.02388000    0
0.02390000    0
0.02392000    0
0.02394000    0
0.02396000    0
0.02398000    0
0.02400000    0
0.02402000    0
0.02404000    0
0.02406000    0
0.02408000    0
0.02410000    0
0.02412000    0
0.02414000    0
0.02416000    0
0.02418000    0
0.02420000    0
0.02422000    0
0.02424000    0
0.02426000    0
0.02428000    0
0.02430000    0
0.02432000    0
0.02434000    0
0.02436000    0
0.02438000    0
0.02440000    0
0.02442000    0
0.02444000    0
0.02446000    0
0.02448000    0
0.02450000    0
0.02452000    0
0.02454000    0
0.02456000    0
0.02458000    0
0.02460000    0
0.02462000    0
0.02464000    0
0.02466000    0
0.02468000    0
0.02470000    0
0.02472000    0
0.02474000    0
0.02476000    0
0.02478000    0
0.02480000    0
0.02482000    0
0.02484000    0
0.02486000    0
0.02488000    0
0.02490000    0
0.02492000    0
0.02494000    0
0.02496000    0
0.02498000    0
0.02500000    0
0.02502000    0
0.02504000    0
0.02506000    0
0.02508000    0
0.02510000    0
0.02512000    0
0.02514000    0
0.02516000    0
0.02518000    0
0.02520000    0
0.02522000    0
0.02524000    0
0.02526000    0
0.02528000    0
0.02530000    0
0.02532000    0
0.02534000    0
0.02536000    0
0.02538000    0
0.02540000    0
0.02542000    0
0.02544000    0
0.02546000    0
0.02548000    0
0.02550000    0
0.02552000    0
0.02554000    0
0.02556000    0
0.02558000    0
0.02560000    0
0.02562000    0
0.02564000    0
0.02566000    0
0.02568000    0
0.02570000    0
0.02572000    0
0.02574000    0
0.02576000    0
0.02578000    0
0.02580000    0
0.02582000    0
0.02584000    0
0.02586000    0
0.02588000    0
0.02590000    0
0.02592000    0
0.02594000    0
0.02596000    0
0.02598000    0
0.02600000    0
0.02602000    0
0.02604000    0
0.02606000    0
0.02608000    0
0.02610000    0
0.02612000    0
0.02614000    0
0.02616000    0
0.02618000    0
0.02620000    0
0.02622000    0
0.02624000    0
0.02626000    0
0.02628000    0
0.02630000    0
0.02632000    0
0.02634000    0
0.02636000    0
0.02638000    0
0.02640000    0
0.02642000    0
0.02644000    0
0.02646000    0
0.02648000    0
0.02650000    0
0.02652000    0
0.02654000    0
0.02656000    0
0.02658000    0
0.02660000    0
0.02662000    0
0.02664000    0
0.02666000    0
0.02668000    0
0.02670000    0
0.02672000    0
0.02674000    0
0.02676000    0
0.02678000    0
0.02680000    0
0.02682000    0
0.02684000    0
0.02686000    0
0.02688000    0
0.02690000    0
0.02692000    0
0.02694000    0
0.02696000    0
0.02698000    0
0.02700000    0
0.02702000    0
0.02704000    0
0.02706000    0
0.02708000    0
0.02710000    0
0.02712000    0
0.02714000    0
0.02716000    0
0.02718000    0
0.02720000    0
0.02722000    0
0.02724000    0
0.02726000    0
0.02728000    0
0.02730000    0
0.02732000    0
0.02734000    0
0.02736000    0
0.02738000    0
0.02740000    0
0.02742000    0
0.02744000    0
0.02746000    0
0.02748000    0
0.02750000    0
0.02752000    0
0.02754000    0
0.02756000    0
0.02758000    0
0.02760000    0
0.02762000    0
0.02764000    0
0.02766000    0
0.02768000    0
0.02770000    0
0.02772000    0
0.02774000    0
0.02776000    0
0.02778000    0
0.02780000    0
0.02782000    0
0.02784000    0
0.02786000    0
0.02788000    0
0.02790000    0
0.02792000    0
0.02794000    0
0.02796000    0
0.02798000    0
0.02800000    0
0.02802000    0
0.02804000    0
0.02806000    0
0.02808000    0
0.02810000    0
0.02812000    0
0.02814000    0
0.02816000    0
0.02818000    0
0.02820000    0
0.02822000    0
0.02824000    0
0.02826000    0
0.02828000    0
0.02830000    0
0.02832000    0
0.02834000    0
0.02836000    0
0.02838000    0
0.02840000    0
0.02842000    0
0.02844000    0
0.02846000    0
0.02848000    0
0.02850000    0
0.02852000    0
0.02854000    0
0.02856000    0
0.02858000    0
0.02860000    0
0.02862000    0
0.02864000    0
0.02866000    0
0.02868000    0
0.02870000    0
0.02872000    0
0.02874000    0
0.02876000    0
0.02878000    0
0.02880000    0
0.02882000    0
0.02884000    0
0.02886000    0
0.02888000    0
0.02890000    0
0.02892000    0
0.02894000    0
0.02896000    0
0.02898000    0
0.02900000    0
0.02902000    0
0.02904000    0
0.02906000    0
0.02908000    0
0.02910000    0
0.02912000    0
0.02914000    0
0.02916000    0
0.02918000    0
0.02920000    0
0.02922000    0
0.02924000    0
0.02926000    0
0.02928000    0
0.02930000    0
0.02932000    0
0.02934000    0
0.02936000    0
0.02938000    0
0.02940000    0
0.02942000    0
0.02944000    0
0.02946000    0
0.02948000    0
0.02950000    0
0.02952000    0
0.02954000    0
0.02956000    0
0.02958000    0
0.02960000    0
0.02962000    0
0.02964000    0
0.02966000    0
0.02968000    0
0.02970000    0
0.02972000    0
0.02974000    0
0.02976000    0
0.02978000    0
0.02980000    0
0.02982000    0
0.02984000    0
0.02986000    0
0.02988000    0
0.02990000    0
0.02992000    0
0.02994000    0
0.02996000    0
0.02998000    0
0.03000000    0
0.03002000    0
0.03004000    0
0.03006000    0
0.03008000    0
0.03010000    0
0.03012000    0
0.03014000    0
0.03016000    0
0.03018000    0
0.03020000    0
0.03022000    0
0.03024000    0
0.03026000    0
0.03028000    0
0.03030000    0
0.03032000    0
0.03034000    0
0.03036000    0
0.03038000    0
0.03040000    0
0.03042000    0
0.03044000    0
0.03046000    0
0.03048000    0
0.03050000    0
0.03052000    0
0.03054000    0
0.03056000    0
0.03058000    0
0.03060000    0
0.03062000    0
0.03064000    0
0.03066000    0
0.03068000    0
0.03070000    0
0.03072000    0
0.03074000    0
0.03076000    0
0.03078000    0
0.03080000    0
0.03082000    0
0.03084000    0
0.03086000    0
0.03088000    0
0.03090000    0
0.03092000    0
0.03094000    0
0.03096000    0
0.03098000    0
0.03100000    0
0.03102000    0
0.03104000    0
0.03106000    0
0.03108000    0
0.03110000    0
0.03112000    0
0.03114000    0
0.03116000    0
0.03118000    0
0.03120000    0
0.03122000    0
0.03124000    0
0.03126000    0
0.03128000    0
0.03130000    0
0.03132000    0
0.03134000    0
0.03136000    0
0.03138000    0
0.03140000    0
0.03142000    0
0.03144000    0
0.03146000    0
0.03148000    0
0.03150000    0
0.03152000    0
0.03154000    0
0.03156000    0
0.03158000    0
0.03160000    0
0.03162000    0
0.03164000    0
0.03166000    0
0.03168000    0
0.03170000    0
0.03172000    0
0.03174000    0
0.03176000    0
0.03178000    0
0.03180000    0
0.03182000    0
0.03184000    0
0.03186000    0
0.03188000    0
0.03190000    0
0.03192000    0
0.03194000    0
0.03196000    0
0.03198000    0
0.03200000    0
0.03202000    0
0.03204000    0
0.03206000    0
0.03208000    0
0.03210000    0
0.03212000    0
0.03214000    0
0.03216000    0
0.03218000    0
0.03220000    0
0.03222000    0
0.03224000    0
0.03226000    0
0.03228000    0
0.03230000    0
0.03232000    0
0.03234000    0
0.03236000    0
0.03238000    0
0.03240000    0
0.03242000    0
0.03244000    0
0.03246000    0
0.03248000    0
0.03250000    0
0.03252000    0
0.03254000    0
0.03256000    0
0.03258000    0
0.03260000    0
0.03262000    0
0.03264000    0
0.03266000    0
0.03268000    0
0.03270000    0
0.03272000    0
0.03274000    0
0.03276000    0
0.03278000    0
0.03280000    0
0.03282000    0
0.03284000    0
0.03286000    0
0.03288000    0
0.03290000    0
0.03292000    0
0.03294000    0
0.03296000    0
0.03298000    0
0.03300000    0
0.03302000    0
0.03304000    0
0.03306000    0
0.03308000    0
0.03310000    0
0.03312000    0
0.03314000    0
0.03316000    0
0.03318000    0
0.03320000    0
0.03322000    0
0.03324000    0
0.03326000    0
0.03328000    0
0.03330000    0
0.03332000    0
0.03334000    0
0.03336000    0
0.03338000    0
0.03340000    0
0.03342000    0
0.03344000    0
0.03346000    0
0.03348000    0
0.03350000    0
0.03352000    0
0.03354000    0
0.03356000    0
0.03358000    0
0.03360000    0
0.03362000    0
0.03364000    0
0.03366000    0
0.03368000    0
0.03370000    0
0.03372000    0
0.03374000    0
0.03376000    0
0.03378000    0
0.03380000    0
0.03382000    0
0.03384000    0
0.03386000    0
0.03388000    0
0.03390000    0
0.03392000    0
0.03394000    0
0.03396000    0
0.03398000    0
0.03400000    0
0.03402000    0
0.03404000    0
0.03406000    0
0.03408000    0
0.03410000    0
0.03412000    0
0.03414000    0
0.03416000    0
0.03418000    0
0.03420000    0
0.03422000    0
0.03424000    0
0.03426000    0
0.03428000    0
0.03430000    0
0.03432000    0
0.03434000    0
0.03436000    0
0.03438000    0
0.03440000    0
0.03442000    0
0.03444000    0
0.03446000    0
0.03448000    0
0.03450000    0
0.03452000    0
0.03454000    0
0.03456000    0
0.03458000    0
0.03460000    0
0.03462000    0
0.03464000    0
0.03466000    0
0.03468000    0
0.03470000    0
0.03472000    0
0.03474000    0
0.03476000    0
0.03478000    0
0.03480000    0
0.03482000    0
0.03484000    0
0.03486000    0
0.03488000    0
0.03490000    0
0.03492000    0
0.03494000    0
0.03496000    0
0.03498000    0
0.03500000    0
0.03502000    0
0.03504000    0
0.03506000    0
0.03508000    0
0.03510000    0
0.03512000    0
0.03514000    0
0.03516000    0
0.03518000    0
0.03520000    0
0.03522000    0
0.03524000    0
0.03526000    0
0.03528000    0
0.03530000    0
0.03532000    0
0.03534000    0
0.03536000    0
0.03538000    0
0.03540000    0
0.03542000    0
0.03544000    0
0.03546000    0
0.03548000    0
0.03550000    0
0.03552000    0
0.03554000    0
0.03556000    0
0.03558000    0
0.03560000    0
0.03562000    0
0.03564000    0
0.03566000    0
0.03568000    0
0.03570000    0
0.03572000    0
0.03574000    0
0.03576000    0
0.03578000    0
0.03580000    0
0.03582000    0
0.03584000    0
0.03586000    0
0.03588000    0
0.03590000    0
0.03592000    0
0.03594000    0
0.03596000    0
0.03598000    0
0.03600000    0
0.03602000    0
0.03604000    0
0.03606000    0
0.03608000    0
0.03610000    0
0.03612000    0
0.03614000    0
0.03616000    0
0.03618000    0
0.03620000    0
0.03622000    0
0.03624000    0
0.03626000    0
0.03628000    0
0.03630000    0
0.03632000    0
0.03634000    0
0.03636000    0
0.03638000    0
0.03640000    0
0.03642000    0
0.03644000    0
0.03646000    0
0.03648000    0
0.03650000    0
0.03652000    0
0.03654000    0
0.03656000    0
0.03658000    0
0.03660000    0
0.03662000    0
0.03664000    0
0.03666000    0
0.03668000    0
0.03670000    0
0.03672000    0
0.03674000    0
0.03676000    0
0.03678000    0
0.03680000    0
0.03682000    0
0.03684000    0
0.03686000    0
0.03688000    0
0.03690000    0
0.03692000    0
0.03694000    0
0.03696000    0
0.03698000    0
0.03700000    0
0.03702000    0
0.03704000    0
0.03706000    0
0.03708000    0
0.03710000    0
0.03712000    0
0.03714000    0
0.03716000    0
0.03718000    0
0.03720000    0
0.03722000    0
0.03724000    0
0.03726000    0
0.03728000    0
0.03730000    0
0.03732000    0
0.03734000    0
0.03736000    0
0.03738000    0
0.03740000    0
0.03742000    0
0.03744000    0
0.03746000    0
0.03748000    0
0.03750000    0
0.03752000    0
0.03754000    0
0.03756000    0
0.03758000    0
0.03760000    0
0.03762000    0
0.03764000    0
0.03766000    0
0.03768000    0
0.03770000    0
0.03772000    0
0.03774000    0
0.03776000    0
0.03778000    0
0.03780000    0
0.03782000    0
0.03784000    0
0.03786000    0
0.03788000    0
0.03790000    0
0.03792000    0
0.03794000    0
0.03796000    0
0.03798000    0
0.03800000    0
0.03802000    0
0.03804000    0
0.03806000    0
0.03808000    0
0.03810000    0
0.03812000    0
0.03814000    0
0.03816000    0
0.03818000    0
0.03820000    0
0.03822000    0
0.03824000    0
0.03826000    0
0.03828000    0
0.03830000    0
0.03832000    0
0.03834000    0
0.03836000    0
0.03838000    0
0.03840000    0
0.03842000    0
0.03844000    0
0.03846000    0
0.03848000    0
0.03850000    0
0.03852000    0
0.03854000    0
0.03856000    0
0.03858000    0
0.03860000    0
0.03862000    0
0.03864000    0
0.03866000    0
0.03868000    0
0.03870000    0
0.03872000    0
0.03874000    0
0.03876000    0
0.03878000    0
0.03880000    0
0.03882000    0
0.03884000    0
0.03886000    0
0.03888000    0
0.03890000    0
0.03892000    0
0.03894000    0
0.03896000    0
0.03898000    0
0.03900000    0
0.03902000    0
0.03904000    0
0.03906000    0
0.03908000    0
0.03910000    0
0.03912000    0
0.03914000    0
0.03916000    0
0.03918000    0
0.03920000    0
0.03922000    0
0.03924000    0
0.03926000    0
0.03928000    0
0.03930000    0
0.03932000    0
0.03934000    0
0.03936000    0
0.03938000    0
0.03940000    0
0.03942000    0
0.03944000    0
0.03946000    0
0.03948000    0
0.03950000    0
0.03952000    0
0.03954000    0
0.03956000    0
0.03958000    0
0.03960000    0
0.03962000    0
0.03964000    0
0.03966000    0
0.03968000    0
0.03970000    0
0.03972000    0
0.03974000    0
0.03976000    0
0.03978000    0
0.03980000    0
0.03982000    0
0.03984000    0
0.03986000    0
0.03988000    0
0.03990000    0
0.03992000    0
0.03994000    0
0.03996000    0
0.03998000    0
0.04000000    0
0.04002000    0
0.04004000    0
0.04006000    0
0.04008000    0
0.04010000    0
0.04012000    0
0.04014000    0
0.04016000    0
0.04018000    0
0.04020000    0
0.04022000    0
0.04024000    0
0.04026000    0
0.04028000    0
0.04030000    0
0.04032000    0
0.04034000    0
0.04036000    0
0.04038000    0
0.04040000    0
0.04042000    0
0.04044000    0
0.04046000    0
0.04048000    0
0.04050000    0
0.04052000    0
0.04054000    0
0.04056000    0
0.04058000    0
0.04060000    0
0.04062000    0
0.04064000    0
0.04066000    0
0.04068000    0
0.04070000    0
0.04072000    0
0.04074000    0
0.04076000    0
0.04078000    0
0.04080000    0
0.04082000    0
0.04084000    0
0.04086000    0
0.04088000    0
0.04090000    0
0.04092000    0
0.04094000    0
0.04096000    0
0.04098000    0
0.04100000    0
0.04102000    0
0.04104000    0
0.04106000    0
0.04108000    0
0.04110000    0
0.04112000    0
0.04114000    0
0.04116000    0
0.04118000    0
0.04120000    0
0.04122000    0
0.04124000    0
0.04126000    0
0.04128000    0
0.04130000    0
0.04132000    0
0.04134000    0
0.04136000    0
0.04138000    0
0.04140000    0
0.04142000    0
0.04144000    0
0.04146000    0
0.04148000    0
0.04150000    0
0.04152000    0
0.04154000    0
0.04156000    0
0.04158000    0
0.04160000    0
0.04162000    0
0.04164000    0
0.04166000    0
0.04168000    0
0.04170000    0
0.04172000    0
0.04174000    0
0.04176000    0
0.04178000    0
0.04180000    0
0.04182000    0
0.04184000    0
0.04186000    0
0.04188000    0
0.04190000    0
0.04192000    0
0.04194000    0
0.04196000    0
0.04198000    0
0.04200000    0
0.04202000    0
0.04204000    0
0.04206000    0
0.04208000    0
0.04210000    0
0.04212000    0
0.04214000    0
0.04216000    0
0.04218000    0
0.04220000    0
0.04222000    0
0.04224000    0
0.04226000    0
0.04228000    0
0.04230000    0
0.04232000    0
0.04234000    0
0.04236000    0
0.04238000    0
0.04240000    0
0.04242000    0
0.04244000    0
0.04246000    0
0.04248000    0
0.04250000    0
0.04252000    0
0.04254000    0
0.04256000    0
0.04258000    0
0.04260000    0
0.04262000    0
0.04264000    0
0.04266000    0
0.04268000    0
0.04270000    0
0.04272000    0
0.04274000    0
0.04276000    0
0.04278000    0
0.04280000    0
0.04282000    0
0.04284000    0
0.04286000    0
0.04288000    0
0.04290000    0
0.04292000    0
0.04294000    0
0.04296000    0
0.04298000    0
0.04300000    0
0.04302000    0
0.04304000    0
0.04306000    0
0.04308000    0
0.04310000    0
0.04312000    0
0.04314000    0
0.04316000    0
0.04318000    0
0.04320000    0
0.04322000    0
0.04324000    0
0.04326000    0
0.04328000    0
0.04330000    0
0.04332000    0
0.04334000    0
0.04336000    0
0.04338000    0
0.04340000    0
0.04342000    0
0.04344000    0
0.04346000    0
0.04348000    0
0.04350000    0
0.04352000    0
0.04354000    0
0.04356000    0
0.04358000    0
0.04360000    0
0.04362000    0
0.04364000    0
0.04366000    0
0.04368000    0
0.04370000    0
0.04372000    0
0.04374000    0
0.04376000    0
0.04378000    0
0.04380000    0
0.04382000    0
0.04384000    0
0.04386000    0
0.04388000    0
0.04390000    0
0.04392000    0
0.04394000    0
0.04396000    0
0.04398000    0
0.04400000    0
0.04402000    0
0.04404000    0
0.04406000    0
0.04408000    0
0.04410000    0
0.04412000    0
0.04414000    0
0.04416000    0
0.04418000    0
0.04420000    0
0.04422000    0
0.04424000    0
0.04426000    0
0.04428000    0
0.04430000    0
0.04432000    0
0.04434000    0
0.04436000    0
0.04438000    0
0.04440000    0
0.04442000    0
0.04444000    0
0.04446000    0
0.04448000    0
0.04450000    0
0.04452000    0
0.04454000    0
0.04456000    0
0.04458000    0
0.04460000    0
0.04462000    0
0.04464000    0
0.04466000    0
0.04468000    0
0.04470000    0
0.04472000    0
0.04474000    0
0.04476000    0
0.04478000    0
0.04480000    0
0.04482000    0
0.04484000    0
0.04486000    0
0.04488000    0
0.04490000    0
0.04492000    0
0.04494000    0
0.04496000    0
0.04498000    0
0.04500000    0
0.04502000    0
0.04504000    0
0.04506000    0
0.04508000    0
0.04510000    0
0.04512000    0
0.04514000    0
0.04516000    0
0.04518000    0
0.04520000    0
0.04522000    0
0.04524000    0
0.04526000    0
0.04528000    0
0.04530000    0
0.04532000    0
0.04534000    0
0.04536000    0
0.04538000    0
0.04540000    0
0.04542000    0
0.04544000    0
0.04546000    0
0.04548000    0
0.04550000    0
0.04552000    0
0.04554000    0
0.04556000    0
0.04558000    0
0.04560000    0
0.04562000    0
0.04564000    0
0.04566000    0
0.04568000    0
0.04570000    0
0.04572000    0
0.04574000    0
0.04576000    0
0.04578000    0
0.04580000    0
0.04582000    0
0.04584000    0
0.04586000    0
0.04588000    0
0.04590000    0
0.04592000    0
0.04594000    0
0.04596000    0
0.04598000    0
0.04600000    0
0.04602000    0
0.04604000    0
0.04606000    0
0.04608000    0
0.04610000    0
0.04612000    0
0.04614000    0
0.04616000    0
0.04618000    0
0.04620000    0
0.04622000    0
0.04624000    0
0.04626000    0
0.04628000    0
0.04630000    0
0.04632000    0
0.04634000    0
0.04636000    0
0.04638000    0
0.04640000    0
0.04642000    0
0.04644000    0
0.04646000    0
0.04648000    0
0.04650000    0
0.04652000    0
0.04654000    0
0.04656000    0
0.04658000    0
0.04660000    0
0.04662000    0
0.04664000    0
0.04666000    0
0.04668000    0
0.04670000    0
0.04672000    0
0.04674000    0
0.04676000    0
0.04678000    0
0.04680000    0
0.04682000    0
0.04684000    0
0.04686000    0
0.04688000    0
0.04690000    0
0.04692000    0
0.04694000    0
0.04696000    0
0.04698000    0
0.04700000    0
0.04702000    0
0.04704000    0
0.04706000    0
0.04708000    0
0.04710000    0
0.04712000    0
0.04714000    0
0.04716000    0
0.04718000    0
0.04720000    0
0.04722000    0
0.04724000    0
0.04726000    0
0.04728000    0
0.04730000    0
0.04732000    0
0.04734000    0
0.04736000    0
0.04738000    0
0.04740000    0
0.04742000    0
0.04744000    0
0.04746000    0
0.04748000    0
0.04750000    0
0.04752000    0
0.04754000    0
0.04756000    0
0.04758000    0
0.04760000    0
0.04762000    0
0.04764000    0
0.04766000    0
0.04768000    0
0.04770000    0
0.04772000    0
0.04774000    0
0.04776000    0
0.04778000    0
0.04780000    0
0.04782000    0
0.04784000    0
0.04786000    0
0.04788000    0
0.04790000    0
0.04792000    0
0.04794000    0
0.04796000    0
0.04798000    0
0.04800000    0
0.04802000    0
0.04804000    0
0.04806000    0
0.04808000    0
0.04810000    0
0.04812000    0
0.04814000    0
0.04816000    0
0.04818000    0
0.04820000    0
0.04822000    0
0.04824000    0
0.04826000    0
0.04828000    0
0.04830000    0
0.04832000    0
0.04834000    0
0.04836000    0
0.04838000    0
0.04840000    0
0.04842000    0
0.04844000    0
0.04846000    0
0.04848000    0
0.04850000    0
0.04852000    0
0.04854000    0
0.04856000    0
0.04858000    0
0.04860000    0
0.04862000    0
0.04864000    0
0.04866000    0
0.04868000    0
0.04870000    0
0.04872000    0
0.04874000    0
0.04876000    0
0.04878000    0
0.04880000    0
0.04882000    0
0.04884000    0
0.04886000    0
0.04888000    0
0.04890000    0
0.04892000    0
0.04894000    0
0.04896000    0
0.04898000    0
0.04900000    0
0.04902000    0
0.04904000    0
0.04906000    0
0.04908000    0
0.04910000    0
0.04912000    0
0.04914000    0
0.04916000    0
0.04918000    0
0.04920000    0
0.04922000    0
0.04924000    0
0.04926000    0
0.04928000    0
0.04930000    0
0.04932000    0
0.04934000    0
0.04936000    0
0.04938000    0
0.04940000    0
0.04942000    0
0.04944000    0
0.04946000    0
0.04948000    0
0.04950000    0
0.04952000    0
0.04954000    0
0.04956000    0
0.04958000    0
0.04960000    0
0.04962000    0
0.04964000    0
0.04966000    0
0.04968000    0
0.04970000    0
0.04972000    0
0.04974000    0
0.04976000    0
0.04978000    0
0.04980000    0
0.04982000    0
0.04984000    0
0.04986000    0
0.04988000    0
0.04990000    0
0.04992000    0
0.04994000    0
0.04996000    0
0.04998000    0
0.05000000    0
0.05002000    0
0.05004000    0
0.05006000    0
0.05008000    0
0.05010000    0
0.05012000    0
0.05014000    0
0.05016000    0
0.05018000    0
0.05020000    0
0.05022000    0
0.05024000    0
0.05026000    0
0.05028000    0
0.05030000    0
0.05032000    0
0.05034000    0
0.05036000    0
0.05038000    0
0.05040000    0
0.05042000    0
0.05044000    0
0.05046000    0
0.05048000    0
0.05050000    0
0.05052000    0
0.05054000    0
0.05056000    0
0.05058000    0
0.05060000    0
0.05062000    0
0.05064000    0
0.05066000    0
0.05068000    0
0.05070000    0
0.05072000    0
0.05074000    0
0.05076000    0
0.05078000    0
0.05080000    0
0.05082000    0
0.05084000    0
0.05086000    0
0.05088000    0
0.05090000    0
0.05092000    0
0.05094000    0
0.05096000    0
0.05098000    0
0.05100000    0
0.05102000    0
0.05104000    0
0.05106000    0
0.05108000    0
0.05110000    0
0.05112000    0
0.05114000    0
0.05116000    0
0.05118000    0
0.05120000    0
0.05122000    0
0.05124000    0
0.05126000    0
0.05128000    0
0.05130000    0
0.05132000    0
0.05134000    0
0.05136000    0
0.05138000    0
0.05140000    0
0.05142000    0
0.05144000    0
0.05146000    0
0.05148000    0
0.05150000    0
0.05152000    0
0.05154000    0
0.05156000    0
0.05158000    0
0.05160000    0
0.05162000    0
0.05164000    0
0.05166000    0
0.05168000    0
0.05170000    0
0.05172000    0
0.05174000    0
0.05176000    0
0.05178000    0
0.05180000    0
0.05182000    0
0.05184000    0
0.05186000    0
0.05188000    0
0.05190000    0
0.05192000    0
0.05194000    0
0.05196000    0
0.05198000    0
0.05200000    0
0.05202000    0
0.05204000    0
0.05206000    0
0.05208000    0
0.05210000    0
0.05212000    0
0.05214000    0
0.05216000    0
0.05218000    0
0.05220000    0
0.05222000    0
0.05224000    0
0.05226000    0
0.05228000    0
0.05230000    0
0.05232000    0
0.05234000    0
0.05236000    0
0.05238000    0
0.05240000    0
0.05242000    0
0.05244000    0
0.05246000    0
0.05248000    0
0.05250000    0
0.05252000    0
0.05254000    0
0.05256000    0
0.05258000    0
0.05260000    0
0.05262000    0
0.05264000    0
0.05266000    0
0.05268000    0
0.05270000    0
0.05272000    0
0.05274000    0
0.05276000    0
0.05278000    0
0.05280000    0
0.05282000    0
0.05284000    0
0.05286000    0
0.05288000    0
0.05290000    0
0.05292000    0
0.05294000    0
0.05296000    0
0.05298000    0
0.05300000    0
0.05302000    0
0.05304000    0
0.05306000    0
0.05308000    0
0.05310000    0
0.05312000    0
0.05314000    0
0.05316000    0
0.05318000    0
0.05320000    0
0.05322000    0
0.05324000    0
0.05326000    0
0.05328000    0
0.05330000    0
0.05332000    0
0.05334000    0
0.05336000    0
0.05338000    0
0.05340000    0
0.05342000    0
0.05344000    0
0.05346000    0
0.05348000    0
0.05350000    0
0.05352000    0
0.05354000    0
0.05356000    0
0.05358000    0
0.05360000    0
0.05362000    0
0.05364000    0
0.05366000    0
0.05368000    0
0.05370000    0
0.05372000    0
0.05374000    0
0.05376000    0
0.05378000    0
0.05380000    0
0.05382000    0
0.05384000    0
0.05386000    0
0.05388000    0
0.05390000    0
0.05392000    0
0.05394000    0
0.05396000    0
0.05398000    0
0.05400000    0
0.05402000    0
0.05404000    0
0.05406000    0
0.05408000    0
0.05410000    0
0.05412000    0
0.05414000    0
0.05416000    0
0.05418000    0
0.05420000    0
0.05422000    0
0.05424000    0
0.05426000    0
0.05428000    0
0.05430000    0
0.05432000    0
0.05434000    0
0.05436000    0
0.05438000    0
0.05440000    0
0.05442000    0
0.05444000    0
0.05446000    0
0.05448000    0
0.05450000    0
0.05452000    0
0.05454000    0
0.05456000    0
0.05458000    0
0.05460000    0
0.05462000    0
0.05464000    0
0.05466000    0
0.05468000    0
0.05470000    0
0.05472000    0
0.05474000    0
0.05476000    0
0.05478000    0
0.05480000    0
0.05482000    0
0.05484000    0
0.05486000    0
0.05488000    0
0.05490000    0
0.05492000    0
0.05494000    0
0.05496000    0
0.05498000    0
0.05500000    0
0.05502000    0
0.05504000    0
0.05506000    0
0.05508000    0
0.05510000    0
0.05512000    0
0.05514000    0
0.05516000    0
0.05518000    0
0.05520000    0
0.05522000    0
0.05524000    0
0.05526000    0
0.05528000    0
0.05530000    0
0.05532000    0
0.05534000    0
0.05536000    0
0.05538000    0
0.05540000    0
0.05542000    0
0.05544000    0
0.05546000    0
0.05548000    0
0.05550000    0
0.05552000    0
0.05554000    0
0.05556000    0
0.05558000    0
0.05560000    0
0.05562000    0
0.05564000    0
0.05566000    0
0.05568000    0
0.05570000    0
0.05572000    0
0.05574000    0
0.05576000    0
0.05578000    0
0.05580000    0
0.05582000    0
0.05584000    0
0.05586000    0
0.05588000    0
0.05590000    0
0.05592000    0
0.05594000    0
0.05596000    0
0.05598000    0
0.05600000    0
0.05602000    0
0.05604000    0
0.05606000    0
0.05608000    0
0.05610000    0
0.05612000    0
0.05614000    0
0.05616000    0
0.05618000    0
0.05620000    0
0.05622000    0
0.05624000    0
0.05626000    0
0.05628000    0
0.05630000    0
0.05632000    0
0.05634000    0
0.05636000    0
0.05638000    0
0.05640000    0
0.05642000    0
0.05644000    0
0.05646000    0
0.05648000    0
0.05650000    0
0.05652000    0
0.05654000    0
0.05656000    0
0.05658000    0
0.05660000    0
0.05662000    0
0.05664000    0
0.05666000    0
0.05668000    0
0.05670000    0
0.05672000    0
0.05674000    0
0.05676000    0
0.05678000    0
0.05680000    0
0.05682000    0
0.05684000    0
0.05686000    0
0.05688000    0
0.05690000    0
0.05692000    0
0.05694000    0
0.05696000    0
0.05698000    0
0.05700000    0
0.05702000    0
0.05704000    0
0.05706000    0
0.05708000    0
0.05710000    0
0.05712000    0
0.05714000    0
0.05716000    0
0.05718000    0
0.05720000    0
0.05722000    0
0.05724000    0
0.05726000    0
0.05728000    0
0.05730000    0
0.05732000    0
0.05734000    0
0.05736000    0
0.05738000    0
0.05740000    0
0.05742000    0
0.05744000    0
0.05746000    0
0.05748000    0
0.05750000    0
0.05752000    0
0.05754000    0
0.05756000    0
0.05758000    0
0.05760000    0
0.05762000    0
0.05764000    0
0.05766000    0
0.05768000    0
0.05770000    0
0.05772000    0
0.05774000    0
0.05776000    0
0.05778000    0
0.05780000    0
0.05782000    0
0.05784000    0
0.05786000    0
0.05788000    0
0.05790000    0
0.05792000    0
0.05794000    0
0.05796000    0
0.05798000    0
0.05800000    0
0.05802000    0
0.05804000    0
0.05806000    0
0.05808000    0
0.05810000    0
0.05812000    0
0.05814000    0
0.05816000    0
0.05818000    0
0.05820000    0
0.05822000    0
0.05824000    0
0.05826000    0
0.05828000    0
0.05830000    0
0.05832000    0
0.05834000    0
0.05836000    0
0.05838000    0
0.05840000    0
0.05842000    0
0.05844000    0
0.05846000    0
0.05848000    0
0.05850000    0
0.05852000    0
0.05854000    0
0.05856000    0
0.05858000    0
0.05860000    0
0.05862000    0
0.05864000    0
0.05866000    0
0.05868000    0
0.05870000    0
0.05872000    0
0.05874000    0
0.05876000    0
0.05878000    0
0.05880000    0
0.05882000    0
0.05884000    0
0.05886000    0
0.05888000    0
0.05890000    0
0.05892000    0
0.05894000    0
0.05896000    0
0.05898000    0
0.05900000    0
0.05902000    0
0.05904000    0
0.05906000    0
0.05908000    0
0.05910000    0
0.05912000    0
0.05914000    0
0.05916000    0
0.05918000    0
0.05920000    0
0.05922000    0
0.05924000    0
0.05926000    0
0.05928000    0
0.05930000    0
0.05932000    0
0.05934000    0
0.05936000    0
0.05938000    0
0.05940000    0
0.05942000    0
0.05944000    0
0.05946000    0
0.05948000    0
0.05950000    0
0.05952000    0
0.05954000    0
0.05956000    0
0.05958000    0
0.05960000    0
0.05962000    0
0.05964000    0
0.05966000    0
0.05968000    0
0.05970000    0
0.05972000    0
0.05974000    0
0.05976000    0
0.05978000    0
0.05980000    0
0.05982000    0
0.05984000    0
0.05986000    0
0.05988000    0
0.05990000    0
0.05992000    0
0.05994000    0
0.05996000    0
0.05998000    0
0.06000000    0
0.06002000    0
0.06004000    0
0.06006000    0
0.06008000    0
0.06010000    0
0.06012000    0
0.06014000    0
0.06016000    0
0.06018000    0
0.06020000    0
0.06022000    0
0.06024000    0
0.06026000    0
0.06028000    0
0.06030000    0
0.06032000    0
0.06034000    0
0.06036000    0
0.06038000    0
0.06040000    0
0.06042000    0
0.06044000    0
0.06046000    0
0.06048000    0
0.06050000    0
0.06052000    0
0.06054000    0
0.06056000    0
0.06058000    0
0.06060000    0
0.06062000    0
0.06064000    0
0.06066000    0
0.06068000    0
0.06070000    0
0.06072000    0
0.06074000    0
0.06076000    0
0.06078000    0
0.06080000    0
0.06082000    0
0.06084000    0
0.06086000    0
0.06088000    0
0.06090000    0
0.06092000    0
0.06094000    0
0.06096000    0
0.06098000    0
0.06100000    0
0.06102000    0
0.06104000    0
0.06106000    0
0.06108000    0
0.06110000    0
0.06112000    0
0.06114000    0
0.06116000    0
0.06118000    0
0.06120000    0
0.06122000    0
0.06124000    0
0.06126000    0
0.06128000    0
0.06130000    0
0.06132000    0
0.06134000    0
0.06136000    0
0.06138000    0
0.06140000    0
0.06142000    0
0.06144000    0
0.06146000    0
0.06148000    0
0.06150000    0
0.06152000    0
0.06154000    0
0.06156000    0
0.06158000    0
0.06160000    0
0.06162000    0
0.06164000    0
0.06166000    0
0.06168000    0
0.06170000    0
0.06172000    0
0.06174000    0
0.06176000    0
0.06178000    0
0.06180000    0
0.06182000    0
0.06184000    0
0.06186000    0
0.06188000    0
0.06190000    0
0.06192000    0
0.06194000    0
0.06196000    0
0.06198000    0
0.06200000    0
0.06202000    0
0.06204000    0
0.06206000    0
0.06208000    0
0.06210000    0
0.06212000    0
0.06214000    0
0.06216000    0
0.06218000    0
0.06220000    0
0.06222000    0
0.06224000    0
0.06226000    0
0.06228000    0
0.06230000    0
0.06232000    0
0.06234000    0
0.06236000    0
0.06238000    0
0.06240000    0
0.06242000    0
0.06244000    0
0.06246000    0
0.06248000    0
0.06250000    0
0.06252000    0
0.06254000    0
0.06256000    0
0.06258000    0
0.06260000    0
0.06262000    0
0.06264000    0
0.06266000    0
0.06268000    0
0.06270000    0
0.06272000    0
0.06274000    0
0.06276000    0
0.06278000    0
0.06280000    0
0.06282000    0
0.06284000    0
0.06286000    0
0.06288000    0
0.06290000    0
0.06292000    0
0.06294000    0
0.06296000    0
0.06298000    0
0.06300000    0
